
	|-----------------------------------------------------------------|
	|    Copyright (C) 2011-2020 (DRIP, DROP)
	|-----------------------------------------------------------------|
	|    Build Version  => 4.76.0 multi mode
	|    Build JVM (TM) => 1.8.0_112
	|    Build Snap     => Mon Apr 27 09:22:59 EST 2020
	|    Start Time     => Thu Apr 30 21:05:11 EDT 2020
	|    Setup Time     => Thu Apr 30 21:05:12 EDT 2020
	|    Setup Duration => 1 s 209 ms
	|-----------------------------------------------------------------|


	||-------------------------------------------||
	||                R^1 METRICS                ||
	||-------------------------------------------||
	||    L -> R:                                ||
	||            - Mean                         ||
	||            - Error                        ||
	||            - Variance                     ||
	||            - Standard Deviation           ||
	||-------------------------------------------||
	|| -0.00490 |  0.79866 |  0.99996 |  0.99998 ||
	|| -0.00539 |  0.79590 |  0.99995 |  0.99998 ||
	|| -0.00058 |  0.79823 |  0.99998 |  0.99999 ||
	|| -0.00057 |  0.79504 |  0.99998 |  0.99999 ||
	||  0.00833 |  0.79805 |  0.99991 |  0.99996 ||
	|| -0.00873 |  0.79796 |  0.99990 |  0.99995 ||
	||  0.00299 |  0.79929 |  0.99997 |  0.99999 ||
	||  0.00003 |  0.79752 |  0.99998 |  0.99999 ||
	|| -0.00315 |  0.79785 |  0.99997 |  0.99999 ||
	||-------------------------------------------||

	||------------------------------------------------------------------------------------------||
	||                                     INPUT CORRELATION                                    ||
	||------------------------------------------------------------------------------------------||
	||  1.00000 | 0.16100 | 0.24500 | 0.35200 | 0.25900 | 0.16600 | 0.00300 | 0.03800 | 0.11400 ||
	||  0.16100 | 1.00000 | 0.00000 | 0.00000 | 0.00000 | 0.00000 | 0.00000 | 0.00000 | 0.00000 ||
	||  0.24500 | 0.00000 | 1.00000 | 0.00000 | 0.00000 | 0.00000 | 0.00000 | 0.00000 | 0.00000 ||
	||  0.35200 | 0.00000 | 0.00000 | 1.00000 | 0.00000 | 0.00000 | 0.00000 | 0.00000 | 0.00000 ||
	||  0.25900 | 0.00000 | 0.00000 | 0.00000 | 1.00000 | 0.00000 | 0.00000 | 0.00000 | 0.00000 ||
	||  0.16600 | 0.00000 | 0.00000 | 0.00000 | 0.00000 | 1.00000 | 0.00000 | 0.00000 | 0.00000 ||
	||  0.00300 | 0.00000 | 0.00000 | 0.00000 | 0.00000 | 0.00000 | 1.00000 | 0.00000 | 0.00000 ||
	||  0.03800 | 0.00000 | 0.00000 | 0.00000 | 0.00000 | 0.00000 | 0.00000 | 1.00000 | 0.00000 ||
	||  0.11400 | 0.00000 | 0.00000 | 0.00000 | 0.00000 | 0.00000 | 0.00000 | 0.00000 | 1.00000 ||
	||------------------------------------------------------------------------------------------||

	||------------------------------------------------------------------------------------------||
	||                                    OUTPUT CORRELATION                                    ||
	||------------------------------------------------------------------------------------------||
	||  1.00000 | 0.16144 | 0.24597 | 0.35470 | 0.26342 | 0.15900 | 0.00022 | 0.03601 | 0.11848 ||
	||  0.16144 | 1.00000 |-0.00515 | 0.00773 | 0.00227 | 0.00346 | 0.00472 |-0.00358 | 0.00063 ||
	||  0.24597 |-0.00515 | 1.00000 | 0.00117 | 0.00903 |-0.00030 |-0.00795 |-0.00540 |-0.00426 ||
	||  0.35470 | 0.00773 | 0.00117 | 1.00000 | 0.00037 | 0.00021 | 0.00240 |-0.00342 | 0.00483 ||
	||  0.26342 | 0.00227 | 0.00903 | 0.00037 | 1.00000 | 0.00571 | 0.00069 | 0.00154 | 0.00548 ||
	||  0.15900 | 0.00346 |-0.00030 | 0.00021 | 0.00571 | 1.00000 | 0.00059 |-0.00087 | 0.00291 ||
	||  0.00022 | 0.00472 |-0.00795 | 0.00240 | 0.00069 | 0.00059 | 1.00000 | 0.01130 |-0.00288 ||
	||  0.03601 |-0.00358 |-0.00540 |-0.00342 | 0.00154 |-0.00087 | 0.01130 | 1.00000 |-0.00335 ||
	||  0.11848 | 0.00063 |-0.00426 | 0.00483 | 0.00548 | 0.00291 |-0.00288 |-0.00335 | 1.00000 ||
	||------------------------------------------------------------------------------------------||

	||------------------------------------------------------------------------------------------||
	||                                    OUTPUT COVARIANCE                                     ||
	||------------------------------------------------------------------------------------------||
	||  0.99996 | 0.16143 | 0.24597 | 0.35469 | 0.26341 | 0.15899 | 0.00022 | 0.03600 | 0.11847 ||
	||  0.16143 | 0.99995 |-0.00515 | 0.00773 | 0.00227 | 0.00346 | 0.00472 |-0.00358 | 0.00063 ||
	||  0.24597 |-0.00515 | 0.99998 | 0.00117 | 0.00903 |-0.00030 |-0.00795 |-0.00540 |-0.00426 ||
	||  0.35469 | 0.00773 | 0.00117 | 0.99998 | 0.00037 | 0.00021 | 0.00240 |-0.00342 | 0.00483 ||
	||  0.26341 | 0.00227 | 0.00903 | 0.00037 | 0.99991 | 0.00571 | 0.00069 | 0.00154 | 0.00548 ||
	||  0.15899 | 0.00346 |-0.00030 | 0.00021 | 0.00571 | 0.99990 | 0.00059 |-0.00087 | 0.00291 ||
	||  0.00022 | 0.00472 |-0.00795 | 0.00240 | 0.00069 | 0.00059 | 0.99997 | 0.01130 |-0.00288 ||
	||  0.03600 |-0.00358 |-0.00540 |-0.00342 | 0.00154 |-0.00087 | 0.01130 | 0.99998 |-0.00335 ||
	||  0.11847 | 0.00063 |-0.00426 | 0.00483 | 0.00548 | 0.00291 |-0.00288 |-0.00335 | 0.99997 ||
	||------------------------------------------------------------------------------------------||


	|-----------------------------------------------------------------|
	|    Copyright (C) 2011-2020 (DRIP, DROP)
	|-----------------------------------------------------------------|
	|    Build Version  => 4.76.0 multi mode
	|    Build JVM (TM) => 1.8.0_112
	|    Build Snap     => Mon Apr 27 09:22:59 EST 2020
	|    Start Time     => Thu Apr 30 21:05:11 EDT 2020
	|    Setup Time     => Thu Apr 30 21:05:12 EDT 2020
	|    Finish Time    => Thu Apr 30 21:05:16 EDT 2020
	|    Setup Duration => 1 s 209 ms
	|    Run Duration   => 3 s 589 ms
	|-----------------------------------------------------------------|

