
	|-----------------------------------------------------------------|
	|    Copyright (C) 2011-2020 (DRIP, DROP)
	|-----------------------------------------------------------------|
	|    Build Version  => 4.76.0 multi mode
	|    Build JVM (TM) => 1.8.0_112
	|    Build Snap     => Mon Apr 27 09:22:59 EST 2020
	|    Start Time     => Thu Apr 30 21:06:37 EDT 2020
	|    Setup Time     => Thu Apr 30 21:06:38 EDT 2020
	|    Setup Duration => 1 s 397 ms
	|-----------------------------------------------------------------|


	||-------------------------------------------||
	||                R^1 METRICS                ||
	||-------------------------------------------||
	||    L -> R:                                ||
	||            - Mean                         ||
	||            - Error                        ||
	||            - Variance                     ||
	||            - Standard Deviation           ||
	||-------------------------------------------||
	|| -0.00008 |  0.79727 |  0.99487 |  0.99743 ||
	|| -0.00630 |  0.80212 |  1.00998 |  1.00498 ||
	||  0.00109 |  0.79838 |  1.00200 |  1.00100 ||
	||  0.00839 |  0.79787 |  1.00048 |  1.00024 ||
	||  0.00707 |  0.79609 |  0.99977 |  0.99988 ||
	|| -0.00523 |  0.79604 |  0.99406 |  0.99703 ||
	|| -0.00005 |  0.79835 |  1.00174 |  1.00087 ||
	|| -0.00378 |  0.80000 |  1.00436 |  1.00218 ||
	|| -0.00347 |  0.79594 |  0.99637 |  0.99818 ||
	||-------------------------------------------||

	||------------------------------------------------------------------------------------------||
	||                                     INPUT CORRELATION                                    ||
	||------------------------------------------------------------------------------------------||
	||  1.00000 | 0.16100 | 0.24500 | 0.35200 | 0.25900 | 0.16600 | 0.00300 | 0.03800 | 0.11400 ||
	||  0.16100 | 1.00000 | 0.00000 | 0.00000 | 0.00000 | 0.00000 | 0.00000 | 0.00000 | 0.00000 ||
	||  0.24500 | 0.00000 | 1.00000 | 0.00000 | 0.00000 | 0.00000 | 0.00000 | 0.00000 | 0.00000 ||
	||  0.35200 | 0.00000 | 0.00000 | 1.00000 | 0.00000 | 0.00000 | 0.00000 | 0.00000 | 0.00000 ||
	||  0.25900 | 0.00000 | 0.00000 | 0.00000 | 1.00000 | 0.00000 | 0.00000 | 0.00000 | 0.00000 ||
	||  0.16600 | 0.00000 | 0.00000 | 0.00000 | 0.00000 | 1.00000 | 0.00000 | 0.00000 | 0.00000 ||
	||  0.00300 | 0.00000 | 0.00000 | 0.00000 | 0.00000 | 0.00000 | 1.00000 | 0.00000 | 0.00000 ||
	||  0.03800 | 0.00000 | 0.00000 | 0.00000 | 0.00000 | 0.00000 | 0.00000 | 1.00000 | 0.00000 ||
	||  0.11400 | 0.00000 | 0.00000 | 0.00000 | 0.00000 | 0.00000 | 0.00000 | 0.00000 | 1.00000 ||
	||------------------------------------------------------------------------------------------||

	||------------------------------------------------------------------------------------------||
	||                                    OUTPUT CORRELATION                                    ||
	||------------------------------------------------------------------------------------------||
	||  1.00000 | 0.16512 | 0.23841 | 0.35565 | 0.26197 | 0.16746 | 0.00517 | 0.03050 | 0.11026 ||
	||  0.16512 | 1.00000 | 0.00226 | 0.00365 | 0.00394 |-0.00465 | 0.00471 |-0.00721 | 0.00316 ||
	||  0.23841 | 0.00226 | 1.00000 |-0.00119 |-0.00800 | 0.00971 |-0.00330 |-0.00975 |-0.00676 ||
	||  0.35565 | 0.00365 |-0.00119 | 1.00000 | 0.00686 |-0.00752 |-0.00267 |-0.00119 |-0.00867 ||
	||  0.26197 | 0.00394 |-0.00800 | 0.00686 | 1.00000 |-0.00299 | 0.00130 | 0.00245 | 0.00067 ||
	||  0.16746 |-0.00465 | 0.00971 |-0.00752 |-0.00299 | 1.00000 | 0.00281 |-0.00023 |-0.00297 ||
	||  0.00517 | 0.00471 |-0.00330 |-0.00267 | 0.00130 | 0.00281 | 1.00000 | 0.00189 | 0.00456 ||
	||  0.03050 |-0.00721 |-0.00975 |-0.00119 | 0.00245 |-0.00023 | 0.00189 | 1.00000 | 0.00030 ||
	||  0.11026 | 0.00316 |-0.00676 |-0.00867 | 0.00067 |-0.00297 | 0.00456 | 0.00030 | 1.00000 ||
	||------------------------------------------------------------------------------------------||

	||------------------------------------------------------------------------------------------||
	||                                    OUTPUT COVARIANCE                                     ||
	||------------------------------------------------------------------------------------------||
	||  0.99487 | 0.16552 | 0.23803 | 0.35482 | 0.26127 | 0.16654 | 0.00516 | 0.03049 | 0.10978 ||
	||  0.16552 | 1.00998 | 0.00227 | 0.00367 | 0.00396 |-0.00466 | 0.00473 |-0.00726 | 0.00317 ||
	||  0.23803 | 0.00227 | 1.00200 |-0.00119 |-0.00801 | 0.00969 |-0.00331 |-0.00978 |-0.00676 ||
	||  0.35482 | 0.00367 |-0.00119 | 1.00048 | 0.00686 |-0.00750 |-0.00268 |-0.00119 |-0.00865 ||
	||  0.26127 | 0.00396 |-0.00801 | 0.00686 | 0.99977 |-0.00298 | 0.00130 | 0.00246 | 0.00067 ||
	||  0.16654 |-0.00466 | 0.00969 |-0.00750 |-0.00298 | 0.99406 | 0.00281 |-0.00023 |-0.00295 ||
	||  0.00516 | 0.00473 |-0.00331 |-0.00268 | 0.00130 | 0.00281 | 1.00174 | 0.00190 | 0.00455 ||
	||  0.03049 |-0.00726 |-0.00978 |-0.00119 | 0.00246 |-0.00023 | 0.00190 | 1.00436 | 0.00030 ||
	||  0.10978 | 0.00317 |-0.00676 |-0.00865 | 0.00067 |-0.00295 | 0.00455 | 0.00030 | 0.99637 ||
	||------------------------------------------------------------------------------------------||


	|-----------------------------------------------------------------|
	|    Copyright (C) 2011-2020 (DRIP, DROP)
	|-----------------------------------------------------------------|
	|    Build Version  => 4.76.0 multi mode
	|    Build JVM (TM) => 1.8.0_112
	|    Build Snap     => Mon Apr 27 09:22:59 EST 2020
	|    Start Time     => Thu Apr 30 21:06:37 EDT 2020
	|    Setup Time     => Thu Apr 30 21:06:38 EDT 2020
	|    Finish Time    => Thu Apr 30 21:06:42 EDT 2020
	|    Setup Duration => 1 s 397 ms
	|    Run Duration   => 4 s 193 ms
	|-----------------------------------------------------------------|

