
	|-----------------------------------------------------------------|
	|    Copyright (C) 2011-2020 (DRIP, DROP)
	|-----------------------------------------------------------------|
	|    Build Version  => 4.76.0 multi mode
	|    Build JVM (TM) => 1.8.0_112
	|    Build Snap     => Mon Apr 27 09:22:59 EST 2020
	|    Start Time     => Thu Apr 30 21:04:44 EDT 2020
	|    Setup Time     => Thu Apr 30 21:04:45 EDT 2020
	|    Setup Duration => 1 s 388 ms
	|-----------------------------------------------------------------|



	|-------------------------------------------------------------------||
	| Mean/Variance/Standard Deviation [TOK] =>  4.27% |  3.25 |  0.94% ||
	| Mean/Variance/Standard Deviation [EWJ] =>  0.56% |  3.29 |  0.95% ||
	| Mean/Variance/Standard Deviation [HYG] =>  4.86% |  1.74 |  0.50% ||
	| Mean/Variance/Standard Deviation [LQD] =>  5.43% |  0.72 |  0.21% ||
	| Mean/Variance/Standard Deviation [EMD] =>  1.09% |  1.65 |  0.48% ||
	| Mean/Variance/Standard Deviation [GSG] => -13.71% |  6.19 |  1.79% ||
	| Mean/Variance/Standard Deviation [BWX] =>  1.91% |  0.83 |  0.24% ||
	|-------------------------------------------------------------------||




	|------------------------------------------------------||
	|     | TOK  | EWJ  | HYG  | LQD  | EMD  | GSG  | BWX  ||
	|------------------------------------------------------||
	| TOK | 3.25 | 2.47 | 1.89 | 0.58 | 1.39 | 2.75 | 0.84 ||
	| EWJ | 2.47 | 3.29 | 1.55 | 0.54 | 1.31 | 1.96 | 0.67 ||
	| HYG | 1.89 | 1.55 | 1.74 | 0.76 | 1.25 | 1.32 | 0.62 ||
	| LQD | 0.58 | 0.54 | 0.76 | 0.72 | 0.79 | 0.05 | 0.44 ||
	| EMD | 1.39 | 1.31 | 1.25 | 0.79 | 1.65 | 0.98 | 0.78 ||
	| GSG | 2.75 | 1.96 | 1.32 | 0.05 | 0.98 | 6.19 | 0.89 ||
	| BWX | 0.84 | 0.67 | 0.62 | 0.44 | 0.78 | 0.89 | 0.83 ||
	|------------------------------------------------------||




	|------------------------------------------------------||
	|     | TOK  | EWJ  | HYG  | LQD  | EMD  | GSG  | BWX  ||
	|------------------------------------------------------||
	| TOK | 1.00 | 0.76 | 0.80 | 0.38 | 0.60 | 0.61 | 0.51 ||
	| EWJ | 0.76 | 1.00 | 0.65 | 0.35 | 0.56 | 0.43 | 0.40 ||
	| HYG | 0.80 | 0.65 | 1.00 | 0.68 | 0.74 | 0.40 | 0.51 ||
	| LQD | 0.38 | 0.35 | 0.68 | 1.00 | 0.72 | 0.02 | 0.57 ||
	| EMD | 0.60 | 0.56 | 0.74 | 0.72 | 1.00 | 0.31 | 0.67 ||
	| GSG | 0.61 | 0.43 | 0.40 | 0.02 | 0.31 | 1.00 | 0.39 ||
	| BWX | 0.51 | 0.40 | 0.51 | 0.57 | 0.67 | 0.39 | 1.00 ||
	|------------------------------------------------------||



	|-----------------------------------------------------------------|
	|    Copyright (C) 2011-2020 (DRIP, DROP)
	|-----------------------------------------------------------------|
	|    Build Version  => 4.76.0 multi mode
	|    Build JVM (TM) => 1.8.0_112
	|    Build Snap     => Mon Apr 27 09:22:59 EST 2020
	|    Start Time     => Thu Apr 30 21:04:44 EDT 2020
	|    Setup Time     => Thu Apr 30 21:04:45 EDT 2020
	|    Finish Time    => Thu Apr 30 21:04:45 EDT 2020
	|    Setup Duration => 1 s 388 ms
	|    Run Duration   => 145 ms
	|-----------------------------------------------------------------|

