
	|-----------------------------------------------------------------|
	|    Copyright (C) 2011-2019 (DRIP, DROP)
	|-----------------------------------------------------------------|
	|    Build Version  => 4.01.0 multi mode
	|    Build JVM (TM) => 1.8.0_112
	|    Build Snap     => Mon Jan 28 20:28:11 EST 2018
	|    Start Time     => Thu Jan 31 20:08:54 EST 2019
	|    Setup Time     => Thu Jan 31 20:08:54 EST 2019
	|    Setup Duration => 411 ms
	|-----------------------------------------------------------------|


	|----------------------------------------|
	|----------- 0.0608 |||  0.3295 ---------|
	|----------------------------------------|
	[ 0.6649] =>  0.1284 | -0.7071 |  0.6954 | 
	[ 1.0000] =>  0.9834 |  0.0000 | -0.1816 | 
	[ 1.3351] =>  0.1284 |  0.7071 |  0.6954 | 
	[ 1.3351] =>  0.1284 |  0.7071 |  0.6954 | 
	|----------------------------------------|

	|----------------------------------------|
	|----------- 0.3629 |||  0.2897 ---------|
	|----------------------------------------|
	[ 0.5357] =>  0.5526 | -0.7071 |  0.4411 | 
	[ 1.0000] =>  0.6239 |  0.0000 | -0.7815 | 
	[ 1.4643] =>  0.5526 |  0.7071 |  0.4411 | 
	[ 1.4643] =>  0.5526 |  0.7071 |  0.4411 | 
	|----------------------------------------|

	|----------------------------------------|
	|----------- 0.4519 |||  0.1238 ---------|
	|----------------------------------------|
	[ 0.5314] =>  0.6820 | -0.7071 |  0.1869 | 
	[ 1.0000] =>  0.2643 |  0.0000 | -0.9645 | 
	[ 1.4686] =>  0.6820 |  0.7071 |  0.1869 | 
	[ 1.4686] =>  0.6820 |  0.7071 |  0.1869 | 
	|----------------------------------------|

	|----------------------------------------|
	|----------- 0.1162 |||  0.2666 ---------|
	|----------------------------------------|
	[ 0.7092] =>  0.2826 | -0.7071 |  0.6482 | 
	[ 1.0000] =>  0.9167 |  0.0000 | -0.3996 | 
	[ 1.2908] =>  0.2826 |  0.7071 |  0.6482 | 
	[ 1.2908] =>  0.2826 |  0.7071 |  0.6482 | 
	|----------------------------------------|

	|----------------------------------------|
	|----------- 0.2835 |||  0.1658 ---------|
	|----------------------------------------|
	[ 0.6716] =>  0.6104 | -0.7071 |  0.3570 | 
	[ 1.0000] =>  0.5049 |  0.0000 | -0.8632 | 
	[ 1.3284] =>  0.6104 |  0.7071 |  0.3570 | 
	[ 1.3284] =>  0.6104 |  0.7071 |  0.3570 | 
	|----------------------------------------|

	|----------------------------------------|
	|----------- 0.1587 |||  0.2453 ---------|
	|----------------------------------------|
	[ 0.7078] =>  0.3841 | -0.7071 |  0.5937 | 
	[ 1.0000] =>  0.8396 |  0.0000 | -0.5432 | 
	[ 1.2922] =>  0.3841 |  0.7071 |  0.5937 | 
	[ 1.2922] =>  0.3841 |  0.7071 |  0.5937 | 
	|----------------------------------------|

	|----------------------------------------|
	|----------- 0.0392 |||  0.2961 ---------|
	|----------------------------------------|
	[ 0.7013] =>  0.0929 | -0.7071 |  0.7010 | 
	[ 1.0000] =>  0.9913 |  0.0000 | -0.1313 | 
	[ 1.2987] =>  0.0929 |  0.7071 |  0.7010 | 
	[ 1.2987] =>  0.0929 |  0.7071 |  0.7010 | 
	|----------------------------------------|

	|-----------------------------------------------------------------|
	|    Copyright (C) 2011-2019 (DRIP, DROP)
	|-----------------------------------------------------------------|
	|    Build Version  => 4.01.0 multi mode
	|    Build JVM (TM) => 1.8.0_112
	|    Build Snap     => Mon Jan 28 20:28:11 EST 2018
	|    Start Time     => Thu Jan 31 20:08:54 EST 2019
	|    Setup Time     => Thu Jan 31 20:08:54 EST 2019
	|    Finish Time    => Thu Jan 31 20:08:54 EST 2019
	|    Setup Duration => 411 ms
	|    Run Duration   => 66 ms
	|-----------------------------------------------------------------|

