
	|-----------------------------------------------------------------|
	|    Copyright (C) 2011-2020 (DRIP, DROP)
	|-----------------------------------------------------------------|
	|    Build Version  => 4.71.0 multi mode
	|    Build JVM (TM) => 1.8.0_112
	|    Build Snap     => Wed Mar 18 21:34:32 EST 2020
	|    Start Time     => Thu Mar 26 10:19:17 EDT 2020
	|    Setup Time     => Thu Mar 26 10:19:19 EDT 2020
	|    Setup Duration => 1 s 757 ms
	|-----------------------------------------------------------------|


	|----------------------------------------|
	|----------- 0.3113 |||  0.3040 ---------|
	|----------------------------------------|
	[ 0.5648] =>  0.5059 | -0.7071 |  0.4940 | 
	[ 1.0000] =>  0.6987 |  0.0000 | -0.7154 | 
	[ 1.4352] =>  0.5059 |  0.7071 |  0.4940 | 
	[ 1.4352] =>  0.5059 |  0.7071 |  0.4940 | 
	|----------------------------------------|

	|----------------------------------------|
	|----------- 0.3311 |||  0.0891 ---------|
	|----------------------------------------|
	[ 0.6571] =>  0.6828 | -0.7071 |  0.1838 | 
	[ 1.0000] =>  0.2599 |  0.0000 | -0.9656 | 
	[ 1.3429] =>  0.6828 |  0.7071 |  0.1838 | 
	[ 1.3429] =>  0.6828 |  0.7071 |  0.1838 | 
	|----------------------------------------|

	|----------------------------------------|
	|----------- 0.0760 |||  0.3185 ---------|
	|----------------------------------------|
	[ 0.6726] =>  0.1641 | -0.7071 |  0.6878 | 
	[ 1.0000] =>  0.9727 |  0.0000 | -0.2320 | 
	[ 1.3274] =>  0.1641 |  0.7071 |  0.6878 | 
	[ 1.3274] =>  0.1641 |  0.7071 |  0.6878 | 
	|----------------------------------------|

	|----------------------------------------|
	|----------- 0.0218 |||  0.2065 ---------|
	|----------------------------------------|
	[ 0.7923] =>  0.0744 | -0.7071 |  0.7032 | 
	[ 1.0000] =>  0.9945 |  0.0000 | -0.1051 | 
	[ 1.2077] =>  0.0743 |  0.7071 |  0.7032 | 
	[ 1.2077] =>  0.0743 |  0.7071 |  0.7032 | 
	|----------------------------------------|

	|-----------------------------------------------------------------|
	|    Copyright (C) 2011-2020 (DRIP, DROP)
	|-----------------------------------------------------------------|
	|    Build Version  => 4.71.0 multi mode
	|    Build JVM (TM) => 1.8.0_112
	|    Build Snap     => Wed Mar 18 21:34:32 EST 2020
	|    Start Time     => Thu Mar 26 10:19:17 EDT 2020
	|    Setup Time     => Thu Mar 26 10:19:19 EDT 2020
	|    Finish Time    => Thu Mar 26 10:19:19 EDT 2020
	|    Setup Duration => 1 s 757 ms
	|    Run Duration   => 168 ms
	|-----------------------------------------------------------------|

