
	|-----------------------------------------------------------------|
	|    Copyright (C) 2011-2020 (DRIP, DROP)
	|-----------------------------------------------------------------|
	|    Build Version  => 4.55.0 multi mode
	|    Build JVM (TM) => 1.8.0_112
	|    Build Snap     => Mon Dec 23 04:05:35 EST 2019
	|    Start Time     => Mon Dec 23 09:46:16 EST 2019
	|    Setup Time     => Mon Dec 23 09:46:17 EST 2019
	|    Setup Duration => 1 s 172 ms
	|-----------------------------------------------------------------|



	|------------------------------------------------------------------------------------------------||
	|                                  CROSS ASSET COVARIANCE MATRIX                                 ||
	|------------------------------------------------------------------------------------------------||
	|     |    TOK     |    EWJ     |    HYG     |    LQD     |    EMD     |    GSG     |    BWX     ||
	|------------------------------------------------------------------------------------------------||
	| TOK | 0.00273300 | 0.00208300 | 0.00159300 | 0.00048800 | 0.00117200 | 0.00231200 | 0.00071000 ||
	| EWJ | 0.00208300 | 0.00276800 | 0.00130200 | 0.00045700 | 0.00110500 | 0.00164700 | 0.00056300 ||
	| HYG | 0.00159300 | 0.00130200 | 0.00146300 | 0.00063900 | 0.00105000 | 0.00111000 | 0.00051900 ||
	| LQD | 0.00048800 | 0.00045700 | 0.00063900 | 0.00060800 | 0.00066300 | 0.00004200 | 0.00037000 ||
	| EMD | 0.00117200 | 0.00110500 | 0.00105000 | 0.00066300 | 0.00138900 | 0.00082500 | 0.00066100 ||
	| GSG | 0.00231200 | 0.00164700 | 0.00111000 | 0.00004200 | 0.00082500 | 0.00521100 | 0.00074900 ||
	| BWX | 0.00071000 | 0.00056300 | 0.00051900 | 0.00037000 | 0.00066100 | 0.00074900 | 0.00070300 ||
	|------------------------------------------------------------------------------------------------||


	|-------------------||
	|   ASSET BOUNDS    ||
	|-------------------||
	| TOK |  05% |  40% ||
	| EWJ |  05% |  40% ||
	| HYG |  05% |  30% ||
	| LQD |  10% |  60% ||
	| EMD |  05% |  35% ||
	| GSG |  05% |  15% ||
	| BWX |  03% |  50% ||
	|-------------------||


	|--------------------------------------------||
	|  INTERIOR POINT METHOD BARRIER PARAMETERS  ||
	|--------------------------------------------||
	|    Barrier Decay Velocity        : 2.0
	|    Barrier Decay Steps           : 70
	|    Initial Barrier Strength      : 10000.0
	|    Barrier Convergence Tolerance : 0.05
	|--------------------------------------------||


	|------------------------------||
	|    OPTIMAL  ASSET  WEIGHTS   ||
	|------------------------------||
	| ASSET |   DROP   |   EXCEL   ||
	|------------------------------||
	|  TOK  | 18.1449% |  18.1258% ||
	|  EWJ  | 08.9300% |  08.9530% ||
	|  HYG  | 30.0000% |  30.0000% ||
	|  LQD  | 29.7484% |  29.7434% ||
	|  EMD  | 05.0000% |  05.0000% ||
	|  GSG  | 05.1767% |  05.1778% ||
	|  BWX  | 03.0000% |  03.0000% ||
	|------------------------------||


	|-------------------------------------------------------------||
	| Optimal Portfolio Normalize                     :  1.0000   ||
	| Optimal Portfolio Input Return                  :  0.5500%  ||
	| Optimal Portfolio Expected Return               :  0.5500%  ||
	| Optimal Portfolio Standard Deviation            :  3.2084%  ||
	| Excel Portfolio Standard Deviation (Calculated) :  3.2084%  ||
	| Excel Portfolio Standard Deviation (Input)      :  3.2085%  ||
	|-------------------------------------------------------------||


	|-----------------------------------------------------------------|
	|    Copyright (C) 2011-2020 (DRIP, DROP)
	|-----------------------------------------------------------------|
	|    Build Version  => 4.55.0 multi mode
	|    Build JVM (TM) => 1.8.0_112
	|    Build Snap     => Mon Dec 23 04:05:35 EST 2019
	|    Start Time     => Mon Dec 23 09:46:16 EST 2019
	|    Setup Time     => Mon Dec 23 09:46:17 EST 2019
	|    Finish Time    => Mon Dec 23 09:46:17 EST 2019
	|    Setup Duration => 1 s 172 ms
	|    Run Duration   => 293 ms
	|-----------------------------------------------------------------|

