

	|------------------------------------------------------------------------------------------------||
	|                                  CROSS ASSET COVARIANCE MATRIX                                 ||
	|------------------------------------------------------------------------------------------------||
	|     |    TOK     |    EWJ     |    HYG     |    LQD     |    EMD     |    GSG     |    BWX     ||
	|------------------------------------------------------------------------------------------------||
	| TOK | 0.00273300 | 0.00208300 | 0.00159300 | 0.00048800 | 0.00117200 | 0.00231200 | 0.00071000 ||
	| EWJ | 0.00208300 | 0.00276800 | 0.00130200 | 0.00045700 | 0.00110500 | 0.00164700 | 0.00056300 ||
	| HYG | 0.00159300 | 0.00130200 | 0.00146300 | 0.00063900 | 0.00105000 | 0.00111000 | 0.00051900 ||
	| LQD | 0.00048800 | 0.00045700 | 0.00063900 | 0.00060800 | 0.00066300 | 0.00004200 | 0.00037000 ||
	| EMD | 0.00117200 | 0.00110500 | 0.00105000 | 0.00066300 | 0.00138900 | 0.00082500 | 0.00066100 ||
	| GSG | 0.00231200 | 0.00164700 | 0.00111000 | 0.00004200 | 0.00082500 | 0.00521100 | 0.00074900 ||
	| BWX | 0.00071000 | 0.00056300 | 0.00051900 | 0.00037000 | 0.00066100 | 0.00074900 | 0.00070300 ||
	|------------------------------------------------------------------------------------------------||


	|-------------------||
	|   ASSET BOUNDS    ||
	|-------------------||
	| TOK |  00% |  30% ||
	| EWJ |  00% |  30% ||
	| HYG |  00% |  30% ||
	| LQD |  00% |  50% ||
	| EMD |  00% |  30% ||
	| GSG |  00% |  30% ||
	| BWX |  00% |  50% ||
	|-------------------||


	|--------------------------------------------||
	|  INTERIOR POINT METHOD BARRIER PARAMETERS  ||
	|--------------------------------------------||
	|    Barrier Decay Velocity        : 2.0
	|    Barrier Decay Steps           : 70
	|    Initial Barrier Strength      : 10000.0
	|    Barrier Convergence Tolerance : 0.05
	|--------------------------------------------||


	|------------------------------||
	|    OPTIMAL  ASSET  WEIGHTS   ||
	|------------------------------||
	| ASSET |   DRIP   |   EXCEL   ||
	|------------------------------||
	|  TOK  | 10.1468% |  10.1541% ||
	|  EWJ  | 05.0298% |  05.0369% ||
	|  HYG  | 05.7945% |  05.7521% ||
	|  LQD  | 39.0970% |  39.1489% ||
	|  EMD  | 16.2348% |  16.2554% ||
	|  GSG  | 04.2860% |  04.2900% ||
	|  BWX  | 19.4111% |  19.3626% ||
	|------------------------------||


	|-------------------------------------------------------------||
	| Optimal Portfolio Normalize                     :  1.0000   ||
	| Optimal Portfolio Input Return                  :  0.5319%  ||
	| Optimal Portfolio Expected Return               :  0.5319%  ||
	| Optimal Portfolio Standard Deviation            :  2.6571%  ||
	| Excel Portfolio Standard Deviation (Calculated) :  2.6571%  ||
	| Excel Portfolio Standard Deviation (Input)      :  2.6572%  ||
	|-------------------------------------------------------------||

