

	|------------------------------------------------------------------------------------------------||
	|                                  CROSS ASSET COVARIANCE MATRIX                                 ||
	|------------------------------------------------------------------------------------------------||
	|     |    TOK     |    EWJ     |    HYG     |    LQD     |    EMD     |    GSG     |    BWX     ||
	|------------------------------------------------------------------------------------------------||
	| TOK | 0.00273300 | 0.00208300 | 0.00159300 | 0.00048800 | 0.00117200 | 0.00231200 | 0.00071000 ||
	| EWJ | 0.00208300 | 0.00276800 | 0.00130200 | 0.00045700 | 0.00110500 | 0.00164700 | 0.00056300 ||
	| HYG | 0.00159300 | 0.00130200 | 0.00146300 | 0.00063900 | 0.00105000 | 0.00111000 | 0.00051900 ||
	| LQD | 0.00048800 | 0.00045700 | 0.00063900 | 0.00060800 | 0.00066300 | 0.00004200 | 0.00037000 ||
	| EMD | 0.00117200 | 0.00110500 | 0.00105000 | 0.00066300 | 0.00138900 | 0.00082500 | 0.00066100 ||
	| GSG | 0.00231200 | 0.00164700 | 0.00111000 | 0.00004200 | 0.00082500 | 0.00521100 | 0.00074900 ||
	| BWX | 0.00071000 | 0.00056300 | 0.00051900 | 0.00037000 | 0.00066100 | 0.00074900 | 0.00070300 ||
	|------------------------------------------------------------------------------------------------||


	|-------------------||
	|   ASSET BOUNDS    ||
	|-------------------||
	| TOK |  05% |  40% ||
	| EWJ |  05% |  40% ||
	| HYG | -10% |  30% ||
	| LQD |  10% |  60% ||
	| EMD | -10% |  35% ||
	| GSG | -10% |  15% ||
	| BWX | -10% |  50% ||
	|-------------------||


	|--------------------------------------------||
	|  INTERIOR POINT METHOD BARRIER PARAMETERS  ||
	|--------------------------------------------||
	|    Barrier Decay Velocity        : 2.0
	|    Barrier Decay Steps           : 70
	|    Initial Barrier Strength      : 10000.0
	|    Barrier Convergence Tolerance : 0.05
	|--------------------------------------------||


	|------------------------------||
	|    OPTIMAL  ASSET  WEIGHTS   ||
	|------------------------------||
	| ASSET |   DRIP   |   EXCEL   ||
	|------------------------------||
	|  TOK  | 40.0000% |  40.0000% ||
	|  EWJ  | 09.0550% |  09.0368% ||
	|  HYG  |-10.0000% | -10.0000% ||
	|  LQD  | 35.5790% |  35.6280% ||
	|  EMD  | 21.9260% |  21.9465% ||
	|  GSG  | 02.0353% |  02.0467% ||
	|  BWX  | 01.4047% |  01.3420% ||
	|------------------------------||


	|-------------------------------------------------------------||
	| Optimal Portfolio Normalize                     :  1.0000   ||
	| Optimal Portfolio Input Return                  :  0.6540%  ||
	| Optimal Portfolio Expected Return               :  0.6540%  ||
	| Optimal Portfolio Standard Deviation            :  3.3370%  ||
	| Excel Portfolio Standard Deviation (Calculated) :  3.3370%  ||
	| Excel Portfolio Standard Deviation (Input)      :  3.3370%  ||
	|-------------------------------------------------------------||

