

	|------------------------------------------------------------------------------------------------||
	|                                  CROSS ASSET COVARIANCE MATRIX                                 ||
	|------------------------------------------------------------------------------------------------||
	|     |    TOK     |    EWJ     |    HYG     |    LQD     |    EMD     |    GSG     |    BWX     ||
	|------------------------------------------------------------------------------------------------||
	| TOK | 0.00273300 | 0.00208300 | 0.00159300 | 0.00048800 | 0.00117200 | 0.00231200 | 0.00071000 ||
	| EWJ | 0.00208300 | 0.00276800 | 0.00130200 | 0.00045700 | 0.00110500 | 0.00164700 | 0.00056300 ||
	| HYG | 0.00159300 | 0.00130200 | 0.00146300 | 0.00063900 | 0.00105000 | 0.00111000 | 0.00051900 ||
	| LQD | 0.00048800 | 0.00045700 | 0.00063900 | 0.00060800 | 0.00066300 | 0.00004200 | 0.00037000 ||
	| EMD | 0.00117200 | 0.00110500 | 0.00105000 | 0.00066300 | 0.00138900 | 0.00082500 | 0.00066100 ||
	| GSG | 0.00231200 | 0.00164700 | 0.00111000 | 0.00004200 | 0.00082500 | 0.00521100 | 0.00074900 ||
	| BWX | 0.00071000 | 0.00056300 | 0.00051900 | 0.00037000 | 0.00066100 | 0.00074900 | 0.00070300 ||
	|------------------------------------------------------------------------------------------------||


	|-------------------||
	|   ASSET BOUNDS    ||
	|-------------------||
	| TOK |  00% |  30% ||
	| EWJ |  00% |  30% ||
	| HYG |  00% |  30% ||
	| LQD |  00% |  50% ||
	| EMD |  00% |  30% ||
	| GSG |  00% |  30% ||
	| BWX |  00% |  50% ||
	|-------------------||


	|--------------------------------------------||
	|  INTERIOR POINT METHOD BARRIER PARAMETERS  ||
	|--------------------------------------------||
	|    Barrier Decay Velocity        : 2.0
	|    Barrier Decay Steps           : 70
	|    Initial Barrier Strength      : 10000.0
	|    Barrier Convergence Tolerance : 0.05
	|--------------------------------------------||


	|------------------------------||
	|    OPTIMAL  ASSET  WEIGHTS   ||
	|------------------------------||
	| ASSET |   DRIP   |   EXCEL   ||
	|------------------------------||
	|  TOK  | 06.2799% |  06.2488% ||
	|  EWJ  | 05.9144% |  05.9355% ||
	|  HYG  | 18.9762% |  18.9894% ||
	|  LQD  | 19.3444% |  19.3201% ||
	|  EMD  | 20.1043% |  20.1137% ||
	|  GSG  | 05.2113% |  05.2097% ||
	|  BWX  | 24.1695% |  24.1828% ||
	|------------------------------||


	|-------------------------------------------------------------||
	| Optimal Portfolio Normalize                     :  1.0000   ||
	| Optimal Portfolio Input Return                  :  0.5682%  ||
	| Optimal Portfolio Expected Return               :  0.5682%  ||
	| Optimal Portfolio Standard Deviation            :  2.8549%  ||
	| Excel Portfolio Standard Deviation (Calculated) :  2.8549%  ||
	| Excel Portfolio Standard Deviation (Input)      :  2.8550%  ||
	|-------------------------------------------------------------||

