
	|-----------------------------------------------------------------|
	|    Copyright (C) 2011-2020 (DRIP, DROP)
	|-----------------------------------------------------------------|
	|    Build Version  => 4.69.0 multi mode
	|    Build JVM (TM) => 1.8.0_112
	|    Build Snap     => Fri Mar 12 11:51:11 EST 2020
	|    Start Time     => Sat Mar 14 03:08:04 EDT 2020
	|    Setup Time     => Sat Mar 14 03:08:06 EDT 2020
	|    Setup Duration => 1 s 664 ms
	|-----------------------------------------------------------------|


	|------------------------||
	| TAU   =>  0.05000000   ||
	| DELTA =>  2.50000000   ||
	|------------------------||

	|------------------------||
	|  ASSET EXCESS RETURNS  ||
	|------------------------||
	|   ID  => EQ WT |  VOL  ||
	|------------------------||
	| [AUS] => 01.6% | 16.0% ||
	| [CAD] => 02.2% | 20.3% ||
	| [FRA] => 05.2% | 24.8% ||
	| [GER] => 05.5% | 27.1% ||
	| [JPN] => 11.6% | 21.0% ||
	| [UK ] => 12.4% | 20.0% ||
	| [USA] => 61.5% | 18.7% ||
	|------------------------||

	|------------------------------------------------------------------------------------------------||
	|                           PRIOR CROSS ASSET CORRELATION MATRIX                                 ||
	|------------------------------------------------------------------------------------------------||
	|     |    AUS     |    CAD     |    FRA     |    GER     |    JPN     |    UK      |    USA     ||
	|------------------------------------------------------------------------------------------------||
	| AUS | 1.00000000 | 0.48800000 | 0.47800000 | 0.51500000 | 0.43900000 | 0.51200000 | 0.49100000 ||
	| CAD | 0.48800000 | 1.00000000 | 0.66400000 | 0.65500000 | 0.31000000 | 0.60800000 | 0.77900000 ||
	| FRA | 0.47800000 | 0.66400000 | 1.00000000 | 0.86100000 | 0.35500000 | 0.78300000 | 0.66800000 ||
	| GER | 0.51500000 | 0.65500000 | 0.86100000 | 1.00000000 | 0.35400000 | 0.77700000 | 0.65300000 ||
	| JPN | 0.43900000 | 0.31000000 | 0.35500000 | 0.35400000 | 1.00000000 | 0.40500000 | 0.30600000 ||
	| UK  | 0.51200000 | 0.60800000 | 0.78300000 | 0.77700000 | 0.40500000 | 1.00000000 | 0.65200000 ||
	| USA | 0.49100000 | 0.77900000 | 0.66800000 | 0.65300000 | 0.30600000 | 0.65200000 | 1.00000000 ||
	|------------------------------------------------------------------------------------------------||

	|------------------------------------------------------------------------------------------------||
	|                           PRIOR CROSS ASSET COVARIANCE MATRIX                                  ||
	|------------------------------------------------------------------------------------------------||
	|     |    AUS     |    CAD     |    FRA     |    GER     |    JPN     |    UK      |    USA     ||
	|------------------------------------------------------------------------------------------------||
	| AUS | 0.02560000 | 0.01585024 | 0.01896704 | 0.02233040 | 0.01475040 | 0.01638400 | 0.01469072 ||
	| CAD | 0.01585024 | 0.04120900 | 0.03342842 | 0.03603352 | 0.01321530 | 0.02468480 | 0.02957162 ||
	| FRA | 0.01896704 | 0.03342842 | 0.06150400 | 0.05786609 | 0.01848840 | 0.03883680 | 0.03097917 ||
	| GER | 0.02233040 | 0.03603352 | 0.05786609 | 0.07344100 | 0.02014614 | 0.04211340 | 0.03309208 ||
	| JPN | 0.01475040 | 0.01321530 | 0.01848840 | 0.02014614 | 0.04410000 | 0.01701000 | 0.01201662 ||
	| UK  | 0.01638400 | 0.02468480 | 0.03883680 | 0.04211340 | 0.01701000 | 0.04000000 | 0.02438480 ||
	| USA | 0.01469072 | 0.02957162 | 0.03097917 | 0.03309208 | 0.01201662 | 0.02438480 | 0.03496900 ||
	|------------------------------------------------------------------------------------------------||

	|------------------------------------------------------------------------------------------------||
	|                          VIEW SCOPING ASSET PROJECTION LOADING                                 ||
	|------------------------------------------------------------------------------------------------||
	|     |    AUS     |    CAD     |    FRA     |    GER     |    JPN     |    UK      |    USA     ||
	|------------------------------------------------------------------------------------------------||
	|  #0 | 0.00000000 | 0.00000000 |-0.29500000 | 1.00000000 | 0.00000000 |-0.70500000 | 0.00000000 ||
	|  #1 | 0.00000000 | 1.00000000 | 0.00000000 | 0.00000000 | 0.00000000 | 0.00000000 |-1.00000000 ||
	|------------------------------------------------------------------------------------------------||

	|------------------------------------------------------------------------------------------------||
	|------------------------------------------------------------------------------------------------||
	|  #0 | 0.00105000 | 0.00000000 | 5.00%
	|  #1 | 0.00000000 | 0.00085000 | 3.00%
	|------------------------------------------------------------------------------------------------||
	|------------------------------------------------------------------------------------------------||

	|------------------------------------------------------------------------------------------------||
	|                           JOINT CROSS ASSET COVARIANCE MATRIX                                  ||
	|------------------------------------------------------------------------------------------------||
	|     |    AUS     |    CAD     |    FRA     |    GER     |    JPN     |    UK      |    USA     ||
	|------------------------------------------------------------------------------------------------||
	| AUS | 0.00124701 | 0.00072368 | 0.00087022 | 0.00095079 | 0.00071954 | 0.00080390 | 0.00070080 ||
	| CAD | 0.00072368 | 0.00178406 | 0.00151270 | 0.00149747 | 0.00061508 | 0.00120575 | 0.00150303 ||
	| FRA | 0.00087022 | 0.00151270 | 0.00289005 | 0.00249953 | 0.00088210 | 0.00190550 | 0.00146602 ||
	| GER | 0.00095079 | 0.00149747 | 0.00249953 | 0.00282663 | 0.00091953 | 0.00202776 | 0.00145550 ||
	| JPN | 0.00071954 | 0.00061508 | 0.00088210 | 0.00091953 | 0.00219470 | 0.00084237 | 0.00058827 ||
	| UK  | 0.00080390 | 0.00120575 | 0.00190550 | 0.00202776 | 0.00084237 | 0.00199282 | 0.00120115 ||
	| USA | 0.00070080 | 0.00150303 | 0.00146602 | 0.00145550 | 0.00058827 | 0.00120115 | 0.00164624 ||
	|------------------------------------------------------------------------------------------------||

	|------------------------------------------------------------------------------------------------||
	|                         POSTERIOR CROSS ASSET COVARIANCE MATRIX                                ||
	|------------------------------------------------------------------------------------------------||
	|     |    AUS     |    CAD     |    FRA     |    GER     |    JPN     |    UK      |    USA     ||
	|------------------------------------------------------------------------------------------------||
	| AUS | 0.02684701 | 0.01657392 | 0.01983726 | 0.02328119 | 0.01546994 | 0.01718790 | 0.01539152 ||
	| CAD | 0.01657392 | 0.04299306 | 0.03494111 | 0.03753098 | 0.01383038 | 0.02589055 | 0.03107465 ||
	| FRA | 0.01983726 | 0.03494111 | 0.06439405 | 0.06036561 | 0.01937050 | 0.04074230 | 0.03244519 ||
	| GER | 0.02328119 | 0.03753098 | 0.06036561 | 0.07626763 | 0.02106567 | 0.04414116 | 0.03454758 ||
	| JPN | 0.01546994 | 0.01383038 | 0.01937050 | 0.02106567 | 0.04629470 | 0.01785237 | 0.01260489 ||
	| UK  | 0.01718790 | 0.02589055 | 0.04074230 | 0.04414116 | 0.01785237 | 0.04199282 | 0.02558595 ||
	| USA | 0.01539152 | 0.03107465 | 0.03244519 | 0.03454758 | 0.01260489 | 0.02558595 | 0.03661524 ||
	|------------------------------------------------------------------------------------------------||

	|------------------------||
	| JOINT/POSTERIOR RETURN ||
	|------------------------||
	|   ID  => RIOC  | HL99  ||
	|------------------------||
	| [AUS] => 04.4% | 04.4% ||
	| [CAD] => 08.7% | 08.7% ||
	| [FRA] => 09.5% | 09.5% ||
	| [GER] => 11.2% | 11.2% ||
	| [JPN] => 04.6% | 04.6% ||
	| [UK ] => 07.0% | 07.0% ||
	| [USA] => 07.5% | 07.5% ||
	|------------------------||

	|------------------------||
	| OPTIMAL POSTERIOR WTS. ||
	|------------------------||
	|   ID  => RIOC  | HL99  ||
	|------------------------||
	| [AUS] => 01.5% | 01.5% ||
	| [CAD] => 41.9% | 41.9% ||
	| [FRA] =>-03.5% |-03.4% ||
	| [GER] => 33.8% | 33.6% ||
	| [JPN] => 11.0% | 11.0% ||
	| [UK ] =>-08.3% |-08.2% ||
	| [USA] => 18.8% | 18.8% ||
	|------------------------||

	|------------------------||
	|   POSTERIOR DEVIATION  ||
	|------------------------||
	|   ID  => RIOC  | HL99  ||
	|------------------------||
	| [AUS] => 00.0% | 00.0% ||
	| [CAD] => 39.8% | 39.8% ||
	| [FRA] =>-08.4% |-08.4% ||
	| [GER] => 28.6% | 28.4% ||
	| [JPN] =>-00.0% | 00.0% ||
	| [UK ] =>-20.1% |-20.0% ||
	| [USA] =>-39.8% |-39.8% ||
	|------------------------||

	|-----------------------------------------------------------------||
	|              POSTERIOR DEVIATION WEIGHTS ATTRIBUTION            ||
	|-----------------------------------------------------------------||
	| VIEW NUM =>  INTRA |  INTER |  PRIOR |  CUMUL |  RECON |  BAYES ||
	|-----------------------------------------------------------------||
	| VIEW  #1 => -0.169 |  0.952 | -0.484 |  0.300 |  0.298 |  0.286 ||
	| VIEW  #2 =>  0.084 |  0.706 | -0.372 |  0.418 |  0.418 |  0.398 ||
	|-----------------------------------------------------------------||

	|-----------------------------------------------------------------|
	|    Copyright (C) 2011-2020 (DRIP, DROP)
	|-----------------------------------------------------------------|
	|    Build Version  => 4.69.0 multi mode
	|    Build JVM (TM) => 1.8.0_112
	|    Build Snap     => Fri Mar 12 11:51:11 EST 2020
	|    Start Time     => Sat Mar 14 03:08:04 EDT 2020
	|    Setup Time     => Sat Mar 14 03:08:06 EDT 2020
	|    Finish Time    => Sat Mar 14 03:08:06 EDT 2020
	|    Setup Duration => 1 s 664 ms
	|    Run Duration   => 280 ms
	|-----------------------------------------------------------------|

