
	|-----------------------------------------------------------------|
	|    Copyright (C) 2011-2020 (DRIP, DROP)
	|-----------------------------------------------------------------|
	|    Build Version  => 4.69.0 multi mode
	|    Build JVM (TM) => 1.8.0_112
	|    Build Snap     => Fri Mar 12 11:51:11 EST 2020
	|    Start Time     => Sat Mar 14 03:07:47 EDT 2020
	|    Setup Time     => Sat Mar 14 03:07:48 EDT 2020
	|    Setup Duration => 1 s 638 ms
	|-----------------------------------------------------------------|


	|------------------------||
	| TAU   =>  0.05000000   ||
	| DELTA =>  0.00000000   ||
	|------------------------||

	|------------------------||
	|  ASSET EXCESS RETURNS  ||
	|------------------------||
	|   ID  => EQ WT |  VOL  ||
	|------------------------||
	| [AUS] => 01.6% | 16.0% ||
	| [CAD] => 02.2% | 20.3% ||
	| [FRA] => 05.2% | 24.8% ||
	| [GER] => 05.5% | 27.1% ||
	| [JPN] => 11.6% | 21.0% ||
	| [UK ] => 12.4% | 20.0% ||
	| [USA] => 61.5% | 18.7% ||
	|------------------------||

	|------------------------------------------------------------------------------------------------||
	|                           PRIOR CROSS ASSET CORRELATION MATRIX                                 ||
	|------------------------------------------------------------------------------------------------||
	|     |    AUS     |    CAD     |    FRA     |    GER     |    JPN     |    UK      |    USA     ||
	|------------------------------------------------------------------------------------------------||
	| AUS | 1.00000000 | 0.48800000 | 0.47800000 | 0.51500000 | 0.43900000 | 0.51200000 | 0.49100000 ||
	| CAD | 0.48800000 | 1.00000000 | 0.66400000 | 0.65500000 | 0.31000000 | 0.60800000 | 0.77900000 ||
	| FRA | 0.47800000 | 0.66400000 | 1.00000000 | 0.86100000 | 0.35500000 | 0.78300000 | 0.66800000 ||
	| GER | 0.51500000 | 0.65500000 | 0.86100000 | 1.00000000 | 0.35400000 | 0.77700000 | 0.65300000 ||
	| JPN | 0.43900000 | 0.31000000 | 0.35500000 | 0.35400000 | 1.00000000 | 0.40500000 | 0.30600000 ||
	| UK  | 0.51200000 | 0.60800000 | 0.78300000 | 0.77700000 | 0.40500000 | 1.00000000 | 0.65200000 ||
	| USA | 0.49100000 | 0.77900000 | 0.66800000 | 0.65300000 | 0.30600000 | 0.65200000 | 1.00000000 ||
	|------------------------------------------------------------------------------------------------||

	|------------------------------------------------------------------------------------------------||
	|                           PRIOR CROSS ASSET COVARIANCE MATRIX                                  ||
	|------------------------------------------------------------------------------------------------||
	|     |    AUS     |    CAD     |    FRA     |    GER     |    JPN     |    UK      |    USA     ||
	|------------------------------------------------------------------------------------------------||
	| AUS | 0.02560000 | 0.01585024 | 0.01896704 | 0.02233040 | 0.01475040 | 0.01638400 | 0.01469072 ||
	| CAD | 0.01585024 | 0.04120900 | 0.03342842 | 0.03603352 | 0.01321530 | 0.02468480 | 0.02957162 ||
	| FRA | 0.01896704 | 0.03342842 | 0.06150400 | 0.05786609 | 0.01848840 | 0.03883680 | 0.03097917 ||
	| GER | 0.02233040 | 0.03603352 | 0.05786609 | 0.07344100 | 0.02014614 | 0.04211340 | 0.03309208 ||
	| JPN | 0.01475040 | 0.01321530 | 0.01848840 | 0.02014614 | 0.04410000 | 0.01701000 | 0.01201662 ||
	| UK  | 0.01638400 | 0.02468480 | 0.03883680 | 0.04211340 | 0.01701000 | 0.04000000 | 0.02438480 ||
	| USA | 0.01469072 | 0.02957162 | 0.03097917 | 0.03309208 | 0.01201662 | 0.02438480 | 0.03496900 ||
	|------------------------------------------------------------------------------------------------||

	|------------------------------------------------------------------------------------------------||
	|                          VIEW SCOPING ASSET PROJECTION LOADING                                 ||
	|------------------------------------------------------------------------------------------------||
	|     |    AUS     |    CAD     |    FRA     |    GER     |    JPN     |    UK      |    USA     ||
	|------------------------------------------------------------------------------------------------||
	|  #0 | 0.00000000 | 0.00000000 |-0.29500000 | 1.00000000 | 0.00000000 |-0.70500000 | 0.00000000 ||
	|------------------------------------------------------------------------------------------------||

	|------------------------------------------------------------------------------------------------||
	|------------------------------------------------------------------------------------------------||
	|  #0 | 0.00105000 | 5.00%
	|------------------------------------------------------------------------------------------------||
	|------------------------------------------------------------------------------------------------||

	|------------------------------------------------------------------------------------------------||
	|                           JOINT CROSS ASSET COVARIANCE MATRIX                                  ||
	|------------------------------------------------------------------------------------------------||
	|     |    AUS     |    CAD     |    FRA     |    GER     |    JPN     |    UK      |    USA     ||
	|------------------------------------------------------------------------------------------------||
	| AUS | 0.00124824 | 0.00073878 | 0.00087273 | 0.00095305 | 0.00072098 | 0.00080415 | 0.00069311 ||
	| CAD | 0.00073878 | 0.00196957 | 0.00154351 | 0.00152516 | 0.00063278 | 0.00120878 | 0.00140850 ||
	| FRA | 0.00087273 | 0.00154351 | 0.00289517 | 0.00250413 | 0.00088504 | 0.00190601 | 0.00145032 ||
	| GER | 0.00095305 | 0.00152516 | 0.00250413 | 0.00283077 | 0.00092217 | 0.00202821 | 0.00144139 ||
	| JPN | 0.00072098 | 0.00063278 | 0.00088504 | 0.00092217 | 0.00219638 | 0.00084266 | 0.00057925 ||
	| UK  | 0.00080415 | 0.00120878 | 0.00190601 | 0.00202821 | 0.00084266 | 0.00199287 | 0.00119961 ||
	| USA | 0.00069311 | 0.00140850 | 0.00145032 | 0.00144139 | 0.00057925 | 0.00119961 | 0.00169441 ||
	|------------------------------------------------------------------------------------------------||

	|------------------------------------------------------------------------------------------------||
	|                         POSTERIOR CROSS ASSET COVARIANCE MATRIX                                ||
	|------------------------------------------------------------------------------------------------||
	|     |    AUS     |    CAD     |    FRA     |    GER     |    JPN     |    UK      |    USA     ||
	|------------------------------------------------------------------------------------------------||
	| AUS | 0.02684824 | 0.01658902 | 0.01983977 | 0.02328345 | 0.01547138 | 0.01718815 | 0.01538383 ||
	| CAD | 0.01658902 | 0.04317857 | 0.03497192 | 0.03755868 | 0.01384808 | 0.02589358 | 0.03098012 ||
	| FRA | 0.01983977 | 0.03497192 | 0.06439917 | 0.06037021 | 0.01937344 | 0.04074281 | 0.03242949 ||
	| GER | 0.02328345 | 0.03755868 | 0.06037021 | 0.07627177 | 0.02106831 | 0.04414161 | 0.03453347 ||
	| JPN | 0.01547138 | 0.01384808 | 0.01937344 | 0.02106831 | 0.04629638 | 0.01785266 | 0.01259587 ||
	| UK  | 0.01718815 | 0.02589358 | 0.04074281 | 0.04414161 | 0.01785266 | 0.04199287 | 0.02558441 ||
	| USA | 0.01538383 | 0.03098012 | 0.03242949 | 0.03453347 | 0.01259587 | 0.02558441 | 0.03666341 ||
	|------------------------------------------------------------------------------------------------||

	|------------------------||
	| JOINT/POSTERIOR RETURN ||
	|------------------------||
	|   ID  => RIOC  | HL99  ||
	|------------------------||
	| [AUS] => 04.3% | 04.3% ||
	| [CAD] => 07.6% | 07.6% ||
	| [FRA] => 09.3% | 09.3% ||
	| [GER] => 11.1% | 11.0% ||
	| [JPN] => 04.5% | 04.5% ||
	| [UK ] => 07.0% | 07.0% ||
	| [USA] => 08.1% | 08.1% ||
	|------------------------||

	|------------------------||
	| OPTIMAL POSTERIOR WTS. ||
	|------------------------||
	|   ID  => RIOC  | HL99  ||
	|------------------------||
	| [AUS] => 01.5% | 01.5% ||
	| [CAD] => 02.1% | 02.1% ||
	| [FRA] =>-04.0% |-04.0% ||
	| [GER] => 35.6% | 35.4% ||
	| [JPN] => 11.0% | 11.0% ||
	| [UK ] =>-09.6% |-09.5% ||
	| [USA] => 58.6% | 58.6% ||
	|------------------------||

	|------------------------||
	|   POSTERIOR DEVIATION  ||
	|------------------------||
	|   ID  => RIOC  | HL99  ||
	|------------------------||
	| [AUS] =>-00.0% | 00.0% ||
	| [CAD] => 00.0% | 00.0% ||
	| [FRA] =>-09.0% |-08.9% ||
	| [GER] => 30.4% | 30.2% ||
	| [JPN] => 00.0% | 00.0% ||
	| [UK ] =>-21.4% |-21.3% ||
	| [USA] => 00.0% | 00.0% ||
	|------------------------||

	|-----------------------------------------------------------------||
	|              POSTERIOR DEVIATION WEIGHTS ATTRIBUTION            ||
	|-----------------------------------------------------------------||
	| VIEW NUM =>  INTRA |  INTER |  PRIOR |  CUMUL |  BAYES |  RECON ||
	|-----------------------------------------------------------------||
	| VIEW  #1 => -0.165 |  0.952 | -0.468 |  0.319 |  0.304 |  0.302 ||
	|-----------------------------------------------------------------||


	|-----------------------------------------------------------------|
	|    Copyright (C) 2011-2020 (DRIP, DROP)
	|-----------------------------------------------------------------|
	|    Build Version  => 4.69.0 multi mode
	|    Build JVM (TM) => 1.8.0_112
	|    Build Snap     => Fri Mar 12 11:51:11 EST 2020
	|    Start Time     => Sat Mar 14 03:07:47 EDT 2020
	|    Setup Time     => Sat Mar 14 03:07:48 EDT 2020
	|    Finish Time    => Sat Mar 14 03:07:49 EDT 2020
	|    Setup Duration => 1 s 638 ms
	|    Run Duration   => 423 ms
	|-----------------------------------------------------------------|

