<!DOCTYPE html>
<html>
<head>
<meta http-equiv="Content-Type" content="text/html; charset=utf-8"/>
<meta http-equiv="x-ua-compatible" content="IE=edge"/>
<title>Test results - Class org.drip.coverage.sequence.Statistics</title>
<link href="../css/base-style.css" rel="stylesheet" type="text/css"/>
<link href="../css/style.css" rel="stylesheet" type="text/css"/>
<script src="../js/report.js" type="text/javascript"></script>
</head>
<body>
<div id="content">
<h1>Class org.drip.coverage.sequence.Statistics</h1>
<div class="breadcrumbs">
<a href="../index.html">all</a> &gt; 
<a href="../packages/org.drip.coverage.sequence.html">org.drip.coverage.sequence</a> &gt; Statistics</div>
<div id="summary">
<table>
<tr>
<td>
<div class="summaryGroup">
<table>
<tr>
<td>
<div class="infoBox" id="tests">
<div class="counter">1</div>
<p>tests</p>
</div>
</td>
<td>
<div class="infoBox" id="failures">
<div class="counter">0</div>
<p>failures</p>
</div>
</td>
<td>
<div class="infoBox" id="ignored">
<div class="counter">0</div>
<p>ignored</p>
</div>
</td>
<td>
<div class="infoBox" id="duration">
<div class="counter">9.639s</div>
<p>duration</p>
</div>
</td>
</tr>
</table>
</div>
</td>
<td>
<div class="infoBox success" id="successRate">
<div class="percent">100%</div>
<p>successful</p>
</div>
</td>
</tr>
</table>
</div>
<div id="tabs">
<ul class="tabLinks">
<li>
<a href="#tab0">Tests</a>
</li>
<li>
<a href="#tab1">Standard output</a>
</li>
</ul>
<div id="tab0" class="tab">
<h2>Tests</h2>
<table>
<thead>
<tr>
<th>Test</th>
<th>Duration</th>
<th>Result</th>
</tr>
</thead>
<tr>
<td class="success">codeCoverageTest</td>
<td>9.639s</td>
<td class="success">passed</td>
</tr>
</table>
</div>
<div id="tab1" class="tab">
<h2>Standard output</h2>
<span class="code">
<pre>
	|-----------------------------------------------------------------|
	|    Copyright (C) 2011-2019 (DRIP, DROP)
	|-----------------------------------------------------------------|
	|    Build Version  =&gt; 4.51.0 multi mode
	|    Build JVM (TM) =&gt; 1.8.0_112
	|    Build Snap     =&gt; Fri Dec 06 23:50:54 EST 2019
	|    Start Time     =&gt; Sat Dec 07 01:21:07 EST 2019
	|    Setup Time     =&gt; Sat Dec 07 01:21:07 EST 2019
	|    Setup Duration =&gt; 0 ms
	|-----------------------------------------------------------------|


	||-------------------------------------------||
	||                R^1 METRICS                ||
	||-------------------------------------------||
	||    L -&gt; R:                                ||
	||            - Mean                         ||
	||            - Error                        ||
	||            - Variance                     ||
	||            - Standard Deviation           ||
	||-------------------------------------------||
	|| -0.00383 |  0.79723 |  0.99604 |  0.99802 ||
	||  0.00549 |  0.80121 |  1.00622 |  1.00311 ||
	|| -0.00290 |  0.80531 |  1.02044 |  1.01017 ||
	|| -0.01125 |  0.80060 |  1.00949 |  1.00473 ||
	||  0.00320 |  0.79766 |  0.99693 |  0.99846 ||
	||  0.00330 |  0.79640 |  0.99547 |  0.99773 ||
	||  0.00867 |  0.79735 |  1.00036 |  1.00018 ||
	||  0.00237 |  0.79976 |  1.00548 |  1.00274 ||
	||  0.00608 |  0.79507 |  0.99223 |  0.99611 ||
	||-------------------------------------------||

	||------------------------------------------------------------------------------------------||
	||                                     INPUT CORRELATION                                    ||
	||------------------------------------------------------------------------------------------||
	||  1.00000 | 0.16100 | 0.24500 | 0.35200 | 0.25900 | 0.16600 | 0.00300 | 0.03800 | 0.11400 ||
	||  0.16100 | 1.00000 | 0.00000 | 0.00000 | 0.00000 | 0.00000 | 0.00000 | 0.00000 | 0.00000 ||
	||  0.24500 | 0.00000 | 1.00000 | 0.00000 | 0.00000 | 0.00000 | 0.00000 | 0.00000 | 0.00000 ||
	||  0.35200 | 0.00000 | 0.00000 | 1.00000 | 0.00000 | 0.00000 | 0.00000 | 0.00000 | 0.00000 ||
	||  0.25900 | 0.00000 | 0.00000 | 0.00000 | 1.00000 | 0.00000 | 0.00000 | 0.00000 | 0.00000 ||
	||  0.16600 | 0.00000 | 0.00000 | 0.00000 | 0.00000 | 1.00000 | 0.00000 | 0.00000 | 0.00000 ||
	||  0.00300 | 0.00000 | 0.00000 | 0.00000 | 0.00000 | 0.00000 | 1.00000 | 0.00000 | 0.00000 ||
	||  0.03800 | 0.00000 | 0.00000 | 0.00000 | 0.00000 | 0.00000 | 0.00000 | 1.00000 | 0.00000 ||
	||  0.11400 | 0.00000 | 0.00000 | 0.00000 | 0.00000 | 0.00000 | 0.00000 | 0.00000 | 1.00000 ||
	||------------------------------------------------------------------------------------------||

	||------------------------------------------------------------------------------------------||
	||                                    OUTPUT CORRELATION                                    ||
	||------------------------------------------------------------------------------------------||
	||  1.00000 | 0.16221 | 0.24734 | 0.34747 | 0.25321 | 0.16948 | 0.00861 | 0.03297 | 0.11985 ||
	||  0.16221 | 1.00000 |-0.00251 | 0.00000 |-0.00182 | 0.00304 |-0.00839 |-0.00025 | 0.00549 ||
	||  0.24734 |-0.00251 | 1.00000 |-0.00197 |-0.00819 | 0.00547 | 0.00219 |-0.00288 | 0.00607 ||
	||  0.34747 | 0.00000 |-0.00197 | 1.00000 |-0.00185 | 0.00042 | 0.00421 |-0.00411 |-0.00499 ||
	||  0.25321 |-0.00182 |-0.00819 |-0.00185 | 1.00000 | 0.00642 |-0.00194 |-0.00539 |-0.00712 ||
	||  0.16948 | 0.00304 | 0.00547 | 0.00042 | 0.00642 | 1.00000 | 0.00123 |-0.00589 | 0.01119 ||
	||  0.00861 |-0.00839 | 0.00219 | 0.00421 |-0.00194 | 0.00123 | 1.00000 |-0.00647 | 0.00126 ||
	||  0.03297 |-0.00025 |-0.00288 |-0.00411 |-0.00539 |-0.00589 |-0.00647 | 1.00000 | 0.00053 ||
	||  0.11985 | 0.00549 | 0.00607 |-0.00499 |-0.00712 | 0.01119 | 0.00126 | 0.00053 | 1.00000 ||
	||------------------------------------------------------------------------------------------||

	||------------------------------------------------------------------------------------------||
	||                                    OUTPUT COVARIANCE                                     ||
	||------------------------------------------------------------------------------------------||
	||  0.99604 | 0.16239 | 0.24936 | 0.34842 | 0.25232 | 0.16876 | 0.00859 | 0.03300 | 0.11915 ||
	||  0.16239 | 1.00622 |-0.00255 | 0.00000 |-0.00182 | 0.00304 |-0.00842 |-0.00026 | 0.00549 ||
	||  0.24936 |-0.00255 | 1.02044 |-0.00199 |-0.00826 | 0.00551 | 0.00221 |-0.00292 | 0.00610 ||
	||  0.34842 | 0.00000 |-0.00199 | 1.00949 |-0.00186 | 0.00042 | 0.00423 |-0.00414 |-0.00499 ||
	||  0.25232 |-0.00182 |-0.00826 |-0.00186 | 0.99693 | 0.00640 |-0.00194 |-0.00540 |-0.00708 ||
	||  0.16876 | 0.00304 | 0.00551 | 0.00042 | 0.00640 | 0.99547 | 0.00123 |-0.00590 | 0.01112 ||
	||  0.00859 |-0.00842 | 0.00221 | 0.00423 |-0.00194 | 0.00123 | 1.00036 |-0.00649 | 0.00126 ||
	||  0.03300 |-0.00026 |-0.00292 |-0.00414 |-0.00540 |-0.00590 |-0.00649 | 1.00548 | 0.00053 ||
	||  0.11915 | 0.00549 | 0.00610 |-0.00499 |-0.00708 | 0.01112 | 0.00126 | 0.00053 | 0.99223 ||
	||------------------------------------------------------------------------------------------||


	|-----------------------------------------------------------------|
	|    Copyright (C) 2011-2019 (DRIP, DROP)
	|-----------------------------------------------------------------|
	|    Build Version  =&gt; 4.51.0 multi mode
	|    Build JVM (TM) =&gt; 1.8.0_112
	|    Build Snap     =&gt; Fri Dec 06 23:50:54 EST 2019
	|    Start Time     =&gt; Sat Dec 07 01:21:09 EST 2019
	|    Setup Time     =&gt; Sat Dec 07 01:21:09 EST 2019
	|    Setup Duration =&gt; 0 ms
	|-----------------------------------------------------------------|


	||-------------------------------------------||
	||                R^1 METRICS                ||
	||-------------------------------------------||
	||    L -&gt; R:                                ||
	||            - Mean                         ||
	||            - Error                        ||
	||            - Variance                     ||
	||            - Standard Deviation           ||
	||-------------------------------------------||
	|| -0.00476 |  0.79647 |  0.99918 |  0.99959 ||
	|| -0.00147 |  0.79676 |  0.99460 |  0.99730 ||
	|| -0.00529 |  0.80455 |  1.01650 |  1.00822 ||
	||  0.00676 |  0.79745 |  0.99902 |  0.99951 ||
	||  0.01136 |  0.79848 |  1.00291 |  1.00145 ||
	||  0.00070 |  0.80116 |  1.00570 |  1.00285 ||
	||  0.00744 |  0.79413 |  0.99310 |  0.99654 ||
	|| -0.00178 |  0.79830 |  1.00294 |  1.00147 ||
	|| -0.00433 |  0.79796 |  0.99850 |  0.99925 ||
	||-------------------------------------------||

	||------------------------------------------------------------------------------------------||
	||                                     INPUT CORRELATION                                    ||
	||------------------------------------------------------------------------------------------||
	||  1.00000 | 0.16100 | 0.24500 | 0.35200 | 0.25900 | 0.16600 | 0.00300 | 0.03800 | 0.11400 ||
	||  0.16100 | 1.00000 | 0.00000 | 0.00000 | 0.00000 | 0.00000 | 0.00000 | 0.00000 | 0.00000 ||
	||  0.24500 | 0.00000 | 1.00000 | 0.00000 | 0.00000 | 0.00000 | 0.00000 | 0.00000 | 0.00000 ||
	||  0.35200 | 0.00000 | 0.00000 | 1.00000 | 0.00000 | 0.00000 | 0.00000 | 0.00000 | 0.00000 ||
	||  0.25900 | 0.00000 | 0.00000 | 0.00000 | 1.00000 | 0.00000 | 0.00000 | 0.00000 | 0.00000 ||
	||  0.16600 | 0.00000 | 0.00000 | 0.00000 | 0.00000 | 1.00000 | 0.00000 | 0.00000 | 0.00000 ||
	||  0.00300 | 0.00000 | 0.00000 | 0.00000 | 0.00000 | 0.00000 | 1.00000 | 0.00000 | 0.00000 ||
	||  0.03800 | 0.00000 | 0.00000 | 0.00000 | 0.00000 | 0.00000 | 0.00000 | 1.00000 | 0.00000 ||
	||  0.11400 | 0.00000 | 0.00000 | 0.00000 | 0.00000 | 0.00000 | 0.00000 | 0.00000 | 1.00000 ||
	||------------------------------------------------------------------------------------------||

	||------------------------------------------------------------------------------------------||
	||                                    OUTPUT CORRELATION                                    ||
	||------------------------------------------------------------------------------------------||
	||  1.00000 | 0.15485 | 0.25056 | 0.35058 | 0.26696 | 0.17101 | 0.00448 | 0.04071 | 0.12338 ||
	||  0.15485 | 1.00000 | 0.01093 |-0.00347 |-0.00195 | 0.00490 |-0.01096 | 0.00302 |-0.00989 ||
	||  0.25056 | 0.01093 | 1.00000 | 0.00499 | 0.00662 | 0.00205 | 0.00734 | 0.00053 | 0.00994 ||
	||  0.35058 |-0.00347 | 0.00499 | 1.00000 | 0.00168 | 0.00717 | 0.00515 | 0.00538 | 0.00535 ||
	||  0.26696 |-0.00195 | 0.00662 | 0.00168 | 1.00000 | 0.00638 |-0.00029 |-0.00128 |-0.00218 ||
	||  0.17101 | 0.00490 | 0.00205 | 0.00717 | 0.00638 | 1.00000 | 0.00269 | 0.00340 | 0.00174 ||
	||  0.00448 |-0.01096 | 0.00734 | 0.00515 |-0.00029 | 0.00269 | 1.00000 |-0.00616 |-0.00320 ||
	||  0.04071 | 0.00302 | 0.00053 | 0.00538 |-0.00128 | 0.00340 |-0.00616 | 1.00000 | 0.00281 ||
	||  0.12338 |-0.00989 | 0.00994 | 0.00535 |-0.00218 | 0.00174 |-0.00320 | 0.00281 | 1.00000 ||
	||------------------------------------------------------------------------------------------||

	||------------------------------------------------------------------------------------------||
	||                                    OUTPUT COVARIANCE                                     ||
	||------------------------------------------------------------------------------------------||
	||  0.99918 | 0.15437 | 0.25252 | 0.35026 | 0.26724 | 0.17142 | 0.00446 | 0.04075 | 0.12324 ||
	||  0.15437 | 0.99460 | 0.01099 |-0.00346 |-0.00195 | 0.00490 |-0.01090 | 0.00302 |-0.00986 ||
	||  0.25252 | 0.01099 | 1.01650 | 0.00503 | 0.00668 | 0.00208 | 0.00737 | 0.00054 | 0.01002 ||
	||  0.35026 |-0.00346 | 0.00503 | 0.99902 | 0.00168 | 0.00719 | 0.00513 | 0.00538 | 0.00534 ||
	||  0.26724 |-0.00195 | 0.00668 | 0.00168 | 1.00291 | 0.00640 |-0.00029 |-0.00129 |-0.00218 ||
	||  0.17142 | 0.00490 | 0.00208 | 0.00719 | 0.00640 | 1.00570 | 0.00268 | 0.00342 | 0.00174 ||
	||  0.00446 |-0.01090 | 0.00737 | 0.00513 |-0.00029 | 0.00268 | 0.99310 |-0.00615 |-0.00319 ||
	||  0.04075 | 0.00302 | 0.00054 | 0.00538 |-0.00129 | 0.00342 |-0.00615 | 1.00294 | 0.00281 ||
	||  0.12324 |-0.00986 | 0.01002 | 0.00534 |-0.00218 | 0.00174 |-0.00319 | 0.00281 | 0.99850 ||
	||------------------------------------------------------------------------------------------||


	|-----------------------------------------------------------------|
	|    Copyright (C) 2011-2019 (DRIP, DROP)
	|-----------------------------------------------------------------|
	|    Build Version  =&gt; 4.51.0 multi mode
	|    Build JVM (TM) =&gt; 1.8.0_112
	|    Build Snap     =&gt; Fri Dec 06 23:50:54 EST 2019
	|    Start Time     =&gt; Sat Dec 07 01:21:12 EST 2019
	|    Setup Time     =&gt; Sat Dec 07 01:21:12 EST 2019
	|    Setup Duration =&gt; 0 ms
	|-----------------------------------------------------------------|


	||-------------------------------------------||
	||                R^1 METRICS                ||
	||-------------------------------------------||
	||    L -&gt; R:                                ||
	||            - Mean                         ||
	||            - Error                        ||
	||            - Variance                     ||
	||            - Standard Deviation           ||
	||-------------------------------------------||
	|| -0.00480 |  0.79781 |  0.99998 |  0.99999 ||
	||  0.00021 |  0.79779 |  1.00000 |  1.00000 ||
	||  0.00277 |  0.79779 |  0.99999 |  1.00000 ||
	||  0.00063 |  0.79743 |  1.00000 |  1.00000 ||
	|| -0.00374 |  0.79774 |  0.99999 |  0.99999 ||
	|| -0.00082 |  0.79876 |  1.00000 |  1.00000 ||
	||  0.00417 |  0.79932 |  0.99998 |  0.99999 ||
	||  0.00322 |  0.79733 |  0.99999 |  0.99999 ||
	|| -0.00790 |  0.79677 |  0.99994 |  0.99997 ||
	||-------------------------------------------||

	||------------------------------------------------------------------------------------------||
	||                                     INPUT CORRELATION                                    ||
	||------------------------------------------------------------------------------------------||
	||  1.00000 | 0.16100 | 0.24500 | 0.35200 | 0.25900 | 0.16600 | 0.00300 | 0.03800 | 0.11400 ||
	||  0.16100 | 1.00000 | 0.00000 | 0.00000 | 0.00000 | 0.00000 | 0.00000 | 0.00000 | 0.00000 ||
	||  0.24500 | 0.00000 | 1.00000 | 0.00000 | 0.00000 | 0.00000 | 0.00000 | 0.00000 | 0.00000 ||
	||  0.35200 | 0.00000 | 0.00000 | 1.00000 | 0.00000 | 0.00000 | 0.00000 | 0.00000 | 0.00000 ||
	||  0.25900 | 0.00000 | 0.00000 | 0.00000 | 1.00000 | 0.00000 | 0.00000 | 0.00000 | 0.00000 ||
	||  0.16600 | 0.00000 | 0.00000 | 0.00000 | 0.00000 | 1.00000 | 0.00000 | 0.00000 | 0.00000 ||
	||  0.00300 | 0.00000 | 0.00000 | 0.00000 | 0.00000 | 0.00000 | 1.00000 | 0.00000 | 0.00000 ||
	||  0.03800 | 0.00000 | 0.00000 | 0.00000 | 0.00000 | 0.00000 | 0.00000 | 1.00000 | 0.00000 ||
	||  0.11400 | 0.00000 | 0.00000 | 0.00000 | 0.00000 | 0.00000 | 0.00000 | 0.00000 | 1.00000 ||
	||------------------------------------------------------------------------------------------||

	||------------------------------------------------------------------------------------------||
	||                                    OUTPUT CORRELATION                                    ||
	||------------------------------------------------------------------------------------------||
	||  1.00000 | 0.16065 | 0.24584 | 0.35511 | 0.25630 | 0.16295 | 0.00101 | 0.04405 | 0.11549 ||
	||  0.16065 | 1.00000 |-0.00331 |-0.00303 | 0.00127 | 0.00603 |-0.00376 |-0.00595 |-0.00030 ||
	||  0.24584 |-0.00331 | 1.00000 | 0.00774 | 0.00142 | 0.00770 |-0.00490 | 0.01252 | 0.00105 ||
	||  0.35511 |-0.00303 | 0.00774 | 1.00000 |-0.00234 |-0.00142 |-0.00194 | 0.00161 |-0.00102 ||
	||  0.25630 | 0.00127 | 0.00142 |-0.00234 | 1.00000 | 0.00066 | 0.00310 |-0.00381 | 0.00961 ||
	||  0.16295 | 0.00603 | 0.00770 |-0.00142 | 0.00066 | 1.00000 |-0.00281 | 0.00093 |-0.00732 ||
	||  0.00101 |-0.00376 |-0.00490 |-0.00194 | 0.00310 |-0.00281 | 1.00000 |-0.00492 |-0.00117 ||
	||  0.04405 |-0.00595 | 0.01252 | 0.00161 |-0.00381 | 0.00093 |-0.00492 | 1.00000 | 0.00728 ||
	||  0.11549 |-0.00030 | 0.00105 |-0.00102 | 0.00961 |-0.00732 |-0.00117 | 0.00728 | 1.00000 ||
	||------------------------------------------------------------------------------------------||

	||------------------------------------------------------------------------------------------||
	||                                    OUTPUT COVARIANCE                                     ||
	||------------------------------------------------------------------------------------------||
	||  0.99998 | 0.16064 | 0.24584 | 0.35511 | 0.25630 | 0.16295 | 0.00101 | 0.04405 | 0.11549 ||
	||  0.16064 | 1.00000 |-0.00331 |-0.00303 | 0.00127 | 0.00603 |-0.00376 |-0.00595 |-0.00030 ||
	||  0.24584 |-0.00331 | 0.99999 | 0.00774 | 0.00142 | 0.00770 |-0.00490 | 0.01252 | 0.00105 ||
	||  0.35511 |-0.00303 | 0.00774 | 1.00000 |-0.00234 |-0.00142 |-0.00194 | 0.00161 |-0.00102 ||
	||  0.25630 | 0.00127 | 0.00142 |-0.00234 | 0.99999 | 0.00066 | 0.00310 |-0.00381 | 0.00961 ||
	||  0.16295 | 0.00603 | 0.00770 |-0.00142 | 0.00066 | 1.00000 |-0.00281 | 0.00093 |-0.00732 ||
	||  0.00101 |-0.00376 |-0.00490 |-0.00194 | 0.00310 |-0.00281 | 0.99998 |-0.00492 |-0.00117 ||
	||  0.04405 |-0.00595 | 0.01252 | 0.00161 |-0.00381 | 0.00093 |-0.00492 | 0.99999 | 0.00728 ||
	||  0.11549 |-0.00030 | 0.00105 |-0.00102 | 0.00961 |-0.00732 |-0.00117 | 0.00728 | 0.99994 ||
	||------------------------------------------------------------------------------------------||


	|-----------------------------------------------------------------|
	|    Copyright (C) 2011-2019 (DRIP, DROP)
	|-----------------------------------------------------------------|
	|    Build Version  =&gt; 4.51.0 multi mode
	|    Build JVM (TM) =&gt; 1.8.0_112
	|    Build Snap     =&gt; Fri Dec 06 23:50:54 EST 2019
	|    Start Time     =&gt; Sat Dec 07 01:21:14 EST 2019
	|    Setup Time     =&gt; Sat Dec 07 01:21:14 EST 2019
	|    Setup Duration =&gt; 0 ms
	|-----------------------------------------------------------------|


	||-------------------------------------------||
	||                R^1 METRICS                ||
	||-------------------------------------------||
	||    L -&gt; R:                                ||
	||            - Mean                         ||
	||            - Error                        ||
	||            - Variance                     ||
	||            - Standard Deviation           ||
	||-------------------------------------------||
	||  0.00168 |  0.79754 |  0.99998 |  0.99999 ||
	|| -0.00234 |  0.79782 |  0.99997 |  0.99999 ||
	|| -0.00244 |  0.79590 |  0.99997 |  0.99999 ||
	|| -0.00162 |  0.79718 |  0.99998 |  0.99999 ||
	||  0.00736 |  0.79929 |  0.99993 |  0.99996 ||
	||  0.00196 |  0.79782 |  0.99998 |  0.99999 ||
	||  0.00071 |  0.79680 |  0.99998 |  0.99999 ||
	|| -0.00285 |  0.79879 |  0.99997 |  0.99999 ||
	|| -0.00430 |  0.79774 |  0.99996 |  0.99998 ||
	||-------------------------------------------||

	||------------------------------------------------------------------------------------------||
	||                                     INPUT CORRELATION                                    ||
	||------------------------------------------------------------------------------------------||
	||  1.00000 | 0.16100 | 0.24500 | 0.35200 | 0.25900 | 0.16600 | 0.00300 | 0.03800 | 0.11400 ||
	||  0.16100 | 1.00000 | 0.00000 | 0.00000 | 0.00000 | 0.00000 | 0.00000 | 0.00000 | 0.00000 ||
	||  0.24500 | 0.00000 | 1.00000 | 0.00000 | 0.00000 | 0.00000 | 0.00000 | 0.00000 | 0.00000 ||
	||  0.35200 | 0.00000 | 0.00000 | 1.00000 | 0.00000 | 0.00000 | 0.00000 | 0.00000 | 0.00000 ||
	||  0.25900 | 0.00000 | 0.00000 | 0.00000 | 1.00000 | 0.00000 | 0.00000 | 0.00000 | 0.00000 ||
	||  0.16600 | 0.00000 | 0.00000 | 0.00000 | 0.00000 | 1.00000 | 0.00000 | 0.00000 | 0.00000 ||
	||  0.00300 | 0.00000 | 0.00000 | 0.00000 | 0.00000 | 0.00000 | 1.00000 | 0.00000 | 0.00000 ||
	||  0.03800 | 0.00000 | 0.00000 | 0.00000 | 0.00000 | 0.00000 | 0.00000 | 1.00000 | 0.00000 ||
	||  0.11400 | 0.00000 | 0.00000 | 0.00000 | 0.00000 | 0.00000 | 0.00000 | 0.00000 | 1.00000 ||
	||------------------------------------------------------------------------------------------||

	||------------------------------------------------------------------------------------------||
	||                                    OUTPUT CORRELATION                                    ||
	||------------------------------------------------------------------------------------------||
	||  1.00000 | 0.15904 | 0.24400 | 0.35635 | 0.26495 | 0.16721 |-0.00040 | 0.04519 | 0.10924 ||
	||  0.15904 | 1.00000 |-0.00520 |-0.00499 | 0.00393 | 0.00187 |-0.00234 |-0.00277 |-0.00570 ||
	||  0.24400 |-0.00520 | 1.00000 | 0.00231 | 0.00188 | 0.00227 | 0.00108 |-0.00759 |-0.00067 ||
	||  0.35635 |-0.00499 | 0.00231 | 1.00000 |-0.00293 | 0.00907 |-0.00201 | 0.00396 |-0.00705 ||
	||  0.26495 | 0.00393 | 0.00188 |-0.00293 | 1.00000 | 0.00624 |-0.00527 | 0.00800 | 0.00699 ||
	||  0.16721 | 0.00187 | 0.00227 | 0.00907 | 0.00624 | 1.00000 | 0.00424 |-0.00139 |-0.00826 ||
	|| -0.00040 |-0.00234 | 0.00108 |-0.00201 |-0.00527 | 0.00424 | 1.00000 |-0.00246 |-0.00761 ||
	||  0.04519 |-0.00277 |-0.00759 | 0.00396 | 0.00800 |-0.00139 |-0.00246 | 1.00000 |-0.00016 ||
	||  0.10924 |-0.00570 |-0.00067 |-0.00705 | 0.00699 |-0.00826 |-0.00761 |-0.00016 | 1.00000 ||
	||------------------------------------------------------------------------------------------||

	||------------------------------------------------------------------------------------------||
	||                                    OUTPUT COVARIANCE                                     ||
	||------------------------------------------------------------------------------------------||
	||  0.99998 | 0.15903 | 0.24399 | 0.35635 | 0.26494 | 0.16720 |-0.00040 | 0.04519 | 0.10923 ||
	||  0.15903 | 0.99997 |-0.00520 |-0.00499 | 0.00393 | 0.00187 |-0.00234 |-0.00277 |-0.00570 ||
	||  0.24399 |-0.00520 | 0.99997 | 0.00231 | 0.00188 | 0.00227 | 0.00108 |-0.00759 |-0.00067 ||
	||  0.35635 |-0.00499 | 0.00231 | 0.99998 |-0.00293 | 0.00907 |-0.00201 | 0.00396 |-0.00705 ||
	||  0.26494 | 0.00393 | 0.00188 |-0.00293 | 0.99993 | 0.00624 |-0.00527 | 0.00800 | 0.00699 ||
	||  0.16720 | 0.00187 | 0.00227 | 0.00907 | 0.00624 | 0.99998 | 0.00424 |-0.00139 |-0.00826 ||
	|| -0.00040 |-0.00234 | 0.00108 |-0.00201 |-0.00527 | 0.00424 | 0.99998 |-0.00246 |-0.00761 ||
	||  0.04519 |-0.00277 |-0.00759 | 0.00396 | 0.00800 |-0.00139 |-0.00246 | 0.99997 |-0.00016 ||
	||  0.10923 |-0.00570 |-0.00067 |-0.00705 | 0.00699 |-0.00826 |-0.00761 |-0.00016 | 0.99996 ||
	||------------------------------------------------------------------------------------------||

</pre>
</span>
</div>
</div>
<div id="footer">
<p>
<div>
<label class="hidden" id="label-for-line-wrapping-toggle" for="line-wrapping-toggle">Wrap lines
<input id="line-wrapping-toggle" type="checkbox" autocomplete="off"/>
</label>
</div>Generated by 
<a href="http://www.gradle.org">Gradle 3.5</a> at Dec 7, 2019 1:47:41 AM</p>
</div>
</div>
</body>
</html>
