<!DOCTYPE html>
<html>
<head>
<meta http-equiv="Content-Type" content="text/html; charset=utf-8"/>
<meta http-equiv="x-ua-compatible" content="IE=edge"/>
<title>Test results - Class org.drip.coverage.sequence.Statistics</title>
<link href="../css/base-style.css" rel="stylesheet" type="text/css"/>
<link href="../css/style.css" rel="stylesheet" type="text/css"/>
<script src="../js/report.js" type="text/javascript"></script>
</head>
<body>
<div id="content">
<h1>Class org.drip.coverage.sequence.Statistics</h1>
<div class="breadcrumbs">
<a href="../index.html">all</a> &gt; 
<a href="../packages/org.drip.coverage.sequence.html">org.drip.coverage.sequence</a> &gt; Statistics</div>
<div id="summary">
<table>
<tr>
<td>
<div class="summaryGroup">
<table>
<tr>
<td>
<div class="infoBox" id="tests">
<div class="counter">1</div>
<p>tests</p>
</div>
</td>
<td>
<div class="infoBox" id="failures">
<div class="counter">0</div>
<p>failures</p>
</div>
</td>
<td>
<div class="infoBox" id="ignored">
<div class="counter">0</div>
<p>ignored</p>
</div>
</td>
<td>
<div class="infoBox" id="duration">
<div class="counter">9.654s</div>
<p>duration</p>
</div>
</td>
</tr>
</table>
</div>
</td>
<td>
<div class="infoBox success" id="successRate">
<div class="percent">100%</div>
<p>successful</p>
</div>
</td>
</tr>
</table>
</div>
<div id="tabs">
<ul class="tabLinks">
<li>
<a href="#tab0">Tests</a>
</li>
<li>
<a href="#tab1">Standard output</a>
</li>
</ul>
<div id="tab0" class="tab">
<h2>Tests</h2>
<table>
<thead>
<tr>
<th>Test</th>
<th>Duration</th>
<th>Result</th>
</tr>
</thead>
<tr>
<td class="success">codeCoverageTest</td>
<td>9.654s</td>
<td class="success">passed</td>
</tr>
</table>
</div>
<div id="tab1" class="tab">
<h2>Standard output</h2>
<span class="code">
<pre>
	|-----------------------------------------------------------------|
	|    Copyright (C) 2011-2019 (DRIP, DROP)
	|-----------------------------------------------------------------|
	|    Build Version  =&gt; 4.41.0 multi mode
	|    Build JVM (TM) =&gt; 1.8.0_112
	|    Build Snap     =&gt; Sat Nov 02 22:26:06 EST 2019
	|    Start Time     =&gt; Sun Nov 03 22:59:45 EST 2019
	|    Setup Time     =&gt; Sun Nov 03 22:59:45 EST 2019
	|    Setup Duration =&gt; 0 ms
	|-----------------------------------------------------------------|


	||-------------------------------------------||
	||                R^1 METRICS                ||
	||-------------------------------------------||
	||    L -&gt; R:                                ||
	||            - Mean                         ||
	||            - Error                        ||
	||            - Variance                     ||
	||            - Standard Deviation           ||
	||-------------------------------------------||
	|| -0.00260 |  0.79950 |  1.00206 |  1.00103 ||
	|| -0.00373 |  0.79776 |  0.99608 |  0.99804 ||
	||  0.00211 |  0.79672 |  0.99977 |  0.99989 ||
	|| -0.00573 |  0.80223 |  1.00791 |  1.00395 ||
	||  0.00268 |  0.80355 |  1.01446 |  1.00720 ||
	||  0.00927 |  0.79748 |  0.99318 |  0.99659 ||
	||  0.00304 |  0.79466 |  0.99406 |  0.99702 ||
	||  0.00647 |  0.79690 |  0.99754 |  0.99877 ||
	|| -0.00690 |  0.79768 |  0.99958 |  0.99979 ||
	||-------------------------------------------||

	||------------------------------------------------------------------------------------------||
	||                                     INPUT CORRELATION                                    ||
	||------------------------------------------------------------------------------------------||
	||  1.00000 | 0.16100 | 0.24500 | 0.35200 | 0.25900 | 0.16600 | 0.00300 | 0.03800 | 0.11400 ||
	||  0.16100 | 1.00000 | 0.00000 | 0.00000 | 0.00000 | 0.00000 | 0.00000 | 0.00000 | 0.00000 ||
	||  0.24500 | 0.00000 | 1.00000 | 0.00000 | 0.00000 | 0.00000 | 0.00000 | 0.00000 | 0.00000 ||
	||  0.35200 | 0.00000 | 0.00000 | 1.00000 | 0.00000 | 0.00000 | 0.00000 | 0.00000 | 0.00000 ||
	||  0.25900 | 0.00000 | 0.00000 | 0.00000 | 1.00000 | 0.00000 | 0.00000 | 0.00000 | 0.00000 ||
	||  0.16600 | 0.00000 | 0.00000 | 0.00000 | 0.00000 | 1.00000 | 0.00000 | 0.00000 | 0.00000 ||
	||  0.00300 | 0.00000 | 0.00000 | 0.00000 | 0.00000 | 0.00000 | 1.00000 | 0.00000 | 0.00000 ||
	||  0.03800 | 0.00000 | 0.00000 | 0.00000 | 0.00000 | 0.00000 | 0.00000 | 1.00000 | 0.00000 ||
	||  0.11400 | 0.00000 | 0.00000 | 0.00000 | 0.00000 | 0.00000 | 0.00000 | 0.00000 | 1.00000 ||
	||------------------------------------------------------------------------------------------||

	||------------------------------------------------------------------------------------------||
	||                                    OUTPUT CORRELATION                                    ||
	||------------------------------------------------------------------------------------------||
	||  1.00000 | 0.15957 | 0.24927 | 0.35631 | 0.26329 | 0.16349 | 0.00283 | 0.03698 | 0.11393 ||
	||  0.15957 | 1.00000 |-0.00739 |-0.00064 | 0.00500 |-0.00798 |-0.00561 | 0.00008 |-0.00563 ||
	||  0.24927 |-0.00739 | 1.00000 |-0.00449 | 0.00763 | 0.00058 | 0.00233 |-0.00566 | 0.00060 ||
	||  0.35631 |-0.00064 |-0.00449 | 1.00000 |-0.00528 | 0.00393 |-0.00486 |-0.00419 | 0.00731 ||
	||  0.26329 | 0.00500 | 0.00763 |-0.00528 | 1.00000 |-0.00371 |-0.00077 | 0.00730 | 0.00572 ||
	||  0.16349 |-0.00798 | 0.00058 | 0.00393 |-0.00371 | 1.00000 | 0.00476 | 0.00635 |-0.00006 ||
	||  0.00283 |-0.00561 | 0.00233 |-0.00486 |-0.00077 | 0.00476 | 1.00000 | 0.00433 | 0.00292 ||
	||  0.03698 | 0.00008 |-0.00566 |-0.00419 | 0.00730 | 0.00635 | 0.00433 | 1.00000 | 0.00019 ||
	||  0.11393 |-0.00563 | 0.00060 | 0.00731 | 0.00572 |-0.00006 | 0.00292 | 0.00019 | 1.00000 ||
	||------------------------------------------------------------------------------------------||

	||------------------------------------------------------------------------------------------||
	||                                    OUTPUT COVARIANCE                                     ||
	||------------------------------------------------------------------------------------------||
	||  1.00206 | 0.15942 | 0.24950 | 0.35808 | 0.26546 | 0.16309 | 0.00282 | 0.03697 | 0.11402 ||
	||  0.15942 | 0.99608 |-0.00738 |-0.00064 | 0.00502 |-0.00794 |-0.00558 | 0.00007 |-0.00562 ||
	||  0.24950 |-0.00738 | 0.99977 |-0.00451 | 0.00769 | 0.00058 | 0.00233 |-0.00566 | 0.00060 ||
	||  0.35808 |-0.00064 |-0.00451 | 1.00791 |-0.00534 | 0.00393 |-0.00487 |-0.00420 | 0.00734 ||
	||  0.26546 | 0.00502 | 0.00769 |-0.00534 | 1.01446 |-0.00373 |-0.00077 | 0.00734 | 0.00576 ||
	||  0.16309 |-0.00794 | 0.00058 | 0.00393 |-0.00373 | 0.99318 | 0.00473 | 0.00632 |-0.00006 ||
	||  0.00282 |-0.00558 | 0.00233 |-0.00487 |-0.00077 | 0.00473 | 0.99406 | 0.00432 | 0.00291 ||
	||  0.03697 | 0.00007 |-0.00566 |-0.00420 | 0.00734 | 0.00632 | 0.00432 | 0.99754 | 0.00019 ||
	||  0.11402 |-0.00562 | 0.00060 | 0.00734 | 0.00576 |-0.00006 | 0.00291 | 0.00019 | 0.99958 ||
	||------------------------------------------------------------------------------------------||


	|-----------------------------------------------------------------|
	|    Copyright (C) 2011-2019 (DRIP, DROP)
	|-----------------------------------------------------------------|
	|    Build Version  =&gt; 4.41.0 multi mode
	|    Build JVM (TM) =&gt; 1.8.0_112
	|    Build Snap     =&gt; Sat Nov 02 22:26:06 EST 2019
	|    Start Time     =&gt; Sun Nov 03 22:59:47 EST 2019
	|    Setup Time     =&gt; Sun Nov 03 22:59:47 EST 2019
	|    Setup Duration =&gt; 0 ms
	|-----------------------------------------------------------------|


	||-------------------------------------------||
	||                R^1 METRICS                ||
	||-------------------------------------------||
	||    L -&gt; R:                                ||
	||            - Mean                         ||
	||            - Error                        ||
	||            - Variance                     ||
	||            - Standard Deviation           ||
	||-------------------------------------------||
	||  0.00025 |  0.79778 |  0.99948 |  0.99974 ||
	||  0.00473 |  0.79591 |  0.99646 |  0.99823 ||
	|| -0.00309 |  0.79711 |  0.99716 |  0.99858 ||
	|| -0.00586 |  0.79714 |  0.99860 |  0.99930 ||
	||  0.00271 |  0.80336 |  1.01225 |  1.00610 ||
	|| -0.00402 |  0.79504 |  0.99364 |  0.99682 ||
	|| -0.00305 |  0.79856 |  1.00155 |  1.00077 ||
	||  0.00160 |  0.79573 |  0.99101 |  0.99550 ||
	|| -0.00097 |  0.79658 |  0.99731 |  0.99865 ||
	||-------------------------------------------||

	||------------------------------------------------------------------------------------------||
	||                                     INPUT CORRELATION                                    ||
	||------------------------------------------------------------------------------------------||
	||  1.00000 | 0.16100 | 0.24500 | 0.35200 | 0.25900 | 0.16600 | 0.00300 | 0.03800 | 0.11400 ||
	||  0.16100 | 1.00000 | 0.00000 | 0.00000 | 0.00000 | 0.00000 | 0.00000 | 0.00000 | 0.00000 ||
	||  0.24500 | 0.00000 | 1.00000 | 0.00000 | 0.00000 | 0.00000 | 0.00000 | 0.00000 | 0.00000 ||
	||  0.35200 | 0.00000 | 0.00000 | 1.00000 | 0.00000 | 0.00000 | 0.00000 | 0.00000 | 0.00000 ||
	||  0.25900 | 0.00000 | 0.00000 | 0.00000 | 1.00000 | 0.00000 | 0.00000 | 0.00000 | 0.00000 ||
	||  0.16600 | 0.00000 | 0.00000 | 0.00000 | 0.00000 | 1.00000 | 0.00000 | 0.00000 | 0.00000 ||
	||  0.00300 | 0.00000 | 0.00000 | 0.00000 | 0.00000 | 0.00000 | 1.00000 | 0.00000 | 0.00000 ||
	||  0.03800 | 0.00000 | 0.00000 | 0.00000 | 0.00000 | 0.00000 | 0.00000 | 1.00000 | 0.00000 ||
	||  0.11400 | 0.00000 | 0.00000 | 0.00000 | 0.00000 | 0.00000 | 0.00000 | 0.00000 | 1.00000 ||
	||------------------------------------------------------------------------------------------||

	||------------------------------------------------------------------------------------------||
	||                                    OUTPUT CORRELATION                                    ||
	||------------------------------------------------------------------------------------------||
	||  1.00000 | 0.16291 | 0.24742 | 0.35231 | 0.26152 | 0.16461 |-0.00076 | 0.04319 | 0.11313 ||
	||  0.16291 | 1.00000 | 0.00251 |-0.00350 | 0.00511 | 0.00795 |-0.00145 |-0.00457 |-0.00365 ||
	||  0.24742 | 0.00251 | 1.00000 |-0.00138 | 0.00059 |-0.00046 | 0.00593 | 0.00809 | 0.00574 ||
	||  0.35231 |-0.00350 |-0.00138 | 1.00000 |-0.00978 |-0.00429 |-0.00462 | 0.00666 | 0.00011 ||
	||  0.26152 | 0.00511 | 0.00059 |-0.00978 | 1.00000 |-0.00450 | 0.00200 |-0.00316 |-0.00565 ||
	||  0.16461 | 0.00795 |-0.00046 |-0.00429 |-0.00450 | 1.00000 | 0.00430 | 0.01120 | 0.00039 ||
	|| -0.00076 |-0.00145 | 0.00593 |-0.00462 | 0.00200 | 0.00430 | 1.00000 |-0.00283 | 0.00263 ||
	||  0.04319 |-0.00457 | 0.00809 | 0.00666 |-0.00316 | 0.01120 |-0.00283 | 1.00000 | 0.00305 ||
	||  0.11313 |-0.00365 | 0.00574 | 0.00011 |-0.00565 | 0.00039 | 0.00263 | 0.00305 | 1.00000 ||
	||------------------------------------------------------------------------------------------||

	||------------------------------------------------------------------------------------------||
	||                                    OUTPUT COVARIANCE                                     ||
	||------------------------------------------------------------------------------------------||
	||  0.99948 | 0.16258 | 0.24701 | 0.35198 | 0.26305 | 0.16404 |-0.00076 | 0.04298 | 0.11295 ||
	||  0.16258 | 0.99646 | 0.00250 |-0.00349 | 0.00513 | 0.00791 |-0.00145 |-0.00454 |-0.00364 ||
	||  0.24701 | 0.00250 | 0.99716 |-0.00138 | 0.00059 |-0.00046 | 0.00593 | 0.00804 | 0.00573 ||
	||  0.35198 |-0.00349 |-0.00138 | 0.99860 |-0.00983 |-0.00427 |-0.00462 | 0.00662 | 0.00011 ||
	||  0.26305 | 0.00513 | 0.00059 |-0.00983 | 1.01225 |-0.00452 | 0.00202 |-0.00317 |-0.00567 ||
	||  0.16404 | 0.00791 |-0.00046 |-0.00427 |-0.00452 | 0.99364 | 0.00429 | 0.01112 | 0.00038 ||
	|| -0.00076 |-0.00145 | 0.00593 |-0.00462 | 0.00202 | 0.00429 | 1.00155 |-0.00282 | 0.00263 ||
	||  0.04298 |-0.00454 | 0.00804 | 0.00662 |-0.00317 | 0.01112 |-0.00282 | 0.99101 | 0.00303 ||
	||  0.11295 |-0.00364 | 0.00573 | 0.00011 |-0.00567 | 0.00038 | 0.00263 | 0.00303 | 0.99731 ||
	||------------------------------------------------------------------------------------------||


	|-----------------------------------------------------------------|
	|    Copyright (C) 2011-2019 (DRIP, DROP)
	|-----------------------------------------------------------------|
	|    Build Version  =&gt; 4.41.0 multi mode
	|    Build JVM (TM) =&gt; 1.8.0_112
	|    Build Snap     =&gt; Sat Nov 02 22:26:06 EST 2019
	|    Start Time     =&gt; Sun Nov 03 22:59:50 EST 2019
	|    Setup Time     =&gt; Sun Nov 03 22:59:50 EST 2019
	|    Setup Duration =&gt; 0 ms
	|-----------------------------------------------------------------|


	||-------------------------------------------||
	||                R^1 METRICS                ||
	||-------------------------------------------||
	||    L -&gt; R:                                ||
	||            - Mean                         ||
	||            - Error                        ||
	||            - Variance                     ||
	||            - Standard Deviation           ||
	||-------------------------------------------||
	|| -0.00031 |  0.79716 |  1.00000 |  1.00000 ||
	|| -0.00616 |  0.79597 |  0.99996 |  0.99998 ||
	|| -0.00323 |  0.79854 |  0.99999 |  0.99999 ||
	|| -0.00206 |  0.79800 |  1.00000 |  1.00000 ||
	||  0.00560 |  0.79921 |  0.99997 |  0.99998 ||
	|| -0.00669 |  0.79997 |  0.99996 |  0.99998 ||
	|| -0.00093 |  0.79790 |  1.00000 |  1.00000 ||
	|| -0.00505 |  0.79713 |  0.99997 |  0.99999 ||
	||  0.01064 |  0.79957 |  0.99989 |  0.99994 ||
	||-------------------------------------------||

	||------------------------------------------------------------------------------------------||
	||                                     INPUT CORRELATION                                    ||
	||------------------------------------------------------------------------------------------||
	||  1.00000 | 0.16100 | 0.24500 | 0.35200 | 0.25900 | 0.16600 | 0.00300 | 0.03800 | 0.11400 ||
	||  0.16100 | 1.00000 | 0.00000 | 0.00000 | 0.00000 | 0.00000 | 0.00000 | 0.00000 | 0.00000 ||
	||  0.24500 | 0.00000 | 1.00000 | 0.00000 | 0.00000 | 0.00000 | 0.00000 | 0.00000 | 0.00000 ||
	||  0.35200 | 0.00000 | 0.00000 | 1.00000 | 0.00000 | 0.00000 | 0.00000 | 0.00000 | 0.00000 ||
	||  0.25900 | 0.00000 | 0.00000 | 0.00000 | 1.00000 | 0.00000 | 0.00000 | 0.00000 | 0.00000 ||
	||  0.16600 | 0.00000 | 0.00000 | 0.00000 | 0.00000 | 1.00000 | 0.00000 | 0.00000 | 0.00000 ||
	||  0.00300 | 0.00000 | 0.00000 | 0.00000 | 0.00000 | 0.00000 | 1.00000 | 0.00000 | 0.00000 ||
	||  0.03800 | 0.00000 | 0.00000 | 0.00000 | 0.00000 | 0.00000 | 0.00000 | 1.00000 | 0.00000 ||
	||  0.11400 | 0.00000 | 0.00000 | 0.00000 | 0.00000 | 0.00000 | 0.00000 | 0.00000 | 1.00000 ||
	||------------------------------------------------------------------------------------------||

	||------------------------------------------------------------------------------------------||
	||                                    OUTPUT CORRELATION                                    ||
	||------------------------------------------------------------------------------------------||
	||  1.00000 | 0.16666 | 0.25438 | 0.34974 | 0.25155 | 0.15900 | 0.00370 | 0.04444 | 0.11326 ||
	||  0.16666 | 1.00000 | 0.00337 | 0.00215 |-0.00081 |-0.00583 | 0.00310 |-0.01316 | 0.00515 ||
	||  0.25438 | 0.00337 | 1.00000 | 0.00307 |-0.00070 |-0.00601 | 0.00104 | 0.01076 | 0.00315 ||
	||  0.34974 | 0.00215 | 0.00307 | 1.00000 |-0.00030 |-0.00148 | 0.00485 |-0.00244 | 0.00520 ||
	||  0.25155 |-0.00081 |-0.00070 |-0.00030 | 1.00000 |-0.00549 |-0.00253 | 0.00332 | 0.00294 ||
	||  0.15900 |-0.00583 |-0.00601 |-0.00148 |-0.00549 | 1.00000 |-0.00702 | 0.01284 | 0.00385 ||
	||  0.00370 | 0.00310 | 0.00104 | 0.00485 |-0.00253 |-0.00702 | 1.00000 |-0.00689 |-0.00296 ||
	||  0.04444 |-0.01316 | 0.01076 |-0.00244 | 0.00332 | 0.01284 |-0.00689 | 1.00000 |-0.00012 ||
	||  0.11326 | 0.00515 | 0.00315 | 0.00520 | 0.00294 | 0.00385 |-0.00296 |-0.00012 | 1.00000 ||
	||------------------------------------------------------------------------------------------||

	||------------------------------------------------------------------------------------------||
	||                                    OUTPUT COVARIANCE                                     ||
	||------------------------------------------------------------------------------------------||
	||  1.00000 | 0.16666 | 0.25438 | 0.34974 | 0.25155 | 0.15900 | 0.00370 | 0.04444 | 0.11325 ||
	||  0.16666 | 0.99996 | 0.00337 | 0.00215 |-0.00081 |-0.00583 | 0.00310 |-0.01316 | 0.00515 ||
	||  0.25438 | 0.00337 | 0.99999 | 0.00307 |-0.00070 |-0.00601 | 0.00104 | 0.01076 | 0.00315 ||
	||  0.34974 | 0.00215 | 0.00307 | 1.00000 |-0.00030 |-0.00148 | 0.00485 |-0.00244 | 0.00520 ||
	||  0.25155 |-0.00081 |-0.00070 |-0.00030 | 0.99997 |-0.00549 |-0.00253 | 0.00332 | 0.00294 ||
	||  0.15900 |-0.00583 |-0.00601 |-0.00148 |-0.00549 | 0.99996 |-0.00702 | 0.01284 | 0.00385 ||
	||  0.00370 | 0.00310 | 0.00104 | 0.00485 |-0.00253 |-0.00702 | 1.00000 |-0.00689 |-0.00296 ||
	||  0.04444 |-0.01316 | 0.01076 |-0.00244 | 0.00332 | 0.01284 |-0.00689 | 0.99997 |-0.00012 ||
	||  0.11325 | 0.00515 | 0.00315 | 0.00520 | 0.00294 | 0.00385 |-0.00296 |-0.00012 | 0.99989 ||
	||------------------------------------------------------------------------------------------||


	|-----------------------------------------------------------------|
	|    Copyright (C) 2011-2019 (DRIP, DROP)
	|-----------------------------------------------------------------|
	|    Build Version  =&gt; 4.41.0 multi mode
	|    Build JVM (TM) =&gt; 1.8.0_112
	|    Build Snap     =&gt; Sat Nov 02 22:26:06 EST 2019
	|    Start Time     =&gt; Sun Nov 03 22:59:52 EST 2019
	|    Setup Time     =&gt; Sun Nov 03 22:59:52 EST 2019
	|    Setup Duration =&gt; 0 ms
	|-----------------------------------------------------------------|


	||-------------------------------------------||
	||                R^1 METRICS                ||
	||-------------------------------------------||
	||    L -&gt; R:                                ||
	||            - Mean                         ||
	||            - Error                        ||
	||            - Variance                     ||
	||            - Standard Deviation           ||
	||-------------------------------------------||
	||  0.00566 |  0.79743 |  0.99995 |  0.99997 ||
	|| -0.00016 |  0.79715 |  0.99998 |  0.99999 ||
	|| -0.00253 |  0.79927 |  0.99997 |  0.99999 ||
	||  0.00716 |  0.79799 |  0.99993 |  0.99996 ||
	||  0.00269 |  0.79795 |  0.99997 |  0.99999 ||
	||  0.00351 |  0.79761 |  0.99997 |  0.99998 ||
	|| -0.00612 |  0.79833 |  0.99994 |  0.99997 ||
	||  0.00934 |  0.79696 |  0.99989 |  0.99995 ||
	|| -0.00954 |  0.79689 |  0.99989 |  0.99994 ||
	||-------------------------------------------||

	||------------------------------------------------------------------------------------------||
	||                                     INPUT CORRELATION                                    ||
	||------------------------------------------------------------------------------------------||
	||  1.00000 | 0.16100 | 0.24500 | 0.35200 | 0.25900 | 0.16600 | 0.00300 | 0.03800 | 0.11400 ||
	||  0.16100 | 1.00000 | 0.00000 | 0.00000 | 0.00000 | 0.00000 | 0.00000 | 0.00000 | 0.00000 ||
	||  0.24500 | 0.00000 | 1.00000 | 0.00000 | 0.00000 | 0.00000 | 0.00000 | 0.00000 | 0.00000 ||
	||  0.35200 | 0.00000 | 0.00000 | 1.00000 | 0.00000 | 0.00000 | 0.00000 | 0.00000 | 0.00000 ||
	||  0.25900 | 0.00000 | 0.00000 | 0.00000 | 1.00000 | 0.00000 | 0.00000 | 0.00000 | 0.00000 ||
	||  0.16600 | 0.00000 | 0.00000 | 0.00000 | 0.00000 | 1.00000 | 0.00000 | 0.00000 | 0.00000 ||
	||  0.00300 | 0.00000 | 0.00000 | 0.00000 | 0.00000 | 0.00000 | 1.00000 | 0.00000 | 0.00000 ||
	||  0.03800 | 0.00000 | 0.00000 | 0.00000 | 0.00000 | 0.00000 | 0.00000 | 1.00000 | 0.00000 ||
	||  0.11400 | 0.00000 | 0.00000 | 0.00000 | 0.00000 | 0.00000 | 0.00000 | 0.00000 | 1.00000 ||
	||------------------------------------------------------------------------------------------||

	||------------------------------------------------------------------------------------------||
	||                                    OUTPUT CORRELATION                                    ||
	||------------------------------------------------------------------------------------------||
	||  1.00000 | 0.16656 | 0.24260 | 0.35497 | 0.25375 | 0.17256 | 0.01366 | 0.03514 | 0.11050 ||
	||  0.16656 | 1.00000 | 0.00577 | 0.00401 |-0.00263 | 0.00523 | 0.00490 |-0.00935 | 0.00004 ||
	||  0.24260 | 0.00577 | 1.00000 |-0.00490 | 0.00354 | 0.00583 | 0.00095 | 0.00435 |-0.00635 ||
	||  0.35497 | 0.00401 |-0.00490 | 1.00000 |-0.00459 | 0.00750 |-0.00085 |-0.00170 | 0.00273 ||
	||  0.25375 |-0.00263 | 0.00354 |-0.00459 | 1.00000 | 0.00488 | 0.00202 | 0.00500 |-0.00186 ||
	||  0.17256 | 0.00523 | 0.00583 | 0.00750 | 0.00488 | 1.00000 | 0.00778 |-0.00444 |-0.00028 ||
	||  0.01366 | 0.00490 | 0.00095 |-0.00085 | 0.00202 | 0.00778 | 1.00000 | 0.00492 | 0.00276 ||
	||  0.03514 |-0.00935 | 0.00435 |-0.00170 | 0.00500 |-0.00444 | 0.00492 | 1.00000 | 0.00371 ||
	||  0.11050 | 0.00004 |-0.00635 | 0.00273 |-0.00186 |-0.00028 | 0.00276 | 0.00371 | 1.00000 ||
	||------------------------------------------------------------------------------------------||

	||------------------------------------------------------------------------------------------||
	||                                    OUTPUT COVARIANCE                                     ||
	||------------------------------------------------------------------------------------------||
	||  0.99995 | 0.16655 | 0.24259 | 0.35495 | 0.25374 | 0.17256 | 0.01366 | 0.03514 | 0.11049 ||
	||  0.16655 | 0.99998 | 0.00577 | 0.00401 |-0.00263 | 0.00523 | 0.00490 |-0.00934 | 0.00004 ||
	||  0.24259 | 0.00577 | 0.99997 |-0.00490 | 0.00354 | 0.00583 | 0.00095 | 0.00435 |-0.00635 ||
	||  0.35495 | 0.00401 |-0.00490 | 0.99993 |-0.00458 | 0.00749 |-0.00085 |-0.00170 | 0.00273 ||
	||  0.25374 |-0.00263 | 0.00354 |-0.00458 | 0.99997 | 0.00488 | 0.00202 | 0.00500 |-0.00186 ||
	||  0.17256 | 0.00523 | 0.00583 | 0.00749 | 0.00488 | 0.99997 | 0.00778 |-0.00444 |-0.00028 ||
	||  0.01366 | 0.00490 | 0.00095 |-0.00085 | 0.00202 | 0.00778 | 0.99994 | 0.00492 | 0.00276 ||
	||  0.03514 |-0.00934 | 0.00435 |-0.00170 | 0.00500 |-0.00444 | 0.00492 | 0.99989 | 0.00371 ||
	||  0.11049 | 0.00004 |-0.00635 | 0.00273 |-0.00186 |-0.00028 | 0.00276 | 0.00371 | 0.99989 ||
	||------------------------------------------------------------------------------------------||

</pre>
</span>
</div>
</div>
<div id="footer">
<p>
<div>
<label class="hidden" id="label-for-line-wrapping-toggle" for="line-wrapping-toggle">Wrap lines
<input id="line-wrapping-toggle" type="checkbox" autocomplete="off"/>
</label>
</div>Generated by 
<a href="http://www.gradle.org">Gradle 3.5</a> at Nov 3, 2019 11:27:03 PM</p>
</div>
</div>
</body>
</html>
