<!DOCTYPE html>
<html>
<head>
<meta http-equiv="Content-Type" content="text/html; charset=utf-8"/>
<meta http-equiv="x-ua-compatible" content="IE=edge"/>
<title>Test results - Class org.drip.coverage.sequence.Statistics</title>
<link href="../css/base-style.css" rel="stylesheet" type="text/css"/>
<link href="../css/style.css" rel="stylesheet" type="text/css"/>
<script src="../js/report.js" type="text/javascript"></script>
</head>
<body>
<div id="content">
<h1>Class org.drip.coverage.sequence.Statistics</h1>
<div class="breadcrumbs">
<a href="../index.html">all</a> &gt; 
<a href="../packages/org.drip.coverage.sequence.html">org.drip.coverage.sequence</a> &gt; Statistics</div>
<div id="summary">
<table>
<tr>
<td>
<div class="summaryGroup">
<table>
<tr>
<td>
<div class="infoBox" id="tests">
<div class="counter">1</div>
<p>tests</p>
</div>
</td>
<td>
<div class="infoBox" id="failures">
<div class="counter">0</div>
<p>failures</p>
</div>
</td>
<td>
<div class="infoBox" id="ignored">
<div class="counter">0</div>
<p>ignored</p>
</div>
</td>
<td>
<div class="infoBox" id="duration">
<div class="counter">9.545s</div>
<p>duration</p>
</div>
</td>
</tr>
</table>
</div>
</td>
<td>
<div class="infoBox success" id="successRate">
<div class="percent">100%</div>
<p>successful</p>
</div>
</td>
</tr>
</table>
</div>
<div id="tabs">
<ul class="tabLinks">
<li>
<a href="#tab0">Tests</a>
</li>
<li>
<a href="#tab1">Standard output</a>
</li>
</ul>
<div id="tab0" class="tab">
<h2>Tests</h2>
<table>
<thead>
<tr>
<th>Test</th>
<th>Duration</th>
<th>Result</th>
</tr>
</thead>
<tr>
<td class="success">codeCoverageTest</td>
<td>9.545s</td>
<td class="success">passed</td>
</tr>
</table>
</div>
<div id="tab1" class="tab">
<h2>Standard output</h2>
<span class="code">
<pre>
	|-----------------------------------------------------------------|
	|    Copyright (C) 2011-2018 (DRIP)
	|-----------------------------------------------------------------|
	|    Build Version  =&gt; 3.65.0 multi mode
	|    Build JVM (TM) =&gt; 1.8.0_112
	|    Build Snap     =&gt; Wed Jul 18 15:07:54 EST 2018
	|    Start Time     =&gt; Wed Jul 18 15:53:55 EDT 2018
	|    Setup Time     =&gt; Wed Jul 18 15:53:55 EDT 2018
	|    Setup Duration =&gt; 0 ms
	|-----------------------------------------------------------------|


	||-------------------------------------------||
	||                R^1 METRICS                ||
	||-------------------------------------------||
	||    L -&gt; R:                                ||
	||            - Mean                         ||
	||            - Error                        ||
	||            - Variance                     ||
	||            - Standard Deviation           ||
	||-------------------------------------------||
	|| -0.00128 |  0.80065 |  1.00388 |  1.00194 ||
	||  0.00375 |  0.79513 |  0.99349 |  0.99674 ||
	|| -0.00125 |  0.79402 |  0.99224 |  0.99611 ||
	|| -0.00191 |  0.80298 |  1.01280 |  1.00638 ||
	|| -0.01001 |  0.78977 |  0.97645 |  0.98816 ||
	||  0.00798 |  0.80271 |  1.01108 |  1.00552 ||
	||  0.00280 |  0.79745 |  0.99712 |  0.99856 ||
	|| -0.00832 |  0.79916 |  1.00031 |  1.00015 ||
	|| -0.00273 |  0.79813 |  0.99778 |  0.99889 ||
	||-------------------------------------------||

	||------------------------------------------------------------------------------------------||
	||                                     INPUT CORRELATION                                    ||
	||------------------------------------------------------------------------------------------||
	||  1.00000 | 0.16100 | 0.24500 | 0.35200 | 0.25900 | 0.16600 | 0.00300 | 0.03800 | 0.11400 ||
	||  0.16100 | 1.00000 | 0.00000 | 0.00000 | 0.00000 | 0.00000 | 0.00000 | 0.00000 | 0.00000 ||
	||  0.24500 | 0.00000 | 1.00000 | 0.00000 | 0.00000 | 0.00000 | 0.00000 | 0.00000 | 0.00000 ||
	||  0.35200 | 0.00000 | 0.00000 | 1.00000 | 0.00000 | 0.00000 | 0.00000 | 0.00000 | 0.00000 ||
	||  0.25900 | 0.00000 | 0.00000 | 0.00000 | 1.00000 | 0.00000 | 0.00000 | 0.00000 | 0.00000 ||
	||  0.16600 | 0.00000 | 0.00000 | 0.00000 | 0.00000 | 1.00000 | 0.00000 | 0.00000 | 0.00000 ||
	||  0.00300 | 0.00000 | 0.00000 | 0.00000 | 0.00000 | 0.00000 | 1.00000 | 0.00000 | 0.00000 ||
	||  0.03800 | 0.00000 | 0.00000 | 0.00000 | 0.00000 | 0.00000 | 0.00000 | 1.00000 | 0.00000 ||
	||  0.11400 | 0.00000 | 0.00000 | 0.00000 | 0.00000 | 0.00000 | 0.00000 | 0.00000 | 1.00000 ||
	||------------------------------------------------------------------------------------------||

	||------------------------------------------------------------------------------------------||
	||                                    OUTPUT CORRELATION                                    ||
	||------------------------------------------------------------------------------------------||
	||  1.00000 | 0.16576 | 0.23703 | 0.35077 | 0.25346 | 0.17035 |-0.00129 | 0.03484 | 0.11802 ||
	||  0.16576 | 1.00000 | 0.00295 | 0.00199 | 0.00261 |-0.00341 |-0.00007 |-0.00307 | 0.00371 ||
	||  0.23703 | 0.00295 | 1.00000 |-0.00548 | 0.00382 |-0.00487 | 0.00970 | 0.00596 |-0.00178 ||
	||  0.35077 | 0.00199 |-0.00548 | 1.00000 |-0.01418 | 0.00782 |-0.00871 |-0.00840 | 0.00356 ||
	||  0.25346 | 0.00261 | 0.00382 |-0.01418 | 1.00000 |-0.00655 |-0.00218 | 0.00730 |-0.00044 ||
	||  0.17035 |-0.00341 |-0.00487 | 0.00782 |-0.00655 | 1.00000 | 0.00315 | 0.00885 |-0.00475 ||
	|| -0.00129 |-0.00007 | 0.00970 |-0.00871 |-0.00218 | 0.00315 | 1.00000 | 0.00073 | 0.00188 ||
	||  0.03484 |-0.00307 | 0.00596 |-0.00840 | 0.00730 | 0.00885 | 0.00073 | 1.00000 |-0.00105 ||
	||  0.11802 | 0.00371 |-0.00178 | 0.00356 |-0.00044 |-0.00475 | 0.00188 |-0.00105 | 1.00000 ||
	||------------------------------------------------------------------------------------------||

	||------------------------------------------------------------------------------------------||
	||                                    OUTPUT COVARIANCE                                     ||
	||------------------------------------------------------------------------------------------||
	||  1.00388 | 0.16554 | 0.23657 | 0.35370 | 0.25094 | 0.17162 |-0.00129 | 0.03491 | 0.11812 ||
	||  0.16554 | 0.99349 | 0.00293 | 0.00200 | 0.00257 |-0.00342 |-0.00007 |-0.00306 | 0.00369 ||
	||  0.23657 | 0.00293 | 0.99224 |-0.00550 | 0.00376 |-0.00488 | 0.00965 | 0.00594 |-0.00177 ||
	||  0.35370 | 0.00200 |-0.00550 | 1.01280 |-0.01410 | 0.00791 |-0.00876 |-0.00845 | 0.00358 ||
	||  0.25094 | 0.00257 | 0.00376 |-0.01410 | 0.97645 |-0.00651 |-0.00216 | 0.00722 |-0.00043 ||
	||  0.17162 |-0.00342 |-0.00488 | 0.00791 |-0.00651 | 1.01108 | 0.00316 | 0.00890 |-0.00477 ||
	|| -0.00129 |-0.00007 | 0.00965 |-0.00876 |-0.00216 | 0.00316 | 0.99712 | 0.00073 | 0.00188 ||
	||  0.03491 |-0.00306 | 0.00594 |-0.00845 | 0.00722 | 0.00890 | 0.00073 | 1.00031 |-0.00105 ||
	||  0.11812 | 0.00369 |-0.00177 | 0.00358 |-0.00043 |-0.00477 | 0.00188 |-0.00105 | 0.99778 ||
	||------------------------------------------------------------------------------------------||


	|-----------------------------------------------------------------|
	|    Copyright (C) 2011-2018 (DRIP)
	|-----------------------------------------------------------------|
	|    Build Version  =&gt; 3.65.0 multi mode
	|    Build JVM (TM) =&gt; 1.8.0_112
	|    Build Snap     =&gt; Wed Jul 18 15:07:54 EST 2018
	|    Start Time     =&gt; Wed Jul 18 15:53:57 EDT 2018
	|    Setup Time     =&gt; Wed Jul 18 15:53:57 EDT 2018
	|    Setup Duration =&gt; 0 ms
	|-----------------------------------------------------------------|


	||-------------------------------------------||
	||                R^1 METRICS                ||
	||-------------------------------------------||
	||    L -&gt; R:                                ||
	||            - Mean                         ||
	||            - Error                        ||
	||            - Variance                     ||
	||            - Standard Deviation           ||
	||-------------------------------------------||
	|| -0.00412 |  0.79811 |  1.00203 |  1.00101 ||
	|| -0.00003 |  0.80094 |  1.00464 |  1.00232 ||
	|| -0.00861 |  0.79348 |  0.98819 |  0.99408 ||
	|| -0.00689 |  0.80031 |  1.00953 |  1.00475 ||
	|| -0.00325 |  0.79629 |  0.99521 |  0.99760 ||
	||  0.00105 |  0.79679 |  0.99622 |  0.99811 ||
	|| -0.00151 |  0.79514 |  0.99134 |  0.99566 ||
	|| -0.00240 |  0.79783 |  0.99867 |  0.99934 ||
	||  0.00592 |  0.79695 |  0.99317 |  0.99658 ||
	||-------------------------------------------||

	||------------------------------------------------------------------------------------------||
	||                                     INPUT CORRELATION                                    ||
	||------------------------------------------------------------------------------------------||
	||  1.00000 | 0.16100 | 0.24500 | 0.35200 | 0.25900 | 0.16600 | 0.00300 | 0.03800 | 0.11400 ||
	||  0.16100 | 1.00000 | 0.00000 | 0.00000 | 0.00000 | 0.00000 | 0.00000 | 0.00000 | 0.00000 ||
	||  0.24500 | 0.00000 | 1.00000 | 0.00000 | 0.00000 | 0.00000 | 0.00000 | 0.00000 | 0.00000 ||
	||  0.35200 | 0.00000 | 0.00000 | 1.00000 | 0.00000 | 0.00000 | 0.00000 | 0.00000 | 0.00000 ||
	||  0.25900 | 0.00000 | 0.00000 | 0.00000 | 1.00000 | 0.00000 | 0.00000 | 0.00000 | 0.00000 ||
	||  0.16600 | 0.00000 | 0.00000 | 0.00000 | 0.00000 | 1.00000 | 0.00000 | 0.00000 | 0.00000 ||
	||  0.00300 | 0.00000 | 0.00000 | 0.00000 | 0.00000 | 0.00000 | 1.00000 | 0.00000 | 0.00000 ||
	||  0.03800 | 0.00000 | 0.00000 | 0.00000 | 0.00000 | 0.00000 | 0.00000 | 1.00000 | 0.00000 ||
	||  0.11400 | 0.00000 | 0.00000 | 0.00000 | 0.00000 | 0.00000 | 0.00000 | 0.00000 | 1.00000 ||
	||------------------------------------------------------------------------------------------||

	||------------------------------------------------------------------------------------------||
	||                                    OUTPUT CORRELATION                                    ||
	||------------------------------------------------------------------------------------------||
	||  1.00000 | 0.15955 | 0.24355 | 0.34898 | 0.25825 | 0.16705 |-0.00032 | 0.04102 | 0.12068 ||
	||  0.15955 | 1.00000 |-0.00213 | 0.00200 |-0.00705 |-0.00145 |-0.00030 | 0.00706 | 0.00464 ||
	||  0.24355 |-0.00213 | 1.00000 |-0.00548 |-0.00317 |-0.00404 |-0.00874 | 0.01037 |-0.00303 ||
	||  0.34898 | 0.00200 |-0.00548 | 1.00000 |-0.00423 | 0.00103 | 0.00271 | 0.00475 | 0.00097 ||
	||  0.25825 |-0.00705 |-0.00317 |-0.00423 | 1.00000 | 0.00955 |-0.00964 | 0.00224 |-0.00051 ||
	||  0.16705 |-0.00145 |-0.00404 | 0.00103 | 0.00955 | 1.00000 | 0.00156 |-0.00179 | 0.00107 ||
	|| -0.00032 |-0.00030 |-0.00874 | 0.00271 |-0.00964 | 0.00156 | 1.00000 |-0.00438 | 0.00517 ||
	||  0.04102 | 0.00706 | 0.01037 | 0.00475 | 0.00224 |-0.00179 |-0.00438 | 1.00000 | 0.00614 ||
	||  0.12068 | 0.00464 |-0.00303 | 0.00097 |-0.00051 | 0.00107 | 0.00517 | 0.00614 | 1.00000 ||
	||------------------------------------------------------------------------------------------||

	||------------------------------------------------------------------------------------------||
	||                                    OUTPUT COVARIANCE                                     ||
	||------------------------------------------------------------------------------------------||
	||  1.00203 | 0.16008 | 0.24235 | 0.35099 | 0.25790 | 0.16691 |-0.00032 | 0.04103 | 0.12039 ||
	||  0.16008 | 1.00464 |-0.00212 | 0.00202 |-0.00705 |-0.00145 |-0.00030 | 0.00707 | 0.00464 ||
	||  0.24235 |-0.00212 | 0.98819 |-0.00548 |-0.00315 |-0.00401 |-0.00865 | 0.01030 |-0.00300 ||
	||  0.35099 | 0.00202 |-0.00548 | 1.00953 |-0.00424 | 0.00103 | 0.00271 | 0.00477 | 0.00097 ||
	||  0.25790 |-0.00705 |-0.00315 |-0.00424 | 0.99521 | 0.00951 |-0.00958 | 0.00223 |-0.00051 ||
	||  0.16691 |-0.00145 |-0.00401 | 0.00103 | 0.00951 | 0.99622 | 0.00155 |-0.00179 | 0.00106 ||
	|| -0.00032 |-0.00030 |-0.00865 | 0.00271 |-0.00958 | 0.00155 | 0.99134 |-0.00435 | 0.00513 ||
	||  0.04103 | 0.00707 | 0.01030 | 0.00477 | 0.00223 |-0.00179 |-0.00435 | 0.99867 | 0.00611 ||
	||  0.12039 | 0.00464 |-0.00300 | 0.00097 |-0.00051 | 0.00106 | 0.00513 | 0.00611 | 0.99317 ||
	||------------------------------------------------------------------------------------------||


	|-----------------------------------------------------------------|
	|    Copyright (C) 2011-2018 (DRIP)
	|-----------------------------------------------------------------|
	|    Build Version  =&gt; 3.65.0 multi mode
	|    Build JVM (TM) =&gt; 1.8.0_112
	|    Build Snap     =&gt; Wed Jul 18 15:07:54 EST 2018
	|    Start Time     =&gt; Wed Jul 18 15:54:00 EDT 2018
	|    Setup Time     =&gt; Wed Jul 18 15:54:00 EDT 2018
	|    Setup Duration =&gt; 0 ms
	|-----------------------------------------------------------------|


	||-------------------------------------------||
	||                R^1 METRICS                ||
	||-------------------------------------------||
	||    L -&gt; R:                                ||
	||            - Mean                         ||
	||            - Error                        ||
	||            - Variance                     ||
	||            - Standard Deviation           ||
	||-------------------------------------------||
	||  0.00298 |  0.79769 |  0.99999 |  1.00000 ||
	|| -0.00175 |  0.79816 |  1.00000 |  1.00000 ||
	||  0.00399 |  0.79788 |  0.99998 |  0.99999 ||
	||  0.00561 |  0.79686 |  0.99997 |  0.99998 ||
	|| -0.00109 |  0.79822 |  1.00000 |  1.00000 ||
	||  0.00712 |  0.79850 |  0.99995 |  0.99997 ||
	||  0.00159 |  0.79755 |  1.00000 |  1.00000 ||
	||  0.00462 |  0.79763 |  0.99998 |  0.99999 ||
	||  0.01019 |  0.79839 |  0.99990 |  0.99995 ||
	||-------------------------------------------||

	||------------------------------------------------------------------------------------------||
	||                                     INPUT CORRELATION                                    ||
	||------------------------------------------------------------------------------------------||
	||  1.00000 | 0.16100 | 0.24500 | 0.35200 | 0.25900 | 0.16600 | 0.00300 | 0.03800 | 0.11400 ||
	||  0.16100 | 1.00000 | 0.00000 | 0.00000 | 0.00000 | 0.00000 | 0.00000 | 0.00000 | 0.00000 ||
	||  0.24500 | 0.00000 | 1.00000 | 0.00000 | 0.00000 | 0.00000 | 0.00000 | 0.00000 | 0.00000 ||
	||  0.35200 | 0.00000 | 0.00000 | 1.00000 | 0.00000 | 0.00000 | 0.00000 | 0.00000 | 0.00000 ||
	||  0.25900 | 0.00000 | 0.00000 | 0.00000 | 1.00000 | 0.00000 | 0.00000 | 0.00000 | 0.00000 ||
	||  0.16600 | 0.00000 | 0.00000 | 0.00000 | 0.00000 | 1.00000 | 0.00000 | 0.00000 | 0.00000 ||
	||  0.00300 | 0.00000 | 0.00000 | 0.00000 | 0.00000 | 0.00000 | 1.00000 | 0.00000 | 0.00000 ||
	||  0.03800 | 0.00000 | 0.00000 | 0.00000 | 0.00000 | 0.00000 | 0.00000 | 1.00000 | 0.00000 ||
	||  0.11400 | 0.00000 | 0.00000 | 0.00000 | 0.00000 | 0.00000 | 0.00000 | 0.00000 | 1.00000 ||
	||------------------------------------------------------------------------------------------||

	||------------------------------------------------------------------------------------------||
	||                                    OUTPUT CORRELATION                                    ||
	||------------------------------------------------------------------------------------------||
	||  1.00000 | 0.15987 | 0.23938 | 0.35094 | 0.26326 | 0.17011 | 0.00763 | 0.03761 | 0.12365 ||
	||  0.15987 | 1.00000 |-0.00276 | 0.00084 | 0.00983 |-0.00074 |-0.00996 |-0.00230 | 0.01031 ||
	||  0.23938 |-0.00276 | 1.00000 |-0.00194 | 0.00389 |-0.00232 |-0.00017 | 0.00331 |-0.00733 ||
	||  0.35094 | 0.00084 |-0.00194 | 1.00000 |-0.00638 | 0.00303 |-0.00066 | 0.01074 | 0.01360 ||
	||  0.26326 | 0.00983 | 0.00389 |-0.00638 | 1.00000 | 0.01097 | 0.00040 |-0.00150 | 0.00211 ||
	||  0.17011 |-0.00074 |-0.00232 | 0.00303 | 0.01097 | 1.00000 | 0.00257 | 0.00072 | 0.00246 ||
	||  0.00763 |-0.00996 |-0.00017 |-0.00066 | 0.00040 | 0.00257 | 1.00000 | 0.00007 | 0.00440 ||
	||  0.03761 |-0.00230 | 0.00331 | 0.01074 |-0.00150 | 0.00072 | 0.00007 | 1.00000 |-0.00804 ||
	||  0.12365 | 0.01031 |-0.00733 | 0.01360 | 0.00211 | 0.00246 | 0.00440 |-0.00804 | 1.00000 ||
	||------------------------------------------------------------------------------------------||

	||------------------------------------------------------------------------------------------||
	||                                    OUTPUT COVARIANCE                                     ||
	||------------------------------------------------------------------------------------------||
	||  0.99999 | 0.15987 | 0.23938 | 0.35093 | 0.26326 | 0.17010 | 0.00763 | 0.03761 | 0.12364 ||
	||  0.15987 | 1.00000 |-0.00276 | 0.00084 | 0.00983 |-0.00074 |-0.00996 |-0.00230 | 0.01031 ||
	||  0.23938 |-0.00276 | 0.99998 |-0.00194 | 0.00389 |-0.00232 |-0.00017 | 0.00331 |-0.00733 ||
	||  0.35093 | 0.00084 |-0.00194 | 0.99997 |-0.00638 | 0.00303 |-0.00066 | 0.01074 | 0.01360 ||
	||  0.26326 | 0.00983 | 0.00389 |-0.00638 | 1.00000 | 0.01097 | 0.00040 |-0.00150 | 0.00211 ||
	||  0.17010 |-0.00074 |-0.00232 | 0.00303 | 0.01097 | 0.99995 | 0.00257 | 0.00072 | 0.00246 ||
	||  0.00763 |-0.00996 |-0.00017 |-0.00066 | 0.00040 | 0.00257 | 1.00000 | 0.00007 | 0.00440 ||
	||  0.03761 |-0.00230 | 0.00331 | 0.01074 |-0.00150 | 0.00072 | 0.00007 | 0.99998 |-0.00804 ||
	||  0.12364 | 0.01031 |-0.00733 | 0.01360 | 0.00211 | 0.00246 | 0.00440 |-0.00804 | 0.99990 ||
	||------------------------------------------------------------------------------------------||


	|-----------------------------------------------------------------|
	|    Copyright (C) 2011-2018 (DRIP)
	|-----------------------------------------------------------------|
	|    Build Version  =&gt; 3.65.0 multi mode
	|    Build JVM (TM) =&gt; 1.8.0_112
	|    Build Snap     =&gt; Wed Jul 18 15:07:54 EST 2018
	|    Start Time     =&gt; Wed Jul 18 15:54:02 EDT 2018
	|    Setup Time     =&gt; Wed Jul 18 15:54:02 EDT 2018
	|    Setup Duration =&gt; 0 ms
	|-----------------------------------------------------------------|


	||-------------------------------------------||
	||                R^1 METRICS                ||
	||-------------------------------------------||
	||    L -&gt; R:                                ||
	||            - Mean                         ||
	||            - Error                        ||
	||            - Variance                     ||
	||            - Standard Deviation           ||
	||-------------------------------------------||
	||  0.00950 |  0.79685 |  0.99989 |  0.99994 ||
	||  0.00800 |  0.79639 |  0.99992 |  0.99996 ||
	||  0.00018 |  0.79677 |  0.99998 |  0.99999 ||
	||  0.00838 |  0.79782 |  0.99991 |  0.99995 ||
	||  0.00121 |  0.79784 |  0.99998 |  0.99999 ||
	||  0.00586 |  0.79670 |  0.99995 |  0.99997 ||
	||  0.00109 |  0.79730 |  0.99998 |  0.99999 ||
	||  0.00107 |  0.79872 |  0.99998 |  0.99999 ||
	|| -0.00037 |  0.79709 |  0.99998 |  0.99999 ||
	||-------------------------------------------||

	||------------------------------------------------------------------------------------------||
	||                                     INPUT CORRELATION                                    ||
	||------------------------------------------------------------------------------------------||
	||  1.00000 | 0.16100 | 0.24500 | 0.35200 | 0.25900 | 0.16600 | 0.00300 | 0.03800 | 0.11400 ||
	||  0.16100 | 1.00000 | 0.00000 | 0.00000 | 0.00000 | 0.00000 | 0.00000 | 0.00000 | 0.00000 ||
	||  0.24500 | 0.00000 | 1.00000 | 0.00000 | 0.00000 | 0.00000 | 0.00000 | 0.00000 | 0.00000 ||
	||  0.35200 | 0.00000 | 0.00000 | 1.00000 | 0.00000 | 0.00000 | 0.00000 | 0.00000 | 0.00000 ||
	||  0.25900 | 0.00000 | 0.00000 | 0.00000 | 1.00000 | 0.00000 | 0.00000 | 0.00000 | 0.00000 ||
	||  0.16600 | 0.00000 | 0.00000 | 0.00000 | 0.00000 | 1.00000 | 0.00000 | 0.00000 | 0.00000 ||
	||  0.00300 | 0.00000 | 0.00000 | 0.00000 | 0.00000 | 0.00000 | 1.00000 | 0.00000 | 0.00000 ||
	||  0.03800 | 0.00000 | 0.00000 | 0.00000 | 0.00000 | 0.00000 | 0.00000 | 1.00000 | 0.00000 ||
	||  0.11400 | 0.00000 | 0.00000 | 0.00000 | 0.00000 | 0.00000 | 0.00000 | 0.00000 | 1.00000 ||
	||------------------------------------------------------------------------------------------||

	||------------------------------------------------------------------------------------------||
	||                                    OUTPUT CORRELATION                                    ||
	||------------------------------------------------------------------------------------------||
	||  1.00000 | 0.16322 | 0.23634 | 0.34823 | 0.26396 | 0.15914 | 0.00069 | 0.04338 | 0.12306 ||
	||  0.16322 | 1.00000 |-0.00684 | 0.00230 |-0.00300 |-0.01309 |-0.00194 | 0.00555 | 0.00124 ||
	||  0.23634 |-0.00684 | 1.00000 |-0.00577 |-0.00274 |-0.00564 | 0.00047 | 0.00552 | 0.00426 ||
	||  0.34823 | 0.00230 |-0.00577 | 1.00000 | 0.00042 | 0.00318 |-0.00206 |-0.00481 | 0.00283 ||
	||  0.26396 |-0.00300 |-0.00274 | 0.00042 | 1.00000 | 0.00596 |-0.00700 | 0.00176 | 0.00434 ||
	||  0.15914 |-0.01309 |-0.00564 | 0.00318 | 0.00596 | 1.00000 | 0.00100 | 0.00207 |-0.00653 ||
	||  0.00069 |-0.00194 | 0.00047 |-0.00206 |-0.00700 | 0.00100 | 1.00000 |-0.00541 |-0.00199 ||
	||  0.04338 | 0.00555 | 0.00552 |-0.00481 | 0.00176 | 0.00207 |-0.00541 | 1.00000 | 0.00804 ||
	||  0.12306 | 0.00124 | 0.00426 | 0.00283 | 0.00434 |-0.00653 |-0.00199 | 0.00804 | 1.00000 ||
	||------------------------------------------------------------------------------------------||

	||------------------------------------------------------------------------------------------||
	||                                    OUTPUT COVARIANCE                                     ||
	||------------------------------------------------------------------------------------------||
	||  0.99989 | 0.16320 | 0.23632 | 0.34819 | 0.26395 | 0.15913 | 0.00069 | 0.04337 | 0.12306 ||
	||  0.16320 | 0.99992 |-0.00684 | 0.00230 |-0.00300 |-0.01309 |-0.00194 | 0.00555 | 0.00124 ||
	||  0.23632 |-0.00684 | 0.99998 |-0.00577 |-0.00274 |-0.00564 | 0.00047 | 0.00552 | 0.00426 ||
	||  0.34819 | 0.00230 |-0.00577 | 0.99991 | 0.00042 | 0.00318 |-0.00206 |-0.00481 | 0.00282 ||
	||  0.26395 |-0.00300 |-0.00274 | 0.00042 | 0.99998 | 0.00596 |-0.00700 | 0.00176 | 0.00434 ||
	||  0.15913 |-0.01309 |-0.00564 | 0.00318 | 0.00596 | 0.99995 | 0.00100 | 0.00207 |-0.00653 ||
	||  0.00069 |-0.00194 | 0.00047 |-0.00206 |-0.00700 | 0.00100 | 0.99998 |-0.00541 |-0.00199 ||
	||  0.04337 | 0.00555 | 0.00552 |-0.00481 | 0.00176 | 0.00207 |-0.00541 | 0.99998 | 0.00804 ||
	||  0.12306 | 0.00124 | 0.00426 | 0.00282 | 0.00434 |-0.00653 |-0.00199 | 0.00804 | 0.99998 ||
	||------------------------------------------------------------------------------------------||

</pre>
</span>
</div>
</div>
<div id="footer">
<p>
<div>
<label class="hidden" id="label-for-line-wrapping-toggle" for="line-wrapping-toggle">Wrap lines
<input id="line-wrapping-toggle" type="checkbox" autocomplete="off"/>
</label>
</div>Generated by 
<a href="http://www.gradle.org">Gradle 3.5</a> at Jul 18, 2018 4:20:06 PM</p>
</div>
</div>
</body>
</html>
