<!DOCTYPE html>
<html>
<head>
<meta http-equiv="Content-Type" content="text/html; charset=utf-8"/>
<meta http-equiv="x-ua-compatible" content="IE=edge"/>
<title>Test results - Class org.drip.coverage.sequence.Statistics</title>
<link href="../css/base-style.css" rel="stylesheet" type="text/css"/>
<link href="../css/style.css" rel="stylesheet" type="text/css"/>
<script src="../js/report.js" type="text/javascript"></script>
</head>
<body>
<div id="content">
<h1>Class org.drip.coverage.sequence.Statistics</h1>
<div class="breadcrumbs">
<a href="../index.html">all</a> &gt; 
<a href="../packages/org.drip.coverage.sequence.html">org.drip.coverage.sequence</a> &gt; Statistics</div>
<div id="summary">
<table>
<tr>
<td>
<div class="summaryGroup">
<table>
<tr>
<td>
<div class="infoBox" id="tests">
<div class="counter">1</div>
<p>tests</p>
</div>
</td>
<td>
<div class="infoBox" id="failures">
<div class="counter">0</div>
<p>failures</p>
</div>
</td>
<td>
<div class="infoBox" id="ignored">
<div class="counter">0</div>
<p>ignored</p>
</div>
</td>
<td>
<div class="infoBox" id="duration">
<div class="counter">10.076s</div>
<p>duration</p>
</div>
</td>
</tr>
</table>
</div>
</td>
<td>
<div class="infoBox success" id="successRate">
<div class="percent">100%</div>
<p>successful</p>
</div>
</td>
</tr>
</table>
</div>
<div id="tabs">
<ul class="tabLinks">
<li>
<a href="#tab0">Tests</a>
</li>
<li>
<a href="#tab1">Standard output</a>
</li>
</ul>
<div id="tab0" class="tab">
<h2>Tests</h2>
<table>
<thead>
<tr>
<th>Test</th>
<th>Duration</th>
<th>Result</th>
</tr>
</thead>
<tr>
<td class="success">codeCoverageTest</td>
<td>10.076s</td>
<td class="success">passed</td>
</tr>
</table>
</div>
<div id="tab1" class="tab">
<h2>Standard output</h2>
<span class="code">
<pre>
	|-----------------------------------------------------------------|
	|    Copyright (C) 2011-2020 (DRIP, DROP)
	|-----------------------------------------------------------------|
	|    Build Version  =&gt; 4.62.0 multi mode
	|    Build JVM (TM) =&gt; 1.8.0_112
	|    Build Snap     =&gt; Sat Jan 11 16:17:35 EST 2019
	|    Start Time     =&gt; Sat Jan 11 21:22:01 EST 2020
	|    Setup Time     =&gt; Sat Jan 11 21:22:01 EST 2020
	|    Setup Duration =&gt; 0 ms
	|-----------------------------------------------------------------|


	||-------------------------------------------||
	||                R^1 METRICS                ||
	||-------------------------------------------||
	||    L -&gt; R:                                ||
	||            - Mean                         ||
	||            - Error                        ||
	||            - Variance                     ||
	||            - Standard Deviation           ||
	||-------------------------------------------||
	||  0.00405 |  0.79576 |  0.99692 |  0.99846 ||
	||  0.00126 |  0.79815 |  0.99877 |  0.99938 ||
	||  0.00102 |  0.80435 |  1.01565 |  1.00780 ||
	||  0.00878 |  0.79729 |  0.99903 |  0.99952 ||
	|| -0.00741 |  0.79397 |  0.98934 |  0.99466 ||
	||  0.00181 |  0.79898 |  1.00212 |  1.00106 ||
	||  0.00240 |  0.79795 |  1.00319 |  1.00159 ||
	|| -0.00063 |  0.79737 |  0.99760 |  0.99880 ||
	|| -0.00335 |  0.79676 |  0.99482 |  0.99741 ||
	||-------------------------------------------||

	||------------------------------------------------------------------------------------------||
	||                                     INPUT CORRELATION                                    ||
	||------------------------------------------------------------------------------------------||
	||  1.00000 | 0.16100 | 0.24500 | 0.35200 | 0.25900 | 0.16600 | 0.00300 | 0.03800 | 0.11400 ||
	||  0.16100 | 1.00000 | 0.00000 | 0.00000 | 0.00000 | 0.00000 | 0.00000 | 0.00000 | 0.00000 ||
	||  0.24500 | 0.00000 | 1.00000 | 0.00000 | 0.00000 | 0.00000 | 0.00000 | 0.00000 | 0.00000 ||
	||  0.35200 | 0.00000 | 0.00000 | 1.00000 | 0.00000 | 0.00000 | 0.00000 | 0.00000 | 0.00000 ||
	||  0.25900 | 0.00000 | 0.00000 | 0.00000 | 1.00000 | 0.00000 | 0.00000 | 0.00000 | 0.00000 ||
	||  0.16600 | 0.00000 | 0.00000 | 0.00000 | 0.00000 | 1.00000 | 0.00000 | 0.00000 | 0.00000 ||
	||  0.00300 | 0.00000 | 0.00000 | 0.00000 | 0.00000 | 0.00000 | 1.00000 | 0.00000 | 0.00000 ||
	||  0.03800 | 0.00000 | 0.00000 | 0.00000 | 0.00000 | 0.00000 | 0.00000 | 1.00000 | 0.00000 ||
	||  0.11400 | 0.00000 | 0.00000 | 0.00000 | 0.00000 | 0.00000 | 0.00000 | 0.00000 | 1.00000 ||
	||------------------------------------------------------------------------------------------||

	||------------------------------------------------------------------------------------------||
	||                                    OUTPUT CORRELATION                                    ||
	||------------------------------------------------------------------------------------------||
	||  1.00000 | 0.16019 | 0.24270 | 0.35407 | 0.25642 | 0.16624 | 0.00487 | 0.03525 | 0.10566 ||
	||  0.16019 | 1.00000 |-0.00730 | 0.00312 | 0.00167 |-0.00051 | 0.00154 | 0.00022 | 0.00051 ||
	||  0.24270 |-0.00730 | 1.00000 |-0.00331 |-0.00224 | 0.00371 | 0.00649 |-0.00765 |-0.00061 ||
	||  0.35407 | 0.00312 |-0.00331 | 1.00000 | 0.00433 |-0.00198 | 0.00004 | 0.00114 |-0.00004 ||
	||  0.25642 | 0.00167 |-0.00224 | 0.00433 | 1.00000 | 0.00288 |-0.00083 | 0.00027 |-0.00653 ||
	||  0.16624 |-0.00051 | 0.00371 |-0.00198 | 0.00288 | 1.00000 |-0.00489 |-0.00193 |-0.00029 ||
	||  0.00487 | 0.00154 | 0.00649 | 0.00004 |-0.00083 |-0.00489 | 1.00000 | 0.00267 |-0.00235 ||
	||  0.03525 | 0.00022 |-0.00765 | 0.00114 | 0.00027 |-0.00193 | 0.00267 | 1.00000 | 0.00258 ||
	||  0.10566 | 0.00051 |-0.00061 |-0.00004 |-0.00653 |-0.00029 |-0.00235 | 0.00258 | 1.00000 ||
	||------------------------------------------------------------------------------------------||

	||------------------------------------------------------------------------------------------||
	||                                    OUTPUT COVARIANCE                                     ||
	||------------------------------------------------------------------------------------------||
	||  0.99692 | 0.15985 | 0.24421 | 0.35335 | 0.25466 | 0.16616 | 0.00487 | 0.03516 | 0.10522 ||
	||  0.15985 | 0.99877 |-0.00736 | 0.00312 | 0.00166 |-0.00051 | 0.00154 | 0.00022 | 0.00050 ||
	||  0.24421 |-0.00736 | 1.01565 |-0.00334 |-0.00224 | 0.00374 | 0.00656 |-0.00771 |-0.00061 ||
	||  0.35335 | 0.00312 |-0.00334 | 0.99903 | 0.00430 |-0.00198 | 0.00004 | 0.00114 |-0.00004 ||
	||  0.25466 | 0.00166 |-0.00224 | 0.00430 | 0.98934 | 0.00287 |-0.00082 | 0.00026 |-0.00648 ||
	||  0.16616 |-0.00051 | 0.00374 |-0.00198 | 0.00287 | 1.00212 |-0.00490 |-0.00193 |-0.00029 ||
	||  0.00487 | 0.00154 | 0.00656 | 0.00004 |-0.00082 |-0.00490 | 1.00319 | 0.00268 |-0.00235 ||
	||  0.03516 | 0.00022 |-0.00771 | 0.00114 | 0.00026 |-0.00193 | 0.00268 | 0.99760 | 0.00257 ||
	||  0.10522 | 0.00050 |-0.00061 |-0.00004 |-0.00648 |-0.00029 |-0.00235 | 0.00257 | 0.99482 ||
	||------------------------------------------------------------------------------------------||


	|-----------------------------------------------------------------|
	|    Copyright (C) 2011-2020 (DRIP, DROP)
	|-----------------------------------------------------------------|
	|    Build Version  =&gt; 4.62.0 multi mode
	|    Build JVM (TM) =&gt; 1.8.0_112
	|    Build Snap     =&gt; Sat Jan 11 16:17:35 EST 2019
	|    Start Time     =&gt; Sat Jan 11 21:22:03 EST 2020
	|    Setup Time     =&gt; Sat Jan 11 21:22:03 EST 2020
	|    Setup Duration =&gt; 1 ms
	|-----------------------------------------------------------------|


	||-------------------------------------------||
	||                R^1 METRICS                ||
	||-------------------------------------------||
	||    L -&gt; R:                                ||
	||            - Mean                         ||
	||            - Error                        ||
	||            - Variance                     ||
	||            - Standard Deviation           ||
	||-------------------------------------------||
	||  0.00552 |  0.79386 |  0.99120 |  0.99559 ||
	||  0.00059 |  0.79806 |  0.99748 |  0.99874 ||
	||  0.00604 |  0.79722 |  0.99478 |  0.99739 ||
	||  0.00446 |  0.79631 |  0.99847 |  0.99924 ||
	|| -0.00612 |  0.79485 |  0.98921 |  0.99459 ||
	||  0.00438 |  0.79765 |  1.00032 |  1.00016 ||
	|| -0.00294 |  0.79912 |  1.00143 |  1.00071 ||
	|| -0.00395 |  0.79616 |  0.99719 |  0.99859 ||
	||  0.00620 |  0.79737 |  1.00104 |  1.00052 ||
	||-------------------------------------------||

	||------------------------------------------------------------------------------------------||
	||                                     INPUT CORRELATION                                    ||
	||------------------------------------------------------------------------------------------||
	||  1.00000 | 0.16100 | 0.24500 | 0.35200 | 0.25900 | 0.16600 | 0.00300 | 0.03800 | 0.11400 ||
	||  0.16100 | 1.00000 | 0.00000 | 0.00000 | 0.00000 | 0.00000 | 0.00000 | 0.00000 | 0.00000 ||
	||  0.24500 | 0.00000 | 1.00000 | 0.00000 | 0.00000 | 0.00000 | 0.00000 | 0.00000 | 0.00000 ||
	||  0.35200 | 0.00000 | 0.00000 | 1.00000 | 0.00000 | 0.00000 | 0.00000 | 0.00000 | 0.00000 ||
	||  0.25900 | 0.00000 | 0.00000 | 0.00000 | 1.00000 | 0.00000 | 0.00000 | 0.00000 | 0.00000 ||
	||  0.16600 | 0.00000 | 0.00000 | 0.00000 | 0.00000 | 1.00000 | 0.00000 | 0.00000 | 0.00000 ||
	||  0.00300 | 0.00000 | 0.00000 | 0.00000 | 0.00000 | 0.00000 | 1.00000 | 0.00000 | 0.00000 ||
	||  0.03800 | 0.00000 | 0.00000 | 0.00000 | 0.00000 | 0.00000 | 0.00000 | 1.00000 | 0.00000 ||
	||  0.11400 | 0.00000 | 0.00000 | 0.00000 | 0.00000 | 0.00000 | 0.00000 | 0.00000 | 1.00000 ||
	||------------------------------------------------------------------------------------------||

	||------------------------------------------------------------------------------------------||
	||                                    OUTPUT CORRELATION                                    ||
	||------------------------------------------------------------------------------------------||
	||  1.00000 | 0.16967 | 0.24403 | 0.34974 | 0.25330 | 0.16415 |-0.00159 | 0.02730 | 0.11841 ||
	||  0.16967 | 1.00000 | 0.00769 |-0.00354 | 0.00070 | 0.00122 |-0.00117 |-0.00326 |-0.00165 ||
	||  0.24403 | 0.00769 | 1.00000 |-0.00392 | 0.00093 | 0.00606 |-0.00360 |-0.00669 | 0.00252 ||
	||  0.34974 |-0.00354 |-0.00392 | 1.00000 |-0.00541 | 0.00123 |-0.00306 | 0.00123 | 0.00526 ||
	||  0.25330 | 0.00070 | 0.00093 |-0.00541 | 1.00000 |-0.00946 |-0.00264 |-0.00365 |-0.00050 ||
	||  0.16415 | 0.00122 | 0.00606 | 0.00123 |-0.00946 | 1.00000 |-0.00755 |-0.00213 |-0.00195 ||
	|| -0.00159 |-0.00117 |-0.00360 |-0.00306 |-0.00264 |-0.00755 | 1.00000 | 0.00032 | 0.00124 ||
	||  0.02730 |-0.00326 |-0.00669 | 0.00123 |-0.00365 |-0.00213 | 0.00032 | 1.00000 | 0.00001 ||
	||  0.11841 |-0.00165 | 0.00252 | 0.00526 |-0.00050 |-0.00195 | 0.00124 | 0.00001 | 1.00000 ||
	||------------------------------------------------------------------------------------------||

	||------------------------------------------------------------------------------------------||
	||                                    OUTPUT COVARIANCE                                     ||
	||------------------------------------------------------------------------------------------||
	||  0.99120 | 0.16871 | 0.24232 | 0.34793 | 0.25082 | 0.16345 |-0.00159 | 0.02714 | 0.11795 ||
	||  0.16871 | 0.99748 | 0.00766 |-0.00354 | 0.00070 | 0.00122 |-0.00117 |-0.00325 |-0.00165 ||
	||  0.24232 | 0.00766 | 0.99478 |-0.00391 | 0.00092 | 0.00605 |-0.00360 |-0.00667 | 0.00252 ||
	||  0.34793 |-0.00354 |-0.00391 | 0.99847 |-0.00538 | 0.00123 |-0.00306 | 0.00123 | 0.00526 ||
	||  0.25082 | 0.00070 | 0.00092 |-0.00538 | 0.98921 |-0.00941 |-0.00262 |-0.00362 |-0.00050 ||
	||  0.16345 | 0.00122 | 0.00605 | 0.00123 |-0.00941 | 1.00032 |-0.00756 |-0.00213 |-0.00195 ||
	|| -0.00159 |-0.00117 |-0.00360 |-0.00306 |-0.00262 |-0.00756 | 1.00143 | 0.00032 | 0.00124 ||
	||  0.02714 |-0.00325 |-0.00667 | 0.00123 |-0.00362 |-0.00213 | 0.00032 | 0.99719 | 0.00001 ||
	||  0.11795 |-0.00165 | 0.00252 | 0.00526 |-0.00050 |-0.00195 | 0.00124 | 0.00001 | 1.00104 ||
	||------------------------------------------------------------------------------------------||


	|-----------------------------------------------------------------|
	|    Copyright (C) 2011-2020 (DRIP, DROP)
	|-----------------------------------------------------------------|
	|    Build Version  =&gt; 4.62.0 multi mode
	|    Build JVM (TM) =&gt; 1.8.0_112
	|    Build Snap     =&gt; Sat Jan 11 16:17:35 EST 2019
	|    Start Time     =&gt; Sat Jan 11 21:22:06 EST 2020
	|    Setup Time     =&gt; Sat Jan 11 21:22:06 EST 2020
	|    Setup Duration =&gt; 1 ms
	|-----------------------------------------------------------------|


	||-------------------------------------------||
	||                R^1 METRICS                ||
	||-------------------------------------------||
	||    L -&gt; R:                                ||
	||            - Mean                         ||
	||            - Error                        ||
	||            - Variance                     ||
	||            - Standard Deviation           ||
	||-------------------------------------------||
	|| -0.00156 |  0.79836 |  1.00000 |  1.00000 ||
	||  0.00480 |  0.79629 |  0.99998 |  0.99999 ||
	|| -0.00223 |  0.79791 |  1.00000 |  1.00000 ||
	|| -0.00436 |  0.79840 |  0.99998 |  0.99999 ||
	||  0.00017 |  0.79850 |  1.00000 |  1.00000 ||
	||  0.01354 |  0.79743 |  0.99982 |  0.99991 ||
	|| -0.00228 |  0.79763 |  0.99999 |  1.00000 ||
	||  0.00528 |  0.79865 |  0.99997 |  0.99999 ||
	|| -0.00120 |  0.79715 |  1.00000 |  1.00000 ||
	||-------------------------------------------||

	||------------------------------------------------------------------------------------------||
	||                                     INPUT CORRELATION                                    ||
	||------------------------------------------------------------------------------------------||
	||  1.00000 | 0.16100 | 0.24500 | 0.35200 | 0.25900 | 0.16600 | 0.00300 | 0.03800 | 0.11400 ||
	||  0.16100 | 1.00000 | 0.00000 | 0.00000 | 0.00000 | 0.00000 | 0.00000 | 0.00000 | 0.00000 ||
	||  0.24500 | 0.00000 | 1.00000 | 0.00000 | 0.00000 | 0.00000 | 0.00000 | 0.00000 | 0.00000 ||
	||  0.35200 | 0.00000 | 0.00000 | 1.00000 | 0.00000 | 0.00000 | 0.00000 | 0.00000 | 0.00000 ||
	||  0.25900 | 0.00000 | 0.00000 | 0.00000 | 1.00000 | 0.00000 | 0.00000 | 0.00000 | 0.00000 ||
	||  0.16600 | 0.00000 | 0.00000 | 0.00000 | 0.00000 | 1.00000 | 0.00000 | 0.00000 | 0.00000 ||
	||  0.00300 | 0.00000 | 0.00000 | 0.00000 | 0.00000 | 0.00000 | 1.00000 | 0.00000 | 0.00000 ||
	||  0.03800 | 0.00000 | 0.00000 | 0.00000 | 0.00000 | 0.00000 | 0.00000 | 1.00000 | 0.00000 ||
	||  0.11400 | 0.00000 | 0.00000 | 0.00000 | 0.00000 | 0.00000 | 0.00000 | 0.00000 | 1.00000 ||
	||------------------------------------------------------------------------------------------||

	||------------------------------------------------------------------------------------------||
	||                                    OUTPUT CORRELATION                                    ||
	||------------------------------------------------------------------------------------------||
	||  1.00000 | 0.15245 | 0.25842 | 0.34724 | 0.26351 | 0.16211 |-0.00045 | 0.03675 | 0.11328 ||
	||  0.15245 | 1.00000 |-0.00394 |-0.00251 |-0.00041 |-0.00390 |-0.00545 |-0.00977 |-0.00074 ||
	||  0.25842 |-0.00394 | 1.00000 | 0.00490 | 0.00716 | 0.00140 |-0.00463 | 0.00337 | 0.00703 ||
	||  0.34724 |-0.00251 | 0.00490 | 1.00000 | 0.00033 | 0.00294 | 0.00437 | 0.00299 |-0.00504 ||
	||  0.26351 |-0.00041 | 0.00716 | 0.00033 | 1.00000 |-0.00407 |-0.00059 |-0.00097 |-0.00087 ||
	||  0.16211 |-0.00390 | 0.00140 | 0.00294 |-0.00407 | 1.00000 | 0.00355 | 0.00211 |-0.00374 ||
	|| -0.00045 |-0.00545 |-0.00463 | 0.00437 |-0.00059 | 0.00355 | 1.00000 | 0.00718 | 0.00537 ||
	||  0.03675 |-0.00977 | 0.00337 | 0.00299 |-0.00097 | 0.00211 | 0.00718 | 1.00000 | 0.00453 ||
	||  0.11328 |-0.00074 | 0.00703 |-0.00504 |-0.00087 |-0.00374 | 0.00537 | 0.00453 | 1.00000 ||
	||------------------------------------------------------------------------------------------||

	||------------------------------------------------------------------------------------------||
	||                                    OUTPUT COVARIANCE                                     ||
	||------------------------------------------------------------------------------------------||
	||  1.00000 | 0.15245 | 0.25842 | 0.34724 | 0.26351 | 0.16209 |-0.00045 | 0.03675 | 0.11328 ||
	||  0.15245 | 0.99998 |-0.00394 |-0.00251 |-0.00041 |-0.00390 |-0.00545 |-0.00977 |-0.00074 ||
	||  0.25842 |-0.00394 | 1.00000 | 0.00490 | 0.00716 | 0.00140 |-0.00463 | 0.00337 | 0.00703 ||
	||  0.34724 |-0.00251 | 0.00490 | 0.99998 | 0.00033 | 0.00294 | 0.00437 | 0.00298 |-0.00504 ||
	||  0.26351 |-0.00041 | 0.00716 | 0.00033 | 1.00000 |-0.00407 |-0.00059 |-0.00097 |-0.00087 ||
	||  0.16209 |-0.00390 | 0.00140 | 0.00294 |-0.00407 | 0.99982 | 0.00355 | 0.00211 |-0.00374 ||
	|| -0.00045 |-0.00545 |-0.00463 | 0.00437 |-0.00059 | 0.00355 | 0.99999 | 0.00718 | 0.00537 ||
	||  0.03675 |-0.00977 | 0.00337 | 0.00298 |-0.00097 | 0.00211 | 0.00718 | 0.99997 | 0.00453 ||
	||  0.11328 |-0.00074 | 0.00703 |-0.00504 |-0.00087 |-0.00374 | 0.00537 | 0.00453 | 1.00000 ||
	||------------------------------------------------------------------------------------------||


	|-----------------------------------------------------------------|
	|    Copyright (C) 2011-2020 (DRIP, DROP)
	|-----------------------------------------------------------------|
	|    Build Version  =&gt; 4.62.0 multi mode
	|    Build JVM (TM) =&gt; 1.8.0_112
	|    Build Snap     =&gt; Sat Jan 11 16:17:35 EST 2019
	|    Start Time     =&gt; Sat Jan 11 21:22:08 EST 2020
	|    Setup Time     =&gt; Sat Jan 11 21:22:08 EST 2020
	|    Setup Duration =&gt; 0 ms
	|-----------------------------------------------------------------|


	||-------------------------------------------||
	||                R^1 METRICS                ||
	||-------------------------------------------||
	||    L -&gt; R:                                ||
	||            - Mean                         ||
	||            - Error                        ||
	||            - Variance                     ||
	||            - Standard Deviation           ||
	||-------------------------------------------||
	||  0.00067 |  0.79704 |  0.99998 |  0.99999 ||
	||  0.00455 |  0.79725 |  0.99996 |  0.99998 ||
	|| -0.00393 |  0.79689 |  0.99996 |  0.99998 ||
	||  0.00089 |  0.79804 |  0.99998 |  0.99999 ||
	|| -0.00116 |  0.79727 |  0.99998 |  0.99999 ||
	||  0.00123 |  0.79805 |  0.99998 |  0.99999 ||
	|| -0.00026 |  0.79553 |  0.99998 |  0.99999 ||
	|| -0.00039 |  0.79610 |  0.99998 |  0.99999 ||
	||  0.00489 |  0.79765 |  0.99996 |  0.99998 ||
	||-------------------------------------------||

	||------------------------------------------------------------------------------------------||
	||                                     INPUT CORRELATION                                    ||
	||------------------------------------------------------------------------------------------||
	||  1.00000 | 0.16100 | 0.24500 | 0.35200 | 0.25900 | 0.16600 | 0.00300 | 0.03800 | 0.11400 ||
	||  0.16100 | 1.00000 | 0.00000 | 0.00000 | 0.00000 | 0.00000 | 0.00000 | 0.00000 | 0.00000 ||
	||  0.24500 | 0.00000 | 1.00000 | 0.00000 | 0.00000 | 0.00000 | 0.00000 | 0.00000 | 0.00000 ||
	||  0.35200 | 0.00000 | 0.00000 | 1.00000 | 0.00000 | 0.00000 | 0.00000 | 0.00000 | 0.00000 ||
	||  0.25900 | 0.00000 | 0.00000 | 0.00000 | 1.00000 | 0.00000 | 0.00000 | 0.00000 | 0.00000 ||
	||  0.16600 | 0.00000 | 0.00000 | 0.00000 | 0.00000 | 1.00000 | 0.00000 | 0.00000 | 0.00000 ||
	||  0.00300 | 0.00000 | 0.00000 | 0.00000 | 0.00000 | 0.00000 | 1.00000 | 0.00000 | 0.00000 ||
	||  0.03800 | 0.00000 | 0.00000 | 0.00000 | 0.00000 | 0.00000 | 0.00000 | 1.00000 | 0.00000 ||
	||  0.11400 | 0.00000 | 0.00000 | 0.00000 | 0.00000 | 0.00000 | 0.00000 | 0.00000 | 1.00000 ||
	||------------------------------------------------------------------------------------------||

	||------------------------------------------------------------------------------------------||
	||                                    OUTPUT CORRELATION                                    ||
	||------------------------------------------------------------------------------------------||
	||  1.00000 | 0.15904 | 0.26023 | 0.35713 | 0.26078 | 0.16982 | 0.00217 | 0.03661 | 0.11453 ||
	||  0.15904 | 1.00000 |-0.00403 |-0.00349 | 0.00462 |-0.00583 |-0.00407 |-0.00061 | 0.00944 ||
	||  0.26023 |-0.00403 | 1.00000 | 0.00750 | 0.00940 | 0.00288 |-0.00335 |-0.00347 | 0.00389 ||
	||  0.35713 |-0.00349 | 0.00750 | 1.00000 | 0.00695 |-0.00733 |-0.00218 |-0.00358 | 0.00207 ||
	||  0.26078 | 0.00462 | 0.00940 | 0.00695 | 1.00000 |-0.00186 | 0.00736 |-0.00409 |-0.00060 ||
	||  0.16982 |-0.00583 | 0.00288 |-0.00733 |-0.00186 | 1.00000 |-0.00715 |-0.00396 |-0.00040 ||
	||  0.00217 |-0.00407 |-0.00335 |-0.00218 | 0.00736 |-0.00715 | 1.00000 | 0.00183 | 0.00065 ||
	||  0.03661 |-0.00061 |-0.00347 |-0.00358 |-0.00409 |-0.00396 | 0.00183 | 1.00000 |-0.00166 ||
	||  0.11453 | 0.00944 | 0.00389 | 0.00207 |-0.00060 |-0.00040 | 0.00065 |-0.00166 | 1.00000 ||
	||------------------------------------------------------------------------------------------||

	||------------------------------------------------------------------------------------------||
	||                                    OUTPUT COVARIANCE                                     ||
	||------------------------------------------------------------------------------------------||
	||  0.99998 | 0.15904 | 0.26022 | 0.35713 | 0.26078 | 0.16981 | 0.00217 | 0.03661 | 0.11453 ||
	||  0.15904 | 0.99996 |-0.00403 |-0.00349 | 0.00462 |-0.00583 |-0.00407 |-0.00061 | 0.00944 ||
	||  0.26022 |-0.00403 | 0.99996 | 0.00750 | 0.00940 | 0.00288 |-0.00335 |-0.00347 | 0.00389 ||
	||  0.35713 |-0.00349 | 0.00750 | 0.99998 | 0.00695 |-0.00733 |-0.00218 |-0.00358 | 0.00206 ||
	||  0.26078 | 0.00462 | 0.00940 | 0.00695 | 0.99998 |-0.00186 | 0.00736 |-0.00409 |-0.00060 ||
	||  0.16981 |-0.00583 | 0.00288 |-0.00733 |-0.00186 | 0.99998 |-0.00715 |-0.00396 |-0.00040 ||
	||  0.00217 |-0.00407 |-0.00335 |-0.00218 | 0.00736 |-0.00715 | 0.99998 | 0.00183 | 0.00065 ||
	||  0.03661 |-0.00061 |-0.00347 |-0.00358 |-0.00409 |-0.00396 | 0.00183 | 0.99998 |-0.00166 ||
	||  0.11453 | 0.00944 | 0.00389 | 0.00206 |-0.00060 |-0.00040 | 0.00065 |-0.00166 | 0.99996 ||
	||------------------------------------------------------------------------------------------||

</pre>
</span>
</div>
</div>
<div id="footer">
<p>
<div>
<label class="hidden" id="label-for-line-wrapping-toggle" for="line-wrapping-toggle">Wrap lines
<input id="line-wrapping-toggle" type="checkbox" autocomplete="off"/>
</label>
</div>Generated by 
<a href="http://www.gradle.org">Gradle 3.5</a> at Jan 11, 2020 9:48:29 PM</p>
</div>
</div>
</body>
</html>
