<!DOCTYPE html>
<html>
<head>
<meta http-equiv="Content-Type" content="text/html; charset=utf-8"/>
<meta http-equiv="x-ua-compatible" content="IE=edge"/>
<title>Test results - Class org.drip.coverage.sequence.Statistics</title>
<link href="../css/base-style.css" rel="stylesheet" type="text/css"/>
<link href="../css/style.css" rel="stylesheet" type="text/css"/>
<script src="../js/report.js" type="text/javascript"></script>
</head>
<body>
<div id="content">
<h1>Class org.drip.coverage.sequence.Statistics</h1>
<div class="breadcrumbs">
<a href="../index.html">all</a> &gt; 
<a href="../packages/org.drip.coverage.sequence.html">org.drip.coverage.sequence</a> &gt; Statistics</div>
<div id="summary">
<table>
<tr>
<td>
<div class="summaryGroup">
<table>
<tr>
<td>
<div class="infoBox" id="tests">
<div class="counter">1</div>
<p>tests</p>
</div>
</td>
<td>
<div class="infoBox" id="failures">
<div class="counter">0</div>
<p>failures</p>
</div>
</td>
<td>
<div class="infoBox" id="ignored">
<div class="counter">0</div>
<p>ignored</p>
</div>
</td>
<td>
<div class="infoBox" id="duration">
<div class="counter">9.529s</div>
<p>duration</p>
</div>
</td>
</tr>
</table>
</div>
</td>
<td>
<div class="infoBox success" id="successRate">
<div class="percent">100%</div>
<p>successful</p>
</div>
</td>
</tr>
</table>
</div>
<div id="tabs">
<ul class="tabLinks">
<li>
<a href="#tab0">Tests</a>
</li>
<li>
<a href="#tab1">Standard output</a>
</li>
</ul>
<div id="tab0" class="tab">
<h2>Tests</h2>
<table>
<thead>
<tr>
<th>Test</th>
<th>Duration</th>
<th>Result</th>
</tr>
</thead>
<tr>
<td class="success">codeCoverageTest</td>
<td>9.529s</td>
<td class="success">passed</td>
</tr>
</table>
</div>
<div id="tab1" class="tab">
<h2>Standard output</h2>
<span class="code">
<pre>
	|-----------------------------------------------------------------|
	|    Copyright (C) 2011-2019 (DRIP, DROP)
	|-----------------------------------------------------------------|
	|    Build Version  =&gt; 4.15.0 multi mode
	|    Build JVM (TM) =&gt; 1.8.0_112
	|    Build Snap     =&gt; Wed Apr 24 12:35:43 EST 2019
	|    Start Time     =&gt; Wed Apr 24 13:49:31 EDT 2019
	|    Setup Time     =&gt; Wed Apr 24 13:49:31 EDT 2019
	|    Setup Duration =&gt; 0 ms
	|-----------------------------------------------------------------|


	||-------------------------------------------||
	||                R^1 METRICS                ||
	||-------------------------------------------||
	||    L -&gt; R:                                ||
	||            - Mean                         ||
	||            - Error                        ||
	||            - Variance                     ||
	||            - Standard Deviation           ||
	||-------------------------------------------||
	||  0.00310 |  0.79861 |  1.00221 |  1.00110 ||
	||  0.00163 |  0.79651 |  0.99368 |  0.99684 ||
	||  0.00042 |  0.79565 |  0.99814 |  0.99907 ||
	|| -0.00162 |  0.80150 |  1.00575 |  1.00287 ||
	||  0.00394 |  0.80124 |  1.00334 |  1.00167 ||
	|| -0.00577 |  0.79440 |  0.98937 |  0.99467 ||
	|| -0.00550 |  0.79696 |  0.99840 |  0.99920 ||
	|| -0.00481 |  0.79558 |  0.99760 |  0.99880 ||
	||  0.00064 |  0.79445 |  0.99114 |  0.99556 ||
	||-------------------------------------------||

	||------------------------------------------------------------------------------------------||
	||                                     INPUT CORRELATION                                    ||
	||------------------------------------------------------------------------------------------||
	||  1.00000 | 0.16100 | 0.24500 | 0.35200 | 0.25900 | 0.16600 | 0.00300 | 0.03800 | 0.11400 ||
	||  0.16100 | 1.00000 | 0.00000 | 0.00000 | 0.00000 | 0.00000 | 0.00000 | 0.00000 | 0.00000 ||
	||  0.24500 | 0.00000 | 1.00000 | 0.00000 | 0.00000 | 0.00000 | 0.00000 | 0.00000 | 0.00000 ||
	||  0.35200 | 0.00000 | 0.00000 | 1.00000 | 0.00000 | 0.00000 | 0.00000 | 0.00000 | 0.00000 ||
	||  0.25900 | 0.00000 | 0.00000 | 0.00000 | 1.00000 | 0.00000 | 0.00000 | 0.00000 | 0.00000 ||
	||  0.16600 | 0.00000 | 0.00000 | 0.00000 | 0.00000 | 1.00000 | 0.00000 | 0.00000 | 0.00000 ||
	||  0.00300 | 0.00000 | 0.00000 | 0.00000 | 0.00000 | 0.00000 | 1.00000 | 0.00000 | 0.00000 ||
	||  0.03800 | 0.00000 | 0.00000 | 0.00000 | 0.00000 | 0.00000 | 0.00000 | 1.00000 | 0.00000 ||
	||  0.11400 | 0.00000 | 0.00000 | 0.00000 | 0.00000 | 0.00000 | 0.00000 | 0.00000 | 1.00000 ||
	||------------------------------------------------------------------------------------------||

	||------------------------------------------------------------------------------------------||
	||                                    OUTPUT CORRELATION                                    ||
	||------------------------------------------------------------------------------------------||
	||  1.00000 | 0.15648 | 0.24341 | 0.35341 | 0.25532 | 0.16806 |-0.00012 | 0.03140 | 0.11573 ||
	||  0.15648 | 1.00000 |-0.00014 |-0.00122 |-0.00188 |-0.00008 |-0.00154 |-0.01116 | 0.00387 ||
	||  0.24341 |-0.00014 | 1.00000 |-0.00072 |-0.00162 |-0.00203 |-0.00572 |-0.00146 |-0.00084 ||
	||  0.35341 |-0.00122 |-0.00072 | 1.00000 |-0.00761 | 0.00415 |-0.00375 |-0.00448 | 0.00771 ||
	||  0.25532 |-0.00188 |-0.00162 |-0.00761 | 1.00000 | 0.00037 | 0.00354 | 0.00390 |-0.00258 ||
	||  0.16806 |-0.00008 |-0.00203 | 0.00415 | 0.00037 | 1.00000 |-0.00361 |-0.00352 |-0.00378 ||
	|| -0.00012 |-0.00154 |-0.00572 |-0.00375 | 0.00354 |-0.00361 | 1.00000 | 0.00034 | 0.00650 ||
	||  0.03140 |-0.01116 |-0.00146 |-0.00448 | 0.00390 |-0.00352 | 0.00034 | 1.00000 | 0.00056 ||
	||  0.11573 | 0.00387 |-0.00084 | 0.00771 |-0.00258 |-0.00378 | 0.00650 | 0.00056 | 1.00000 ||
	||------------------------------------------------------------------------------------------||

	||------------------------------------------------------------------------------------------||
	||                                    OUTPUT COVARIANCE                                     ||
	||------------------------------------------------------------------------------------------||
	||  1.00221 | 0.15616 | 0.24345 | 0.35482 | 0.25603 | 0.16735 |-0.00012 | 0.03140 | 0.11534 ||
	||  0.15616 | 0.99368 |-0.00014 |-0.00122 |-0.00187 |-0.00008 |-0.00154 |-0.01111 | 0.00384 ||
	||  0.24345 |-0.00014 | 0.99814 |-0.00072 |-0.00162 |-0.00202 |-0.00571 |-0.00146 |-0.00084 ||
	||  0.35482 |-0.00122 |-0.00072 | 1.00575 |-0.00765 | 0.00414 |-0.00376 |-0.00449 | 0.00770 ||
	||  0.25603 |-0.00187 |-0.00162 |-0.00765 | 1.00334 | 0.00037 | 0.00355 | 0.00390 |-0.00257 ||
	||  0.16735 |-0.00008 |-0.00202 | 0.00414 | 0.00037 | 0.98937 |-0.00359 |-0.00350 |-0.00375 ||
	|| -0.00012 |-0.00154 |-0.00571 |-0.00376 | 0.00355 |-0.00359 | 0.99840 | 0.00034 | 0.00647 ||
	||  0.03140 |-0.01111 |-0.00146 |-0.00449 | 0.00390 |-0.00350 | 0.00034 | 0.99760 | 0.00056 ||
	||  0.11534 | 0.00384 |-0.00084 | 0.00770 |-0.00257 |-0.00375 | 0.00647 | 0.00056 | 0.99114 ||
	||------------------------------------------------------------------------------------------||


	|-----------------------------------------------------------------|
	|    Copyright (C) 2011-2019 (DRIP, DROP)
	|-----------------------------------------------------------------|
	|    Build Version  =&gt; 4.15.0 multi mode
	|    Build JVM (TM) =&gt; 1.8.0_112
	|    Build Snap     =&gt; Wed Apr 24 12:35:43 EST 2019
	|    Start Time     =&gt; Wed Apr 24 13:49:34 EDT 2019
	|    Setup Time     =&gt; Wed Apr 24 13:49:34 EDT 2019
	|    Setup Duration =&gt; 0 ms
	|-----------------------------------------------------------------|


	||-------------------------------------------||
	||                R^1 METRICS                ||
	||-------------------------------------------||
	||    L -&gt; R:                                ||
	||            - Mean                         ||
	||            - Error                        ||
	||            - Variance                     ||
	||            - Standard Deviation           ||
	||-------------------------------------------||
	|| -0.00333 |  0.79877 |  1.00262 |  1.00131 ||
	|| -0.00179 |  0.79582 |  0.99344 |  0.99671 ||
	||  0.00340 |  0.79825 |  0.99863 |  0.99931 ||
	||  0.00227 |  0.79746 |  0.99539 |  0.99769 ||
	|| -0.00596 |  0.80341 |  1.01715 |  1.00854 ||
	|| -0.00197 |  0.79806 |  0.99937 |  0.99969 ||
	||  0.00529 |  0.79861 |  0.99849 |  0.99924 ||
	||  0.00687 |  0.80039 |  1.00287 |  1.00144 ||
	|| -0.00021 |  0.79522 |  0.99409 |  0.99704 ||
	||-------------------------------------------||

	||------------------------------------------------------------------------------------------||
	||                                     INPUT CORRELATION                                    ||
	||------------------------------------------------------------------------------------------||
	||  1.00000 | 0.16100 | 0.24500 | 0.35200 | 0.25900 | 0.16600 | 0.00300 | 0.03800 | 0.11400 ||
	||  0.16100 | 1.00000 | 0.00000 | 0.00000 | 0.00000 | 0.00000 | 0.00000 | 0.00000 | 0.00000 ||
	||  0.24500 | 0.00000 | 1.00000 | 0.00000 | 0.00000 | 0.00000 | 0.00000 | 0.00000 | 0.00000 ||
	||  0.35200 | 0.00000 | 0.00000 | 1.00000 | 0.00000 | 0.00000 | 0.00000 | 0.00000 | 0.00000 ||
	||  0.25900 | 0.00000 | 0.00000 | 0.00000 | 1.00000 | 0.00000 | 0.00000 | 0.00000 | 0.00000 ||
	||  0.16600 | 0.00000 | 0.00000 | 0.00000 | 0.00000 | 1.00000 | 0.00000 | 0.00000 | 0.00000 ||
	||  0.00300 | 0.00000 | 0.00000 | 0.00000 | 0.00000 | 0.00000 | 1.00000 | 0.00000 | 0.00000 ||
	||  0.03800 | 0.00000 | 0.00000 | 0.00000 | 0.00000 | 0.00000 | 0.00000 | 1.00000 | 0.00000 ||
	||  0.11400 | 0.00000 | 0.00000 | 0.00000 | 0.00000 | 0.00000 | 0.00000 | 0.00000 | 1.00000 ||
	||------------------------------------------------------------------------------------------||

	||------------------------------------------------------------------------------------------||
	||                                    OUTPUT CORRELATION                                    ||
	||------------------------------------------------------------------------------------------||
	||  1.00000 | 0.15703 | 0.24780 | 0.35204 | 0.25388 | 0.17043 | 0.00586 | 0.04188 | 0.11580 ||
	||  0.15703 | 1.00000 |-0.00425 | 0.00383 |-0.00085 | 0.00479 | 0.00261 |-0.00645 | 0.00685 ||
	||  0.24780 |-0.00425 | 1.00000 | 0.00234 | 0.00374 | 0.00421 |-0.00579 | 0.00750 | 0.00192 ||
	||  0.35204 | 0.00383 | 0.00234 | 1.00000 |-0.00635 | 0.00609 |-0.00164 |-0.00126 | 0.00168 ||
	||  0.25388 |-0.00085 | 0.00374 |-0.00635 | 1.00000 |-0.00017 |-0.00427 | 0.00735 |-0.00243 ||
	||  0.17043 | 0.00479 | 0.00421 | 0.00609 |-0.00017 | 1.00000 | 0.00139 |-0.00715 |-0.00179 ||
	||  0.00586 | 0.00261 |-0.00579 |-0.00164 |-0.00427 | 0.00139 | 1.00000 | 0.00248 |-0.00173 ||
	||  0.04188 |-0.00645 | 0.00750 |-0.00126 | 0.00735 |-0.00715 | 0.00248 | 1.00000 | 0.00186 ||
	||  0.11580 | 0.00685 | 0.00192 | 0.00168 |-0.00243 |-0.00179 |-0.00173 | 0.00186 | 1.00000 ||
	||------------------------------------------------------------------------------------------||

	||------------------------------------------------------------------------------------------||
	||                                    OUTPUT COVARIANCE                                     ||
	||------------------------------------------------------------------------------------------||
	||  1.00262 | 0.15672 | 0.24795 | 0.35169 | 0.25638 | 0.17060 | 0.00586 | 0.04200 | 0.11561 ||
	||  0.15672 | 0.99344 |-0.00423 | 0.00381 |-0.00086 | 0.00477 | 0.00260 |-0.00644 | 0.00681 ||
	||  0.24795 |-0.00423 | 0.99863 | 0.00234 | 0.00377 | 0.00421 |-0.00578 | 0.00751 | 0.00191 ||
	||  0.35169 | 0.00381 | 0.00234 | 0.99539 |-0.00639 | 0.00608 |-0.00164 |-0.00126 | 0.00167 ||
	||  0.25638 |-0.00086 | 0.00377 |-0.00639 | 1.01715 |-0.00017 |-0.00430 | 0.00742 |-0.00244 ||
	||  0.17060 | 0.00477 | 0.00421 | 0.00608 |-0.00017 | 0.99937 | 0.00139 |-0.00715 |-0.00178 ||
	||  0.00586 | 0.00260 |-0.00578 |-0.00164 |-0.00430 | 0.00139 | 0.99849 | 0.00249 |-0.00172 ||
	||  0.04200 |-0.00644 | 0.00751 |-0.00126 | 0.00742 |-0.00715 | 0.00249 | 1.00287 | 0.00186 ||
	||  0.11561 | 0.00681 | 0.00191 | 0.00167 |-0.00244 |-0.00178 |-0.00172 | 0.00186 | 0.99409 ||
	||------------------------------------------------------------------------------------------||


	|-----------------------------------------------------------------|
	|    Copyright (C) 2011-2019 (DRIP, DROP)
	|-----------------------------------------------------------------|
	|    Build Version  =&gt; 4.15.0 multi mode
	|    Build JVM (TM) =&gt; 1.8.0_112
	|    Build Snap     =&gt; Wed Apr 24 12:35:43 EST 2019
	|    Start Time     =&gt; Wed Apr 24 13:49:36 EDT 2019
	|    Setup Time     =&gt; Wed Apr 24 13:49:36 EDT 2019
	|    Setup Duration =&gt; 0 ms
	|-----------------------------------------------------------------|


	||-------------------------------------------||
	||                R^1 METRICS                ||
	||-------------------------------------------||
	||    L -&gt; R:                                ||
	||            - Mean                         ||
	||            - Error                        ||
	||            - Variance                     ||
	||            - Standard Deviation           ||
	||-------------------------------------------||
	|| -0.00090 |  0.79796 |  1.00000 |  1.00000 ||
	||  0.00212 |  0.79754 |  1.00000 |  1.00000 ||
	||  0.00217 |  0.79866 |  1.00000 |  1.00000 ||
	|| -0.00128 |  0.79786 |  1.00000 |  1.00000 ||
	||  0.00188 |  0.79796 |  1.00000 |  1.00000 ||
	||  0.00460 |  0.79847 |  0.99998 |  0.99999 ||
	||  0.00095 |  0.79829 |  1.00000 |  1.00000 ||
	||  0.00249 |  0.79904 |  0.99999 |  1.00000 ||
	||  0.00133 |  0.79847 |  1.00000 |  1.00000 ||
	||-------------------------------------------||

	||------------------------------------------------------------------------------------------||
	||                                     INPUT CORRELATION                                    ||
	||------------------------------------------------------------------------------------------||
	||  1.00000 | 0.16100 | 0.24500 | 0.35200 | 0.25900 | 0.16600 | 0.00300 | 0.03800 | 0.11400 ||
	||  0.16100 | 1.00000 | 0.00000 | 0.00000 | 0.00000 | 0.00000 | 0.00000 | 0.00000 | 0.00000 ||
	||  0.24500 | 0.00000 | 1.00000 | 0.00000 | 0.00000 | 0.00000 | 0.00000 | 0.00000 | 0.00000 ||
	||  0.35200 | 0.00000 | 0.00000 | 1.00000 | 0.00000 | 0.00000 | 0.00000 | 0.00000 | 0.00000 ||
	||  0.25900 | 0.00000 | 0.00000 | 0.00000 | 1.00000 | 0.00000 | 0.00000 | 0.00000 | 0.00000 ||
	||  0.16600 | 0.00000 | 0.00000 | 0.00000 | 0.00000 | 1.00000 | 0.00000 | 0.00000 | 0.00000 ||
	||  0.00300 | 0.00000 | 0.00000 | 0.00000 | 0.00000 | 0.00000 | 1.00000 | 0.00000 | 0.00000 ||
	||  0.03800 | 0.00000 | 0.00000 | 0.00000 | 0.00000 | 0.00000 | 0.00000 | 1.00000 | 0.00000 ||
	||  0.11400 | 0.00000 | 0.00000 | 0.00000 | 0.00000 | 0.00000 | 0.00000 | 0.00000 | 1.00000 ||
	||------------------------------------------------------------------------------------------||

	||------------------------------------------------------------------------------------------||
	||                                    OUTPUT CORRELATION                                    ||
	||------------------------------------------------------------------------------------------||
	||  1.00000 | 0.16375 | 0.24690 | 0.35390 | 0.26438 | 0.17826 | 0.00309 | 0.03664 | 0.11094 ||
	||  0.16375 | 1.00000 |-0.00278 | 0.00006 | 0.00627 | 0.00512 | 0.00095 |-0.00153 | 0.00137 ||
	||  0.24690 |-0.00278 | 1.00000 | 0.00742 |-0.00266 | 0.00165 |-0.00373 | 0.00255 |-0.00474 ||
	||  0.35390 | 0.00006 | 0.00742 | 1.00000 | 0.00615 |-0.00144 | 0.00932 | 0.00080 | 0.00224 ||
	||  0.26438 | 0.00627 |-0.00266 | 0.00615 | 1.00000 | 0.00028 |-0.00558 | 0.00149 |-0.00321 ||
	||  0.17826 | 0.00512 | 0.00165 |-0.00144 | 0.00028 | 1.00000 | 0.00489 | 0.00653 | 0.00608 ||
	||  0.00309 | 0.00095 |-0.00373 | 0.00932 |-0.00558 | 0.00489 | 1.00000 |-0.00070 |-0.00064 ||
	||  0.03664 |-0.00153 | 0.00255 | 0.00080 | 0.00149 | 0.00653 |-0.00070 | 1.00000 | 0.00047 ||
	||  0.11094 | 0.00137 |-0.00474 | 0.00224 |-0.00321 | 0.00608 |-0.00064 | 0.00047 | 1.00000 ||
	||------------------------------------------------------------------------------------------||

	||------------------------------------------------------------------------------------------||
	||                                    OUTPUT COVARIANCE                                     ||
	||------------------------------------------------------------------------------------------||
	||  1.00000 | 0.16375 | 0.24690 | 0.35390 | 0.26438 | 0.17826 | 0.00309 | 0.03664 | 0.11094 ||
	||  0.16375 | 1.00000 |-0.00278 | 0.00006 | 0.00627 | 0.00511 | 0.00095 |-0.00153 | 0.00137 ||
	||  0.24690 |-0.00278 | 1.00000 | 0.00742 |-0.00266 | 0.00165 |-0.00373 | 0.00255 |-0.00474 ||
	||  0.35390 | 0.00006 | 0.00742 | 1.00000 | 0.00615 |-0.00144 | 0.00932 | 0.00080 | 0.00224 ||
	||  0.26438 | 0.00627 |-0.00266 | 0.00615 | 1.00000 | 0.00028 |-0.00558 | 0.00149 |-0.00321 ||
	||  0.17826 | 0.00511 | 0.00165 |-0.00144 | 0.00028 | 0.99998 | 0.00489 | 0.00653 | 0.00608 ||
	||  0.00309 | 0.00095 |-0.00373 | 0.00932 |-0.00558 | 0.00489 | 1.00000 |-0.00070 |-0.00064 ||
	||  0.03664 |-0.00153 | 0.00255 | 0.00080 | 0.00149 | 0.00653 |-0.00070 | 0.99999 | 0.00047 ||
	||  0.11094 | 0.00137 |-0.00474 | 0.00224 |-0.00321 | 0.00608 |-0.00064 | 0.00047 | 1.00000 ||
	||------------------------------------------------------------------------------------------||


	|-----------------------------------------------------------------|
	|    Copyright (C) 2011-2019 (DRIP, DROP)
	|-----------------------------------------------------------------|
	|    Build Version  =&gt; 4.15.0 multi mode
	|    Build JVM (TM) =&gt; 1.8.0_112
	|    Build Snap     =&gt; Wed Apr 24 12:35:43 EST 2019
	|    Start Time     =&gt; Wed Apr 24 13:49:38 EDT 2019
	|    Setup Time     =&gt; Wed Apr 24 13:49:38 EDT 2019
	|    Setup Duration =&gt; 0 ms
	|-----------------------------------------------------------------|


	||-------------------------------------------||
	||                R^1 METRICS                ||
	||-------------------------------------------||
	||    L -&gt; R:                                ||
	||            - Mean                         ||
	||            - Error                        ||
	||            - Variance                     ||
	||            - Standard Deviation           ||
	||-------------------------------------------||
	|| -0.00673 |  0.79798 |  0.99993 |  0.99997 ||
	||  0.00089 |  0.79799 |  0.99998 |  0.99999 ||
	|| -0.00154 |  0.79728 |  0.99998 |  0.99999 ||
	|| -0.00175 |  0.79862 |  0.99998 |  0.99999 ||
	||  0.00000 |  0.79671 |  0.99998 |  0.99999 ||
	||  0.00152 |  0.79693 |  0.99998 |  0.99999 ||
	||  0.00414 |  0.79683 |  0.99996 |  0.99998 ||
	|| -0.01154 |  0.79763 |  0.99985 |  0.99992 ||
	|| -0.00642 |  0.79815 |  0.99994 |  0.99997 ||
	||-------------------------------------------||

	||------------------------------------------------------------------------------------------||
	||                                     INPUT CORRELATION                                    ||
	||------------------------------------------------------------------------------------------||
	||  1.00000 | 0.16100 | 0.24500 | 0.35200 | 0.25900 | 0.16600 | 0.00300 | 0.03800 | 0.11400 ||
	||  0.16100 | 1.00000 | 0.00000 | 0.00000 | 0.00000 | 0.00000 | 0.00000 | 0.00000 | 0.00000 ||
	||  0.24500 | 0.00000 | 1.00000 | 0.00000 | 0.00000 | 0.00000 | 0.00000 | 0.00000 | 0.00000 ||
	||  0.35200 | 0.00000 | 0.00000 | 1.00000 | 0.00000 | 0.00000 | 0.00000 | 0.00000 | 0.00000 ||
	||  0.25900 | 0.00000 | 0.00000 | 0.00000 | 1.00000 | 0.00000 | 0.00000 | 0.00000 | 0.00000 ||
	||  0.16600 | 0.00000 | 0.00000 | 0.00000 | 0.00000 | 1.00000 | 0.00000 | 0.00000 | 0.00000 ||
	||  0.00300 | 0.00000 | 0.00000 | 0.00000 | 0.00000 | 0.00000 | 1.00000 | 0.00000 | 0.00000 ||
	||  0.03800 | 0.00000 | 0.00000 | 0.00000 | 0.00000 | 0.00000 | 0.00000 | 1.00000 | 0.00000 ||
	||  0.11400 | 0.00000 | 0.00000 | 0.00000 | 0.00000 | 0.00000 | 0.00000 | 0.00000 | 1.00000 ||
	||------------------------------------------------------------------------------------------||

	||------------------------------------------------------------------------------------------||
	||                                    OUTPUT CORRELATION                                    ||
	||------------------------------------------------------------------------------------------||
	||  1.00000 | 0.15613 | 0.24562 | 0.35472 | 0.25800 | 0.16991 | 0.00327 | 0.03372 | 0.11586 ||
	||  0.15613 | 1.00000 |-0.00055 |-0.00211 |-0.00671 | 0.00099 |-0.00475 | 0.00330 |-0.00023 ||
	||  0.24562 |-0.00055 | 1.00000 | 0.00265 | 0.00076 |-0.00257 | 0.00011 |-0.00847 |-0.00580 ||
	||  0.35472 |-0.00211 | 0.00265 | 1.00000 |-0.00637 | 0.00608 |-0.00269 |-0.00336 |-0.00099 ||
	||  0.25800 |-0.00671 | 0.00076 |-0.00637 | 1.00000 | 0.00420 | 0.00554 |-0.00226 |-0.00090 ||
	||  0.16991 | 0.00099 |-0.00257 | 0.00608 | 0.00420 | 1.00000 |-0.00312 |-0.00027 | 0.00175 ||
	||  0.00327 |-0.00475 | 0.00011 |-0.00269 | 0.00554 |-0.00312 | 1.00000 |-0.00053 |-0.00177 ||
	||  0.03372 | 0.00330 |-0.00847 |-0.00336 |-0.00226 |-0.00027 |-0.00053 | 1.00000 |-0.00860 ||
	||  0.11586 |-0.00023 |-0.00580 |-0.00099 |-0.00090 | 0.00175 |-0.00177 |-0.00860 | 1.00000 ||
	||------------------------------------------------------------------------------------------||

	||------------------------------------------------------------------------------------------||
	||                                    OUTPUT COVARIANCE                                     ||
	||------------------------------------------------------------------------------------------||
	||  0.99993 | 0.15612 | 0.24561 | 0.35470 | 0.25799 | 0.16990 | 0.00327 | 0.03372 | 0.11586 ||
	||  0.15612 | 0.99998 |-0.00055 |-0.00211 |-0.00670 | 0.00099 |-0.00475 | 0.00330 |-0.00023 ||
	||  0.24561 |-0.00055 | 0.99998 | 0.00265 | 0.00076 |-0.00257 | 0.00011 |-0.00847 |-0.00580 ||
	||  0.35470 |-0.00211 | 0.00265 | 0.99998 |-0.00637 | 0.00608 |-0.00269 |-0.00336 |-0.00099 ||
	||  0.25799 |-0.00670 | 0.00076 |-0.00637 | 0.99998 | 0.00420 | 0.00554 |-0.00226 |-0.00090 ||
	||  0.16990 | 0.00099 |-0.00257 | 0.00608 | 0.00420 | 0.99998 |-0.00312 |-0.00027 | 0.00175 ||
	||  0.00327 |-0.00475 | 0.00011 |-0.00269 | 0.00554 |-0.00312 | 0.99996 |-0.00053 |-0.00177 ||
	||  0.03372 | 0.00330 |-0.00847 |-0.00336 |-0.00226 |-0.00027 |-0.00053 | 0.99985 |-0.00860 ||
	||  0.11586 |-0.00023 |-0.00580 |-0.00099 |-0.00090 | 0.00175 |-0.00177 |-0.00860 | 0.99994 ||
	||------------------------------------------------------------------------------------------||

</pre>
</span>
</div>
</div>
<div id="footer">
<p>
<div>
<label class="hidden" id="label-for-line-wrapping-toggle" for="line-wrapping-toggle">Wrap lines
<input id="line-wrapping-toggle" type="checkbox" autocomplete="off"/>
</label>
</div>Generated by 
<a href="http://www.gradle.org">Gradle 3.5</a> at Apr 24, 2019 2:16:57 PM</p>
</div>
</div>
</body>
</html>
