<!DOCTYPE html>
<html>
<head>
<meta http-equiv="Content-Type" content="text/html; charset=utf-8"/>
<meta http-equiv="x-ua-compatible" content="IE=edge"/>
<title>Test results - Class org.drip.coverage.sequence.Statistics</title>
<link href="../css/base-style.css" rel="stylesheet" type="text/css"/>
<link href="../css/style.css" rel="stylesheet" type="text/css"/>
<script src="../js/report.js" type="text/javascript"></script>
</head>
<body>
<div id="content">
<h1>Class org.drip.coverage.sequence.Statistics</h1>
<div class="breadcrumbs">
<a href="../index.html">all</a> &gt; 
<a href="../packages/org.drip.coverage.sequence.html">org.drip.coverage.sequence</a> &gt; Statistics</div>
<div id="summary">
<table>
<tr>
<td>
<div class="summaryGroup">
<table>
<tr>
<td>
<div class="infoBox" id="tests">
<div class="counter">1</div>
<p>tests</p>
</div>
</td>
<td>
<div class="infoBox" id="failures">
<div class="counter">0</div>
<p>failures</p>
</div>
</td>
<td>
<div class="infoBox" id="ignored">
<div class="counter">0</div>
<p>ignored</p>
</div>
</td>
<td>
<div class="infoBox" id="duration">
<div class="counter">9.526s</div>
<p>duration</p>
</div>
</td>
</tr>
</table>
</div>
</td>
<td>
<div class="infoBox success" id="successRate">
<div class="percent">100%</div>
<p>successful</p>
</div>
</td>
</tr>
</table>
</div>
<div id="tabs">
<ul class="tabLinks">
<li>
<a href="#tab0">Tests</a>
</li>
<li>
<a href="#tab1">Standard output</a>
</li>
</ul>
<div id="tab0" class="tab">
<h2>Tests</h2>
<table>
<thead>
<tr>
<th>Test</th>
<th>Duration</th>
<th>Result</th>
</tr>
</thead>
<tr>
<td class="success">codeCoverageTest</td>
<td>9.526s</td>
<td class="success">passed</td>
</tr>
</table>
</div>
<div id="tab1" class="tab">
<h2>Standard output</h2>
<span class="code">
<pre>
	|-----------------------------------------------------------------|
	|    Copyright (C) 2011-2018 (DRIP)
	|-----------------------------------------------------------------|
	|    Build Version  =&gt; 3.41.0 multi mode
	|    Build JVM (TM) =&gt; 1.8.0_112
	|    Build Snap     =&gt; Tue Apr 17 12:01:07 EST 2018
	|    Start Time     =&gt; Tue Apr 17 12:39:37 EDT 2018
	|    Setup Time     =&gt; Tue Apr 17 12:39:37 EDT 2018
	|    Setup Duration =&gt; 0 ms
	|-----------------------------------------------------------------|


	||-------------------------------------------||
	||                R^1 METRICS                ||
	||-------------------------------------------||
	||    L -&gt; R:                                ||
	||            - Mean                         ||
	||            - Error                        ||
	||            - Variance                     ||
	||            - Standard Deviation           ||
	||-------------------------------------------||
	||  0.00135 |  0.79658 |  0.99516 |  0.99758 ||
	|| -0.00119 |  0.79549 |  0.99823 |  0.99912 ||
	||  0.00163 |  0.79830 |  1.00094 |  1.00047 ||
	||  0.00187 |  0.79680 |  0.99408 |  0.99703 ||
	|| -0.00046 |  0.79851 |  0.99952 |  0.99976 ||
	|| -0.00083 |  0.79398 |  0.99142 |  0.99570 ||
	||  0.00332 |  0.79824 |  1.00243 |  1.00121 ||
	||  0.00344 |  0.79428 |  0.99304 |  0.99652 ||
	|| -0.00304 |  0.79155 |  0.98578 |  0.99286 ||
	||-------------------------------------------||

	||------------------------------------------------------------------------------------------||
	||                                     INPUT CORRELATION                                    ||
	||------------------------------------------------------------------------------------------||
	||  1.00000 | 0.16100 | 0.24500 | 0.35200 | 0.25900 | 0.16600 | 0.00300 | 0.03800 | 0.11400 ||
	||  0.16100 | 1.00000 | 0.00000 | 0.00000 | 0.00000 | 0.00000 | 0.00000 | 0.00000 | 0.00000 ||
	||  0.24500 | 0.00000 | 1.00000 | 0.00000 | 0.00000 | 0.00000 | 0.00000 | 0.00000 | 0.00000 ||
	||  0.35200 | 0.00000 | 0.00000 | 1.00000 | 0.00000 | 0.00000 | 0.00000 | 0.00000 | 0.00000 ||
	||  0.25900 | 0.00000 | 0.00000 | 0.00000 | 1.00000 | 0.00000 | 0.00000 | 0.00000 | 0.00000 ||
	||  0.16600 | 0.00000 | 0.00000 | 0.00000 | 0.00000 | 1.00000 | 0.00000 | 0.00000 | 0.00000 ||
	||  0.00300 | 0.00000 | 0.00000 | 0.00000 | 0.00000 | 0.00000 | 1.00000 | 0.00000 | 0.00000 ||
	||  0.03800 | 0.00000 | 0.00000 | 0.00000 | 0.00000 | 0.00000 | 0.00000 | 1.00000 | 0.00000 ||
	||  0.11400 | 0.00000 | 0.00000 | 0.00000 | 0.00000 | 0.00000 | 0.00000 | 0.00000 | 1.00000 ||
	||------------------------------------------------------------------------------------------||

	||------------------------------------------------------------------------------------------||
	||                                    OUTPUT CORRELATION                                    ||
	||------------------------------------------------------------------------------------------||
	||  1.00000 | 0.16734 | 0.24454 | 0.34212 | 0.25825 | 0.16810 | 0.00523 | 0.03805 | 0.11257 ||
	||  0.16734 | 1.00000 |-0.00258 |-0.00045 |-0.00860 | 0.00305 |-0.00554 | 0.00330 | 0.00097 ||
	||  0.24454 |-0.00258 | 1.00000 |-0.00711 |-0.00088 |-0.00811 |-0.00089 | 0.00240 |-0.00724 ||
	||  0.34212 |-0.00045 |-0.00711 | 1.00000 | 0.00018 |-0.00159 | 0.00722 | 0.00313 | 0.00257 ||
	||  0.25825 |-0.00860 |-0.00088 | 0.00018 | 1.00000 | 0.00397 | 0.00298 |-0.00231 | 0.00535 ||
	||  0.16810 | 0.00305 |-0.00811 |-0.00159 | 0.00397 | 1.00000 | 0.00464 |-0.00127 |-0.00533 ||
	||  0.00523 |-0.00554 |-0.00089 | 0.00722 | 0.00298 | 0.00464 | 1.00000 | 0.00483 |-0.00261 ||
	||  0.03805 | 0.00330 | 0.00240 | 0.00313 |-0.00231 |-0.00127 | 0.00483 | 1.00000 |-0.00073 ||
	||  0.11257 | 0.00097 |-0.00724 | 0.00257 | 0.00535 |-0.00533 |-0.00261 |-0.00073 | 1.00000 ||
	||------------------------------------------------------------------------------------------||

	||------------------------------------------------------------------------------------------||
	||                                    OUTPUT COVARIANCE                                     ||
	||------------------------------------------------------------------------------------------||
	||  0.99516 | 0.16679 | 0.24406 | 0.34028 | 0.25756 | 0.16698 | 0.00522 | 0.03782 | 0.11149 ||
	||  0.16679 | 0.99823 |-0.00258 |-0.00045 |-0.00859 | 0.00304 |-0.00554 | 0.00328 | 0.00096 ||
	||  0.24406 |-0.00258 | 1.00094 |-0.00710 |-0.00088 |-0.00808 |-0.00089 | 0.00240 |-0.00719 ||
	||  0.34028 |-0.00045 |-0.00710 | 0.99408 | 0.00018 |-0.00158 | 0.00720 | 0.00311 | 0.00254 ||
	||  0.25756 |-0.00859 |-0.00088 | 0.00018 | 0.99952 | 0.00395 | 0.00299 |-0.00230 | 0.00531 ||
	||  0.16698 | 0.00304 |-0.00808 |-0.00158 | 0.00395 | 0.99142 | 0.00462 |-0.00126 |-0.00527 ||
	||  0.00522 |-0.00554 |-0.00089 | 0.00720 | 0.00299 | 0.00462 | 1.00243 | 0.00482 |-0.00259 ||
	||  0.03782 | 0.00328 | 0.00240 | 0.00311 |-0.00230 |-0.00126 | 0.00482 | 0.99304 |-0.00072 ||
	||  0.11149 | 0.00096 |-0.00719 | 0.00254 | 0.00531 |-0.00527 |-0.00259 |-0.00072 | 0.98578 ||
	||------------------------------------------------------------------------------------------||


	|-----------------------------------------------------------------|
	|    Copyright (C) 2011-2018 (DRIP)
	|-----------------------------------------------------------------|
	|    Build Version  =&gt; 3.41.0 multi mode
	|    Build JVM (TM) =&gt; 1.8.0_112
	|    Build Snap     =&gt; Tue Apr 17 12:01:07 EST 2018
	|    Start Time     =&gt; Tue Apr 17 12:39:39 EDT 2018
	|    Setup Time     =&gt; Tue Apr 17 12:39:39 EDT 2018
	|    Setup Duration =&gt; 0 ms
	|-----------------------------------------------------------------|


	||-------------------------------------------||
	||                R^1 METRICS                ||
	||-------------------------------------------||
	||    L -&gt; R:                                ||
	||            - Mean                         ||
	||            - Error                        ||
	||            - Variance                     ||
	||            - Standard Deviation           ||
	||-------------------------------------------||
	||  0.00546 |  0.79565 |  0.99411 |  0.99705 ||
	||  0.00557 |  0.79830 |  0.99810 |  0.99905 ||
	||  0.00210 |  0.79876 |  0.99967 |  0.99984 ||
	||  0.00240 |  0.80561 |  1.01697 |  1.00845 ||
	||  0.00737 |  0.79842 |  1.00275 |  1.00137 ||
	||  0.00920 |  0.79683 |  0.99613 |  0.99806 ||
	|| -0.00118 |  0.79565 |  0.99328 |  0.99663 ||
	|| -0.00019 |  0.79548 |  0.99647 |  0.99823 ||
	|| -0.00081 |  0.79552 |  0.99227 |  0.99613 ||
	||-------------------------------------------||

	||------------------------------------------------------------------------------------------||
	||                                     INPUT CORRELATION                                    ||
	||------------------------------------------------------------------------------------------||
	||  1.00000 | 0.16100 | 0.24500 | 0.35200 | 0.25900 | 0.16600 | 0.00300 | 0.03800 | 0.11400 ||
	||  0.16100 | 1.00000 | 0.00000 | 0.00000 | 0.00000 | 0.00000 | 0.00000 | 0.00000 | 0.00000 ||
	||  0.24500 | 0.00000 | 1.00000 | 0.00000 | 0.00000 | 0.00000 | 0.00000 | 0.00000 | 0.00000 ||
	||  0.35200 | 0.00000 | 0.00000 | 1.00000 | 0.00000 | 0.00000 | 0.00000 | 0.00000 | 0.00000 ||
	||  0.25900 | 0.00000 | 0.00000 | 0.00000 | 1.00000 | 0.00000 | 0.00000 | 0.00000 | 0.00000 ||
	||  0.16600 | 0.00000 | 0.00000 | 0.00000 | 0.00000 | 1.00000 | 0.00000 | 0.00000 | 0.00000 ||
	||  0.00300 | 0.00000 | 0.00000 | 0.00000 | 0.00000 | 0.00000 | 1.00000 | 0.00000 | 0.00000 ||
	||  0.03800 | 0.00000 | 0.00000 | 0.00000 | 0.00000 | 0.00000 | 0.00000 | 1.00000 | 0.00000 ||
	||  0.11400 | 0.00000 | 0.00000 | 0.00000 | 0.00000 | 0.00000 | 0.00000 | 0.00000 | 1.00000 ||
	||------------------------------------------------------------------------------------------||

	||------------------------------------------------------------------------------------------||
	||                                    OUTPUT CORRELATION                                    ||
	||------------------------------------------------------------------------------------------||
	||  1.00000 | 0.15501 | 0.23851 | 0.36049 | 0.25407 | 0.16790 | 0.00392 | 0.03978 | 0.10847 ||
	||  0.15501 | 1.00000 |-0.00361 |-0.00179 |-0.00649 | 0.00446 | 0.00524 |-0.00887 |-0.00837 ||
	||  0.23851 |-0.00361 | 1.00000 |-0.00230 |-0.00016 | 0.00238 |-0.00510 |-0.00951 |-0.00395 ||
	||  0.36049 |-0.00179 |-0.00230 | 1.00000 |-0.00534 | 0.00024 | 0.00389 | 0.00687 | 0.00203 ||
	||  0.25407 |-0.00649 |-0.00016 |-0.00534 | 1.00000 | 0.00376 |-0.00762 |-0.00478 |-0.01162 ||
	||  0.16790 | 0.00446 | 0.00238 | 0.00024 | 0.00376 | 1.00000 |-0.00073 |-0.00558 |-0.00745 ||
	||  0.00392 | 0.00524 |-0.00510 | 0.00389 |-0.00762 |-0.00073 | 1.00000 | 0.00222 | 0.00558 ||
	||  0.03978 |-0.00887 |-0.00951 | 0.00687 |-0.00478 |-0.00558 | 0.00222 | 1.00000 | 0.00064 ||
	||  0.10847 |-0.00837 |-0.00395 | 0.00203 |-0.01162 |-0.00745 | 0.00558 | 0.00064 | 1.00000 ||
	||------------------------------------------------------------------------------------------||

	||------------------------------------------------------------------------------------------||
	||                                    OUTPUT COVARIANCE                                     ||
	||------------------------------------------------------------------------------------------||
	||  0.99411 | 0.15440 | 0.23777 | 0.36247 | 0.25367 | 0.16708 | 0.00389 | 0.03959 | 0.10773 ||
	||  0.15440 | 0.99810 |-0.00360 |-0.00181 |-0.00650 | 0.00445 | 0.00522 |-0.00884 |-0.00833 ||
	||  0.23777 |-0.00360 | 0.99967 |-0.00232 |-0.00016 | 0.00237 |-0.00508 |-0.00949 |-0.00393 ||
	||  0.36247 |-0.00181 |-0.00232 | 1.01697 |-0.00540 | 0.00025 | 0.00391 | 0.00692 | 0.00204 ||
	||  0.25367 |-0.00650 |-0.00016 |-0.00540 | 1.00275 | 0.00376 |-0.00760 |-0.00478 |-0.01159 ||
	||  0.16708 | 0.00445 | 0.00237 | 0.00025 | 0.00376 | 0.99613 |-0.00073 |-0.00556 |-0.00741 ||
	||  0.00389 | 0.00522 |-0.00508 | 0.00391 |-0.00760 |-0.00073 | 0.99328 | 0.00221 | 0.00554 ||
	||  0.03959 |-0.00884 |-0.00949 | 0.00692 |-0.00478 |-0.00556 | 0.00221 | 0.99647 | 0.00064 ||
	||  0.10773 |-0.00833 |-0.00393 | 0.00204 |-0.01159 |-0.00741 | 0.00554 | 0.00064 | 0.99227 ||
	||------------------------------------------------------------------------------------------||


	|-----------------------------------------------------------------|
	|    Copyright (C) 2011-2018 (DRIP)
	|-----------------------------------------------------------------|
	|    Build Version  =&gt; 3.41.0 multi mode
	|    Build JVM (TM) =&gt; 1.8.0_112
	|    Build Snap     =&gt; Tue Apr 17 12:01:07 EST 2018
	|    Start Time     =&gt; Tue Apr 17 12:39:42 EDT 2018
	|    Setup Time     =&gt; Tue Apr 17 12:39:42 EDT 2018
	|    Setup Duration =&gt; 0 ms
	|-----------------------------------------------------------------|


	||-------------------------------------------||
	||                R^1 METRICS                ||
	||-------------------------------------------||
	||    L -&gt; R:                                ||
	||            - Mean                         ||
	||            - Error                        ||
	||            - Variance                     ||
	||            - Standard Deviation           ||
	||-------------------------------------------||
	||  0.00263 |  0.79761 |  0.99999 |  1.00000 ||
	|| -0.00298 |  0.79669 |  0.99999 |  1.00000 ||
	|| -0.00139 |  0.79742 |  1.00000 |  1.00000 ||
	||  0.00122 |  0.79790 |  1.00000 |  1.00000 ||
	|| -0.00081 |  0.79791 |  1.00000 |  1.00000 ||
	||  0.00133 |  0.79740 |  1.00000 |  1.00000 ||
	|| -0.00528 |  0.79828 |  0.99997 |  0.99999 ||
	||  0.00266 |  0.79755 |  0.99999 |  1.00000 ||
	||  0.00070 |  0.79676 |  1.00000 |  1.00000 ||
	||-------------------------------------------||

	||------------------------------------------------------------------------------------------||
	||                                     INPUT CORRELATION                                    ||
	||------------------------------------------------------------------------------------------||
	||  1.00000 | 0.16100 | 0.24500 | 0.35200 | 0.25900 | 0.16600 | 0.00300 | 0.03800 | 0.11400 ||
	||  0.16100 | 1.00000 | 0.00000 | 0.00000 | 0.00000 | 0.00000 | 0.00000 | 0.00000 | 0.00000 ||
	||  0.24500 | 0.00000 | 1.00000 | 0.00000 | 0.00000 | 0.00000 | 0.00000 | 0.00000 | 0.00000 ||
	||  0.35200 | 0.00000 | 0.00000 | 1.00000 | 0.00000 | 0.00000 | 0.00000 | 0.00000 | 0.00000 ||
	||  0.25900 | 0.00000 | 0.00000 | 0.00000 | 1.00000 | 0.00000 | 0.00000 | 0.00000 | 0.00000 ||
	||  0.16600 | 0.00000 | 0.00000 | 0.00000 | 0.00000 | 1.00000 | 0.00000 | 0.00000 | 0.00000 ||
	||  0.00300 | 0.00000 | 0.00000 | 0.00000 | 0.00000 | 0.00000 | 1.00000 | 0.00000 | 0.00000 ||
	||  0.03800 | 0.00000 | 0.00000 | 0.00000 | 0.00000 | 0.00000 | 0.00000 | 1.00000 | 0.00000 ||
	||  0.11400 | 0.00000 | 0.00000 | 0.00000 | 0.00000 | 0.00000 | 0.00000 | 0.00000 | 1.00000 ||
	||------------------------------------------------------------------------------------------||

	||------------------------------------------------------------------------------------------||
	||                                    OUTPUT CORRELATION                                    ||
	||------------------------------------------------------------------------------------------||
	||  1.00000 | 0.16145 | 0.24580 | 0.35336 | 0.24892 | 0.15853 |-0.00306 | 0.03908 | 0.11784 ||
	||  0.16145 | 1.00000 |-0.00140 | 0.00387 |-0.00636 | 0.00241 | 0.00565 |-0.00337 | 0.00868 ||
	||  0.24580 |-0.00140 | 1.00000 | 0.00096 |-0.00550 |-0.00808 |-0.00925 | 0.00989 | 0.00360 ||
	||  0.35336 | 0.00387 | 0.00096 | 1.00000 |-0.00369 |-0.00534 |-0.00458 |-0.00137 |-0.00071 ||
	||  0.24892 |-0.00636 |-0.00550 |-0.00369 | 1.00000 |-0.00642 | 0.00064 |-0.01355 | 0.00034 ||
	||  0.15853 | 0.00241 |-0.00808 |-0.00534 |-0.00642 | 1.00000 |-0.00234 |-0.00017 | 0.00470 ||
	|| -0.00306 | 0.00565 |-0.00925 |-0.00458 | 0.00064 |-0.00234 | 1.00000 |-0.00101 |-0.00166 ||
	||  0.03908 |-0.00337 | 0.00989 |-0.00137 |-0.01355 |-0.00017 |-0.00101 | 1.00000 | 0.00449 ||
	||  0.11784 | 0.00868 | 0.00360 |-0.00071 | 0.00034 | 0.00470 |-0.00166 | 0.00449 | 1.00000 ||
	||------------------------------------------------------------------------------------------||

	||------------------------------------------------------------------------------------------||
	||                                    OUTPUT COVARIANCE                                     ||
	||------------------------------------------------------------------------------------------||
	||  0.99999 | 0.16144 | 0.24580 | 0.35336 | 0.24892 | 0.15853 |-0.00306 | 0.03908 | 0.11784 ||
	||  0.16144 | 0.99999 |-0.00140 | 0.00387 |-0.00636 | 0.00241 | 0.00565 |-0.00337 | 0.00868 ||
	||  0.24580 |-0.00140 | 1.00000 | 0.00096 |-0.00550 |-0.00808 |-0.00925 | 0.00989 | 0.00360 ||
	||  0.35336 | 0.00387 | 0.00096 | 1.00000 |-0.00369 |-0.00534 |-0.00458 |-0.00137 |-0.00071 ||
	||  0.24892 |-0.00636 |-0.00550 |-0.00369 | 1.00000 |-0.00642 | 0.00064 |-0.01355 | 0.00034 ||
	||  0.15853 | 0.00241 |-0.00808 |-0.00534 |-0.00642 | 1.00000 |-0.00234 |-0.00017 | 0.00470 ||
	|| -0.00306 | 0.00565 |-0.00925 |-0.00458 | 0.00064 |-0.00234 | 0.99997 |-0.00101 |-0.00166 ||
	||  0.03908 |-0.00337 | 0.00989 |-0.00137 |-0.01355 |-0.00017 |-0.00101 | 0.99999 | 0.00449 ||
	||  0.11784 | 0.00868 | 0.00360 |-0.00071 | 0.00034 | 0.00470 |-0.00166 | 0.00449 | 1.00000 ||
	||------------------------------------------------------------------------------------------||


	|-----------------------------------------------------------------|
	|    Copyright (C) 2011-2018 (DRIP)
	|-----------------------------------------------------------------|
	|    Build Version  =&gt; 3.41.0 multi mode
	|    Build JVM (TM) =&gt; 1.8.0_112
	|    Build Snap     =&gt; Tue Apr 17 12:01:07 EST 2018
	|    Start Time     =&gt; Tue Apr 17 12:39:44 EDT 2018
	|    Setup Time     =&gt; Tue Apr 17 12:39:44 EDT 2018
	|    Setup Duration =&gt; 0 ms
	|-----------------------------------------------------------------|


	||-------------------------------------------||
	||                R^1 METRICS                ||
	||-------------------------------------------||
	||    L -&gt; R:                                ||
	||            - Mean                         ||
	||            - Error                        ||
	||            - Variance                     ||
	||            - Standard Deviation           ||
	||-------------------------------------------||
	|| -0.00449 |  0.79917 |  0.99996 |  0.99998 ||
	|| -0.00936 |  0.79860 |  0.99989 |  0.99995 ||
	||  0.00121 |  0.79830 |  0.99998 |  0.99999 ||
	|| -0.00435 |  0.79711 |  0.99996 |  0.99998 ||
	|| -0.00003 |  0.79830 |  0.99998 |  0.99999 ||
	|| -0.00463 |  0.79855 |  0.99996 |  0.99998 ||
	|| -0.00838 |  0.79740 |  0.99991 |  0.99995 ||
	|| -0.00442 |  0.80074 |  0.99996 |  0.99998 ||
	|| -0.00123 |  0.79592 |  0.99998 |  0.99999 ||
	||-------------------------------------------||

	||------------------------------------------------------------------------------------------||
	||                                     INPUT CORRELATION                                    ||
	||------------------------------------------------------------------------------------------||
	||  1.00000 | 0.16100 | 0.24500 | 0.35200 | 0.25900 | 0.16600 | 0.00300 | 0.03800 | 0.11400 ||
	||  0.16100 | 1.00000 | 0.00000 | 0.00000 | 0.00000 | 0.00000 | 0.00000 | 0.00000 | 0.00000 ||
	||  0.24500 | 0.00000 | 1.00000 | 0.00000 | 0.00000 | 0.00000 | 0.00000 | 0.00000 | 0.00000 ||
	||  0.35200 | 0.00000 | 0.00000 | 1.00000 | 0.00000 | 0.00000 | 0.00000 | 0.00000 | 0.00000 ||
	||  0.25900 | 0.00000 | 0.00000 | 0.00000 | 1.00000 | 0.00000 | 0.00000 | 0.00000 | 0.00000 ||
	||  0.16600 | 0.00000 | 0.00000 | 0.00000 | 0.00000 | 1.00000 | 0.00000 | 0.00000 | 0.00000 ||
	||  0.00300 | 0.00000 | 0.00000 | 0.00000 | 0.00000 | 0.00000 | 1.00000 | 0.00000 | 0.00000 ||
	||  0.03800 | 0.00000 | 0.00000 | 0.00000 | 0.00000 | 0.00000 | 0.00000 | 1.00000 | 0.00000 ||
	||  0.11400 | 0.00000 | 0.00000 | 0.00000 | 0.00000 | 0.00000 | 0.00000 | 0.00000 | 1.00000 ||
	||------------------------------------------------------------------------------------------||

	||------------------------------------------------------------------------------------------||
	||                                    OUTPUT CORRELATION                                    ||
	||------------------------------------------------------------------------------------------||
	||  1.00000 | 0.15932 | 0.23432 | 0.34888 | 0.25451 | 0.16815 | 0.00028 | 0.04085 | 0.11155 ||
	||  0.15932 | 1.00000 |-0.00748 |-0.00070 |-0.00379 | 0.00591 | 0.00161 | 0.00532 |-0.00212 ||
	||  0.23432 |-0.00748 | 1.00000 |-0.01076 |-0.00311 | 0.00194 | 0.00113 | 0.00010 | 0.00098 ||
	||  0.34888 |-0.00070 |-0.01076 | 1.00000 |-0.00407 |-0.00665 | 0.00060 |-0.01212 | 0.00025 ||
	||  0.25451 |-0.00379 |-0.00311 |-0.00407 | 1.00000 |-0.00768 |-0.00328 | 0.00275 |-0.00886 ||
	||  0.16815 | 0.00591 | 0.00194 |-0.00665 |-0.00768 | 1.00000 | 0.00284 |-0.00559 | 0.00138 ||
	||  0.00028 | 0.00161 | 0.00113 | 0.00060 |-0.00328 | 0.00284 | 1.00000 |-0.00632 |-0.00524 ||
	||  0.04085 | 0.00532 | 0.00010 |-0.01212 | 0.00275 |-0.00559 |-0.00632 | 1.00000 | 0.00574 ||
	||  0.11155 |-0.00212 | 0.00098 | 0.00025 |-0.00886 | 0.00138 |-0.00524 | 0.00574 | 1.00000 ||
	||------------------------------------------------------------------------------------------||

	||------------------------------------------------------------------------------------------||
	||                                    OUTPUT COVARIANCE                                     ||
	||------------------------------------------------------------------------------------------||
	||  0.99996 | 0.15931 | 0.23431 | 0.34887 | 0.25450 | 0.16815 | 0.00028 | 0.04085 | 0.11154 ||
	||  0.15931 | 0.99989 |-0.00748 |-0.00070 |-0.00379 | 0.00591 | 0.00161 | 0.00532 |-0.00212 ||
	||  0.23431 |-0.00748 | 0.99998 |-0.01076 |-0.00311 | 0.00194 | 0.00113 | 0.00010 | 0.00098 ||
	||  0.34887 |-0.00070 |-0.01076 | 0.99996 |-0.00407 |-0.00665 | 0.00060 |-0.01212 | 0.00025 ||
	||  0.25450 |-0.00379 |-0.00311 |-0.00407 | 0.99998 |-0.00768 |-0.00328 | 0.00275 |-0.00886 ||
	||  0.16815 | 0.00591 | 0.00194 |-0.00665 |-0.00768 | 0.99996 | 0.00284 |-0.00559 | 0.00138 ||
	||  0.00028 | 0.00161 | 0.00113 | 0.00060 |-0.00328 | 0.00284 | 0.99991 |-0.00632 |-0.00524 ||
	||  0.04085 | 0.00532 | 0.00010 |-0.01212 | 0.00275 |-0.00559 |-0.00632 | 0.99996 | 0.00574 ||
	||  0.11154 |-0.00212 | 0.00098 | 0.00025 |-0.00886 | 0.00138 |-0.00524 | 0.00574 | 0.99998 ||
	||------------------------------------------------------------------------------------------||

</pre>
</span>
</div>
</div>
<div id="footer">
<p>
<div>
<label class="hidden" id="label-for-line-wrapping-toggle" for="line-wrapping-toggle">Wrap lines
<input id="line-wrapping-toggle" type="checkbox" autocomplete="off"/>
</label>
</div>Generated by 
<a href="http://www.gradle.org">Gradle 3.5</a> at Apr 17, 2018 10:09:36 PM</p>
</div>
</div>
</body>
</html>
