<!DOCTYPE html>
<html>
<head>
<meta http-equiv="Content-Type" content="text/html; charset=utf-8"/>
<meta http-equiv="x-ua-compatible" content="IE=edge"/>
<title>Test results - Class org.drip.coverage.sequence.Statistics</title>
<link href="../css/base-style.css" rel="stylesheet" type="text/css"/>
<link href="../css/style.css" rel="stylesheet" type="text/css"/>
<script src="../js/report.js" type="text/javascript"></script>
</head>
<body>
<div id="content">
<h1>Class org.drip.coverage.sequence.Statistics</h1>
<div class="breadcrumbs">
<a href="../index.html">all</a> &gt; 
<a href="../packages/org.drip.coverage.sequence.html">org.drip.coverage.sequence</a> &gt; Statistics</div>
<div id="summary">
<table>
<tr>
<td>
<div class="summaryGroup">
<table>
<tr>
<td>
<div class="infoBox" id="tests">
<div class="counter">1</div>
<p>tests</p>
</div>
</td>
<td>
<div class="infoBox" id="failures">
<div class="counter">0</div>
<p>failures</p>
</div>
</td>
<td>
<div class="infoBox" id="ignored">
<div class="counter">0</div>
<p>ignored</p>
</div>
</td>
<td>
<div class="infoBox" id="duration">
<div class="counter">10.082s</div>
<p>duration</p>
</div>
</td>
</tr>
</table>
</div>
</td>
<td>
<div class="infoBox success" id="successRate">
<div class="percent">100%</div>
<p>successful</p>
</div>
</td>
</tr>
</table>
</div>
<div id="tabs">
<ul class="tabLinks">
<li>
<a href="#tab0">Tests</a>
</li>
<li>
<a href="#tab1">Standard output</a>
</li>
</ul>
<div id="tab0" class="tab">
<h2>Tests</h2>
<table>
<thead>
<tr>
<th>Test</th>
<th>Duration</th>
<th>Result</th>
</tr>
</thead>
<tr>
<td class="success">codeCoverageTest</td>
<td>10.082s</td>
<td class="success">passed</td>
</tr>
</table>
</div>
<div id="tab1" class="tab">
<h2>Standard output</h2>
<span class="code">
<pre>
	|-----------------------------------------------------------------|
	|    Copyright (C) 2011-2018 (DRIP)
	|-----------------------------------------------------------------|
	|    Build Version  =&gt; 3.75.0 multi mode
	|    Build JVM (TM) =&gt; 1.8.0_112
	|    Build Snap     =&gt; Sun Sep 23 20:49:57 EST 2018
	|    Start Time     =&gt; Sun Sep 23 22:34:06 EDT 2018
	|    Setup Time     =&gt; Sun Sep 23 22:34:06 EDT 2018
	|    Setup Duration =&gt; 0 ms
	|-----------------------------------------------------------------|


	||-------------------------------------------||
	||                R^1 METRICS                ||
	||-------------------------------------------||
	||    L -&gt; R:                                ||
	||            - Mean                         ||
	||            - Error                        ||
	||            - Variance                     ||
	||            - Standard Deviation           ||
	||-------------------------------------------||
	||  0.00282 |  0.79988 |  1.00488 |  1.00244 ||
	||  0.00087 |  0.80272 |  1.00953 |  1.00476 ||
	||  0.00072 |  0.79394 |  0.99001 |  0.99499 ||
	||  0.00275 |  0.79469 |  0.99538 |  0.99769 ||
	|| -0.00286 |  0.79707 |  0.99491 |  0.99745 ||
	|| -0.00312 |  0.80176 |  1.00840 |  1.00419 ||
	|| -0.00754 |  0.79736 |  0.99705 |  0.99852 ||
	|| -0.00637 |  0.79278 |  0.98951 |  0.99474 ||
	||  0.00731 |  0.80042 |  1.00360 |  1.00180 ||
	||-------------------------------------------||

	||------------------------------------------------------------------------------------------||
	||                                     INPUT CORRELATION                                    ||
	||------------------------------------------------------------------------------------------||
	||  1.00000 | 0.16100 | 0.24500 | 0.35200 | 0.25900 | 0.16600 | 0.00300 | 0.03800 | 0.11400 ||
	||  0.16100 | 1.00000 | 0.00000 | 0.00000 | 0.00000 | 0.00000 | 0.00000 | 0.00000 | 0.00000 ||
	||  0.24500 | 0.00000 | 1.00000 | 0.00000 | 0.00000 | 0.00000 | 0.00000 | 0.00000 | 0.00000 ||
	||  0.35200 | 0.00000 | 0.00000 | 1.00000 | 0.00000 | 0.00000 | 0.00000 | 0.00000 | 0.00000 ||
	||  0.25900 | 0.00000 | 0.00000 | 0.00000 | 1.00000 | 0.00000 | 0.00000 | 0.00000 | 0.00000 ||
	||  0.16600 | 0.00000 | 0.00000 | 0.00000 | 0.00000 | 1.00000 | 0.00000 | 0.00000 | 0.00000 ||
	||  0.00300 | 0.00000 | 0.00000 | 0.00000 | 0.00000 | 0.00000 | 1.00000 | 0.00000 | 0.00000 ||
	||  0.03800 | 0.00000 | 0.00000 | 0.00000 | 0.00000 | 0.00000 | 0.00000 | 1.00000 | 0.00000 ||
	||  0.11400 | 0.00000 | 0.00000 | 0.00000 | 0.00000 | 0.00000 | 0.00000 | 0.00000 | 1.00000 ||
	||------------------------------------------------------------------------------------------||

	||------------------------------------------------------------------------------------------||
	||                                    OUTPUT CORRELATION                                    ||
	||------------------------------------------------------------------------------------------||
	||  1.00000 | 0.15567 | 0.24691 | 0.35225 | 0.26040 | 0.17100 | 0.00488 | 0.03771 | 0.11435 ||
	||  0.15567 | 1.00000 |-0.00126 |-0.00141 | 0.00185 |-0.01101 |-0.00341 | 0.00384 | 0.00192 ||
	||  0.24691 |-0.00126 | 1.00000 |-0.00149 | 0.00620 |-0.00378 |-0.00116 |-0.00269 |-0.00092 ||
	||  0.35225 |-0.00141 |-0.00149 | 1.00000 | 0.00042 | 0.00860 | 0.00818 |-0.00234 | 0.00277 ||
	||  0.26040 | 0.00185 | 0.00620 | 0.00042 | 1.00000 | 0.00351 |-0.00125 | 0.00520 | 0.00364 ||
	||  0.17100 |-0.01101 |-0.00378 | 0.00860 | 0.00351 | 1.00000 | 0.00413 |-0.00650 | 0.00100 ||
	||  0.00488 |-0.00341 |-0.00116 | 0.00818 |-0.00125 | 0.00413 | 1.00000 |-0.00346 | 0.00008 ||
	||  0.03771 | 0.00384 |-0.00269 |-0.00234 | 0.00520 |-0.00650 |-0.00346 | 1.00000 | 0.00592 ||
	||  0.11435 | 0.00192 |-0.00092 | 0.00277 | 0.00364 | 0.00100 | 0.00008 | 0.00592 | 1.00000 ||
	||------------------------------------------------------------------------------------------||

	||------------------------------------------------------------------------------------------||
	||                                    OUTPUT COVARIANCE                                     ||
	||------------------------------------------------------------------------------------------||
	||  1.00488 | 0.15679 | 0.24627 | 0.35229 | 0.26037 | 0.17213 | 0.00489 | 0.03761 | 0.11483 ||
	||  0.15679 | 1.00953 |-0.00126 |-0.00142 | 0.00186 |-0.01111 |-0.00342 | 0.00384 | 0.00193 ||
	||  0.24627 |-0.00126 | 0.99001 |-0.00148 | 0.00616 |-0.00378 |-0.00115 |-0.00266 |-0.00092 ||
	||  0.35229 |-0.00142 |-0.00148 | 0.99538 | 0.00042 | 0.00861 | 0.00815 |-0.00232 | 0.00277 ||
	||  0.26037 | 0.00186 | 0.00616 | 0.00042 | 0.99491 | 0.00351 |-0.00125 | 0.00516 | 0.00364 ||
	||  0.17213 |-0.01111 |-0.00378 | 0.00861 | 0.00351 | 1.00840 | 0.00414 |-0.00649 | 0.00101 ||
	||  0.00489 |-0.00342 |-0.00115 | 0.00815 |-0.00125 | 0.00414 | 0.99705 |-0.00344 | 0.00008 ||
	||  0.03761 | 0.00384 |-0.00266 |-0.00232 | 0.00516 |-0.00649 |-0.00344 | 0.98951 | 0.00590 ||
	||  0.11483 | 0.00193 |-0.00092 | 0.00277 | 0.00364 | 0.00101 | 0.00008 | 0.00590 | 1.00360 ||
	||------------------------------------------------------------------------------------------||


	|-----------------------------------------------------------------|
	|    Copyright (C) 2011-2018 (DRIP)
	|-----------------------------------------------------------------|
	|    Build Version  =&gt; 3.75.0 multi mode
	|    Build JVM (TM) =&gt; 1.8.0_112
	|    Build Snap     =&gt; Sun Sep 23 20:49:57 EST 2018
	|    Start Time     =&gt; Sun Sep 23 22:34:08 EDT 2018
	|    Setup Time     =&gt; Sun Sep 23 22:34:08 EDT 2018
	|    Setup Duration =&gt; 0 ms
	|-----------------------------------------------------------------|


	||-------------------------------------------||
	||                R^1 METRICS                ||
	||-------------------------------------------||
	||    L -&gt; R:                                ||
	||            - Mean                         ||
	||            - Error                        ||
	||            - Variance                     ||
	||            - Standard Deviation           ||
	||-------------------------------------------||
	|| -0.00092 |  0.80297 |  1.01149 |  1.00573 ||
	|| -0.00083 |  0.79735 |  0.99896 |  0.99948 ||
	|| -0.00507 |  0.80012 |  1.00696 |  1.00347 ||
	||  0.00886 |  0.80030 |  1.00540 |  1.00270 ||
	|| -0.01212 |  0.79827 |  1.00596 |  1.00297 ||
	|| -0.00282 |  0.80372 |  1.01172 |  1.00584 ||
	||  0.00126 |  0.79818 |  0.99903 |  0.99951 ||
	||  0.00723 |  0.80090 |  1.00612 |  1.00306 ||
	|| -0.00397 |  0.79657 |  0.99568 |  0.99784 ||
	||-------------------------------------------||

	||------------------------------------------------------------------------------------------||
	||                                     INPUT CORRELATION                                    ||
	||------------------------------------------------------------------------------------------||
	||  1.00000 | 0.16100 | 0.24500 | 0.35200 | 0.25900 | 0.16600 | 0.00300 | 0.03800 | 0.11400 ||
	||  0.16100 | 1.00000 | 0.00000 | 0.00000 | 0.00000 | 0.00000 | 0.00000 | 0.00000 | 0.00000 ||
	||  0.24500 | 0.00000 | 1.00000 | 0.00000 | 0.00000 | 0.00000 | 0.00000 | 0.00000 | 0.00000 ||
	||  0.35200 | 0.00000 | 0.00000 | 1.00000 | 0.00000 | 0.00000 | 0.00000 | 0.00000 | 0.00000 ||
	||  0.25900 | 0.00000 | 0.00000 | 0.00000 | 1.00000 | 0.00000 | 0.00000 | 0.00000 | 0.00000 ||
	||  0.16600 | 0.00000 | 0.00000 | 0.00000 | 0.00000 | 1.00000 | 0.00000 | 0.00000 | 0.00000 ||
	||  0.00300 | 0.00000 | 0.00000 | 0.00000 | 0.00000 | 0.00000 | 1.00000 | 0.00000 | 0.00000 ||
	||  0.03800 | 0.00000 | 0.00000 | 0.00000 | 0.00000 | 0.00000 | 0.00000 | 1.00000 | 0.00000 ||
	||  0.11400 | 0.00000 | 0.00000 | 0.00000 | 0.00000 | 0.00000 | 0.00000 | 0.00000 | 1.00000 ||
	||------------------------------------------------------------------------------------------||

	||------------------------------------------------------------------------------------------||
	||                                    OUTPUT CORRELATION                                    ||
	||------------------------------------------------------------------------------------------||
	||  1.00000 | 0.16752 | 0.24100 | 0.35150 | 0.25412 | 0.16740 |-0.00167 | 0.03573 | 0.12011 ||
	||  0.16752 | 1.00000 | 0.00075 | 0.00332 | 0.00087 | 0.01138 | 0.00489 | 0.00378 | 0.00442 ||
	||  0.24100 | 0.00075 | 1.00000 |-0.00156 |-0.00349 | 0.00586 | 0.00092 |-0.00305 | 0.00375 ||
	||  0.35150 | 0.00332 |-0.00156 | 1.00000 |-0.00476 |-0.00087 |-0.00556 |-0.00453 | 0.00031 ||
	||  0.25412 | 0.00087 |-0.00349 |-0.00476 | 1.00000 |-0.00234 |-0.00777 |-0.00066 | 0.00099 ||
	||  0.16740 | 0.01138 | 0.00586 |-0.00087 |-0.00234 | 1.00000 | 0.00044 |-0.00700 |-0.00348 ||
	|| -0.00167 | 0.00489 | 0.00092 |-0.00556 |-0.00777 | 0.00044 | 1.00000 |-0.00259 | 0.00662 ||
	||  0.03573 | 0.00378 |-0.00305 |-0.00453 |-0.00066 |-0.00700 |-0.00259 | 1.00000 | 0.00656 ||
	||  0.12011 | 0.00442 | 0.00375 | 0.00031 | 0.00099 |-0.00348 | 0.00662 | 0.00656 | 1.00000 ||
	||------------------------------------------------------------------------------------------||

	||------------------------------------------------------------------------------------------||
	||                                    OUTPUT COVARIANCE                                     ||
	||------------------------------------------------------------------------------------------||
	||  1.01149 | 0.16839 | 0.24323 | 0.35447 | 0.25633 | 0.16934 |-0.00168 | 0.03604 | 0.12053 ||
	||  0.16839 | 0.99896 | 0.00075 | 0.00333 | 0.00087 | 0.01144 | 0.00488 | 0.00378 | 0.00441 ||
	||  0.24323 | 0.00075 | 1.00696 |-0.00157 |-0.00352 | 0.00592 | 0.00092 |-0.00307 | 0.00376 ||
	||  0.35447 | 0.00333 |-0.00157 | 1.00540 |-0.00479 |-0.00088 |-0.00557 |-0.00456 | 0.00031 ||
	||  0.25633 | 0.00087 |-0.00352 |-0.00479 | 1.00596 |-0.00236 |-0.00779 |-0.00066 | 0.00099 ||
	||  0.16934 | 0.01144 | 0.00592 |-0.00088 |-0.00236 | 1.01172 | 0.00044 |-0.00707 |-0.00349 ||
	|| -0.00168 | 0.00488 | 0.00092 |-0.00557 |-0.00779 | 0.00044 | 0.99903 |-0.00260 | 0.00660 ||
	||  0.03604 | 0.00378 |-0.00307 |-0.00456 |-0.00066 |-0.00707 |-0.00260 | 1.00612 | 0.00656 ||
	||  0.12053 | 0.00441 | 0.00376 | 0.00031 | 0.00099 |-0.00349 | 0.00660 | 0.00656 | 0.99568 ||
	||------------------------------------------------------------------------------------------||


	|-----------------------------------------------------------------|
	|    Copyright (C) 2011-2018 (DRIP)
	|-----------------------------------------------------------------|
	|    Build Version  =&gt; 3.75.0 multi mode
	|    Build JVM (TM) =&gt; 1.8.0_112
	|    Build Snap     =&gt; Sun Sep 23 20:49:57 EST 2018
	|    Start Time     =&gt; Sun Sep 23 22:34:10 EDT 2018
	|    Setup Time     =&gt; Sun Sep 23 22:34:10 EDT 2018
	|    Setup Duration =&gt; 0 ms
	|-----------------------------------------------------------------|


	||-------------------------------------------||
	||                R^1 METRICS                ||
	||-------------------------------------------||
	||    L -&gt; R:                                ||
	||            - Mean                         ||
	||            - Error                        ||
	||            - Variance                     ||
	||            - Standard Deviation           ||
	||-------------------------------------------||
	||  0.00133 |  0.79709 |  1.00000 |  1.00000 ||
	|| -0.00654 |  0.79642 |  0.99996 |  0.99998 ||
	|| -0.00365 |  0.79855 |  0.99999 |  0.99999 ||
	|| -0.00318 |  0.79859 |  0.99999 |  0.99999 ||
	||  0.00283 |  0.79930 |  0.99999 |  1.00000 ||
	|| -0.00053 |  0.79616 |  1.00000 |  1.00000 ||
	|| -0.00347 |  0.79669 |  0.99999 |  0.99999 ||
	||  0.00034 |  0.79813 |  1.00000 |  1.00000 ||
	||  0.00174 |  0.79691 |  1.00000 |  1.00000 ||
	||-------------------------------------------||

	||------------------------------------------------------------------------------------------||
	||                                     INPUT CORRELATION                                    ||
	||------------------------------------------------------------------------------------------||
	||  1.00000 | 0.16100 | 0.24500 | 0.35200 | 0.25900 | 0.16600 | 0.00300 | 0.03800 | 0.11400 ||
	||  0.16100 | 1.00000 | 0.00000 | 0.00000 | 0.00000 | 0.00000 | 0.00000 | 0.00000 | 0.00000 ||
	||  0.24500 | 0.00000 | 1.00000 | 0.00000 | 0.00000 | 0.00000 | 0.00000 | 0.00000 | 0.00000 ||
	||  0.35200 | 0.00000 | 0.00000 | 1.00000 | 0.00000 | 0.00000 | 0.00000 | 0.00000 | 0.00000 ||
	||  0.25900 | 0.00000 | 0.00000 | 0.00000 | 1.00000 | 0.00000 | 0.00000 | 0.00000 | 0.00000 ||
	||  0.16600 | 0.00000 | 0.00000 | 0.00000 | 0.00000 | 1.00000 | 0.00000 | 0.00000 | 0.00000 ||
	||  0.00300 | 0.00000 | 0.00000 | 0.00000 | 0.00000 | 0.00000 | 1.00000 | 0.00000 | 0.00000 ||
	||  0.03800 | 0.00000 | 0.00000 | 0.00000 | 0.00000 | 0.00000 | 0.00000 | 1.00000 | 0.00000 ||
	||  0.11400 | 0.00000 | 0.00000 | 0.00000 | 0.00000 | 0.00000 | 0.00000 | 0.00000 | 1.00000 ||
	||------------------------------------------------------------------------------------------||

	||------------------------------------------------------------------------------------------||
	||                                    OUTPUT CORRELATION                                    ||
	||------------------------------------------------------------------------------------------||
	||  1.00000 | 0.16597 | 0.24793 | 0.35307 | 0.25895 | 0.17107 | 0.00202 | 0.03883 | 0.11261 ||
	||  0.16597 | 1.00000 | 0.00215 | 0.00255 | 0.00029 | 0.00021 |-0.00436 |-0.00445 |-0.00144 ||
	||  0.24793 | 0.00215 | 1.00000 |-0.00110 | 0.00119 | 0.00516 | 0.00757 |-0.00514 | 0.00078 ||
	||  0.35307 | 0.00255 |-0.00110 | 1.00000 |-0.00314 | 0.00660 | 0.00185 |-0.00030 |-0.00663 ||
	||  0.25895 | 0.00029 | 0.00119 |-0.00314 | 1.00000 | 0.00166 | 0.00061 | 0.01070 |-0.00026 ||
	||  0.17107 | 0.00021 | 0.00516 | 0.00660 | 0.00166 | 1.00000 |-0.00137 | 0.00219 | 0.00886 ||
	||  0.00202 |-0.00436 | 0.00757 | 0.00185 | 0.00061 |-0.00137 | 1.00000 |-0.00018 |-0.00552 ||
	||  0.03883 |-0.00445 |-0.00514 |-0.00030 | 0.01070 | 0.00219 |-0.00018 | 1.00000 |-0.00045 ||
	||  0.11261 |-0.00144 | 0.00078 |-0.00663 |-0.00026 | 0.00886 |-0.00552 |-0.00045 | 1.00000 ||
	||------------------------------------------------------------------------------------------||

	||------------------------------------------------------------------------------------------||
	||                                    OUTPUT COVARIANCE                                     ||
	||------------------------------------------------------------------------------------------||
	||  1.00000 | 0.16596 | 0.24793 | 0.35307 | 0.25895 | 0.17107 | 0.00202 | 0.03883 | 0.11261 ||
	||  0.16596 | 0.99996 | 0.00215 | 0.00255 | 0.00029 | 0.00021 |-0.00436 |-0.00445 |-0.00144 ||
	||  0.24793 | 0.00215 | 0.99999 |-0.00110 | 0.00119 | 0.00516 | 0.00757 |-0.00514 | 0.00078 ||
	||  0.35307 | 0.00255 |-0.00110 | 0.99999 |-0.00314 | 0.00660 | 0.00185 |-0.00030 |-0.00663 ||
	||  0.25895 | 0.00029 | 0.00119 |-0.00314 | 0.99999 | 0.00166 | 0.00061 | 0.01070 |-0.00026 ||
	||  0.17107 | 0.00021 | 0.00516 | 0.00660 | 0.00166 | 1.00000 |-0.00137 | 0.00219 | 0.00886 ||
	||  0.00202 |-0.00436 | 0.00757 | 0.00185 | 0.00061 |-0.00137 | 0.99999 |-0.00018 |-0.00552 ||
	||  0.03883 |-0.00445 |-0.00514 |-0.00030 | 0.01070 | 0.00219 |-0.00018 | 1.00000 |-0.00045 ||
	||  0.11261 |-0.00144 | 0.00078 |-0.00663 |-0.00026 | 0.00886 |-0.00552 |-0.00045 | 1.00000 ||
	||------------------------------------------------------------------------------------------||


	|-----------------------------------------------------------------|
	|    Copyright (C) 2011-2018 (DRIP)
	|-----------------------------------------------------------------|
	|    Build Version  =&gt; 3.75.0 multi mode
	|    Build JVM (TM) =&gt; 1.8.0_112
	|    Build Snap     =&gt; Sun Sep 23 20:49:57 EST 2018
	|    Start Time     =&gt; Sun Sep 23 22:34:13 EDT 2018
	|    Setup Time     =&gt; Sun Sep 23 22:34:13 EDT 2018
	|    Setup Duration =&gt; 0 ms
	|-----------------------------------------------------------------|


	||-------------------------------------------||
	||                R^1 METRICS                ||
	||-------------------------------------------||
	||    L -&gt; R:                                ||
	||            - Mean                         ||
	||            - Error                        ||
	||            - Variance                     ||
	||            - Standard Deviation           ||
	||-------------------------------------------||
	||  0.00346 |  0.79763 |  0.99997 |  0.99998 ||
	||  0.00327 |  0.79647 |  0.99997 |  0.99998 ||
	|| -0.00135 |  0.79773 |  0.99998 |  0.99999 ||
	|| -0.00137 |  0.79711 |  0.99998 |  0.99999 ||
	||  0.00198 |  0.79842 |  0.99998 |  0.99999 ||
	|| -0.00026 |  0.79829 |  0.99998 |  0.99999 ||
	|| -0.00099 |  0.79835 |  0.99998 |  0.99999 ||
	|| -0.00188 |  0.79867 |  0.99998 |  0.99999 ||
	||  0.00122 |  0.79839 |  0.99998 |  0.99999 ||
	||-------------------------------------------||

	||------------------------------------------------------------------------------------------||
	||                                     INPUT CORRELATION                                    ||
	||------------------------------------------------------------------------------------------||
	||  1.00000 | 0.16100 | 0.24500 | 0.35200 | 0.25900 | 0.16600 | 0.00300 | 0.03800 | 0.11400 ||
	||  0.16100 | 1.00000 | 0.00000 | 0.00000 | 0.00000 | 0.00000 | 0.00000 | 0.00000 | 0.00000 ||
	||  0.24500 | 0.00000 | 1.00000 | 0.00000 | 0.00000 | 0.00000 | 0.00000 | 0.00000 | 0.00000 ||
	||  0.35200 | 0.00000 | 0.00000 | 1.00000 | 0.00000 | 0.00000 | 0.00000 | 0.00000 | 0.00000 ||
	||  0.25900 | 0.00000 | 0.00000 | 0.00000 | 1.00000 | 0.00000 | 0.00000 | 0.00000 | 0.00000 ||
	||  0.16600 | 0.00000 | 0.00000 | 0.00000 | 0.00000 | 1.00000 | 0.00000 | 0.00000 | 0.00000 ||
	||  0.00300 | 0.00000 | 0.00000 | 0.00000 | 0.00000 | 0.00000 | 1.00000 | 0.00000 | 0.00000 ||
	||  0.03800 | 0.00000 | 0.00000 | 0.00000 | 0.00000 | 0.00000 | 0.00000 | 1.00000 | 0.00000 ||
	||  0.11400 | 0.00000 | 0.00000 | 0.00000 | 0.00000 | 0.00000 | 0.00000 | 0.00000 | 1.00000 ||
	||------------------------------------------------------------------------------------------||

	||------------------------------------------------------------------------------------------||
	||                                    OUTPUT CORRELATION                                    ||
	||------------------------------------------------------------------------------------------||
	||  1.00000 | 0.16448 | 0.25436 | 0.35133 | 0.25837 | 0.15944 |-0.00019 | 0.03629 | 0.11091 ||
	||  0.16448 | 1.00000 |-0.00381 | 0.00695 |-0.00420 | 0.00235 |-0.00173 | 0.00510 | 0.00309 ||
	||  0.25436 |-0.00381 | 1.00000 | 0.00773 |-0.00951 |-0.00002 | 0.00385 | 0.00127 | 0.00407 ||
	||  0.35133 | 0.00695 | 0.00773 | 1.00000 | 0.00258 |-0.01019 |-0.00355 |-0.00826 |-0.00250 ||
	||  0.25837 |-0.00420 |-0.00951 | 0.00258 | 1.00000 | 0.00424 | 0.00259 | 0.00339 | 0.00091 ||
	||  0.15944 | 0.00235 |-0.00002 |-0.01019 | 0.00424 | 1.00000 |-0.00562 |-0.00180 |-0.00295 ||
	|| -0.00019 |-0.00173 | 0.00385 |-0.00355 | 0.00259 |-0.00562 | 1.00000 | 0.00047 | 0.00639 ||
	||  0.03629 | 0.00510 | 0.00127 |-0.00826 | 0.00339 |-0.00180 | 0.00047 | 1.00000 | 0.00170 ||
	||  0.11091 | 0.00309 | 0.00407 |-0.00250 | 0.00091 |-0.00295 | 0.00639 | 0.00170 | 1.00000 ||
	||------------------------------------------------------------------------------------------||

	||------------------------------------------------------------------------------------------||
	||                                    OUTPUT COVARIANCE                                     ||
	||------------------------------------------------------------------------------------------||
	||  0.99997 | 0.16448 | 0.25435 | 0.35132 | 0.25837 | 0.15944 |-0.00019 | 0.03629 | 0.11091 ||
	||  0.16448 | 0.99997 |-0.00381 | 0.00695 |-0.00420 | 0.00235 |-0.00173 | 0.00510 | 0.00309 ||
	||  0.25435 |-0.00381 | 0.99998 | 0.00773 |-0.00951 |-0.00002 | 0.00385 | 0.00127 | 0.00407 ||
	||  0.35132 | 0.00695 | 0.00773 | 0.99998 | 0.00258 |-0.01019 |-0.00355 |-0.00826 |-0.00250 ||
	||  0.25837 |-0.00420 |-0.00951 | 0.00258 | 0.99998 | 0.00424 | 0.00259 | 0.00339 | 0.00091 ||
	||  0.15944 | 0.00235 |-0.00002 |-0.01019 | 0.00424 | 0.99998 |-0.00562 |-0.00180 |-0.00295 ||
	|| -0.00019 |-0.00173 | 0.00385 |-0.00355 | 0.00259 |-0.00562 | 0.99998 | 0.00047 | 0.00639 ||
	||  0.03629 | 0.00510 | 0.00127 |-0.00826 | 0.00339 |-0.00180 | 0.00047 | 0.99998 | 0.00170 ||
	||  0.11091 | 0.00309 | 0.00407 |-0.00250 | 0.00091 |-0.00295 | 0.00639 | 0.00170 | 0.99998 ||
	||------------------------------------------------------------------------------------------||

</pre>
</span>
</div>
</div>
<div id="footer">
<p>
<div>
<label class="hidden" id="label-for-line-wrapping-toggle" for="line-wrapping-toggle">Wrap lines
<input id="line-wrapping-toggle" type="checkbox" autocomplete="off"/>
</label>
</div>Generated by 
<a href="http://www.gradle.org">Gradle 3.5</a> at Sep 23, 2018 11:02:05 PM</p>
</div>
</div>
</body>
</html>
