<!DOCTYPE html>
<html>
<head>
<meta http-equiv="Content-Type" content="text/html; charset=utf-8"/>
<meta http-equiv="x-ua-compatible" content="IE=edge"/>
<title>Test results - Class org.drip.coverage.sequence.Statistics</title>
<link href="../css/base-style.css" rel="stylesheet" type="text/css"/>
<link href="../css/style.css" rel="stylesheet" type="text/css"/>
<script src="../js/report.js" type="text/javascript"></script>
</head>
<body>
<div id="content">
<h1>Class org.drip.coverage.sequence.Statistics</h1>
<div class="breadcrumbs">
<a href="../index.html">all</a> &gt; 
<a href="../packages/org.drip.coverage.sequence.html">org.drip.coverage.sequence</a> &gt; Statistics</div>
<div id="summary">
<table>
<tr>
<td>
<div class="summaryGroup">
<table>
<tr>
<td>
<div class="infoBox" id="tests">
<div class="counter">1</div>
<p>tests</p>
</div>
</td>
<td>
<div class="infoBox" id="failures">
<div class="counter">0</div>
<p>failures</p>
</div>
</td>
<td>
<div class="infoBox" id="ignored">
<div class="counter">0</div>
<p>ignored</p>
</div>
</td>
<td>
<div class="infoBox" id="duration">
<div class="counter">9.560s</div>
<p>duration</p>
</div>
</td>
</tr>
</table>
</div>
</td>
<td>
<div class="infoBox success" id="successRate">
<div class="percent">100%</div>
<p>successful</p>
</div>
</td>
</tr>
</table>
</div>
<div id="tabs">
<ul class="tabLinks">
<li>
<a href="#tab0">Tests</a>
</li>
<li>
<a href="#tab1">Standard output</a>
</li>
</ul>
<div id="tab0" class="tab">
<h2>Tests</h2>
<table>
<thead>
<tr>
<th>Test</th>
<th>Duration</th>
<th>Result</th>
</tr>
</thead>
<tr>
<td class="success">codeCoverageTest</td>
<td>9.560s</td>
<td class="success">passed</td>
</tr>
</table>
</div>
<div id="tab1" class="tab">
<h2>Standard output</h2>
<span class="code">
<pre>
	|-----------------------------------------------------------------|
	|    Copyright (C) 2011-2018 (DRIP)
	|-----------------------------------------------------------------|
	|    Build Version  =&gt; 3.85.0 multi mode
	|    Build JVM (TM) =&gt; 1.8.0_112
	|    Build Snap     =&gt; Sat Nov 24 00:31:09 EST 2018
	|    Start Time     =&gt; Sat Nov 24 11:38:46 EST 2018
	|    Setup Time     =&gt; Sat Nov 24 11:38:46 EST 2018
	|    Setup Duration =&gt; 0 ms
	|-----------------------------------------------------------------|


	||-------------------------------------------||
	||                R^1 METRICS                ||
	||-------------------------------------------||
	||    L -&gt; R:                                ||
	||            - Mean                         ||
	||            - Error                        ||
	||            - Variance                     ||
	||            - Standard Deviation           ||
	||-------------------------------------------||
	||  0.00566 |  0.80321 |  1.00566 |  1.00283 ||
	|| -0.00039 |  0.79538 |  0.99062 |  0.99530 ||
	|| -0.00236 |  0.79525 |  0.99743 |  0.99871 ||
	||  0.00165 |  0.79534 |  0.99473 |  0.99736 ||
	||  0.00063 |  0.79640 |  0.99784 |  0.99892 ||
	||  0.00798 |  0.79726 |  0.99947 |  0.99973 ||
	||  0.00483 |  0.79638 |  0.99409 |  0.99704 ||
	|| -0.00253 |  0.79595 |  0.99391 |  0.99695 ||
	||  0.00237 |  0.79328 |  0.99160 |  0.99579 ||
	||-------------------------------------------||

	||------------------------------------------------------------------------------------------||
	||                                     INPUT CORRELATION                                    ||
	||------------------------------------------------------------------------------------------||
	||  1.00000 | 0.16100 | 0.24500 | 0.35200 | 0.25900 | 0.16600 | 0.00300 | 0.03800 | 0.11400 ||
	||  0.16100 | 1.00000 | 0.00000 | 0.00000 | 0.00000 | 0.00000 | 0.00000 | 0.00000 | 0.00000 ||
	||  0.24500 | 0.00000 | 1.00000 | 0.00000 | 0.00000 | 0.00000 | 0.00000 | 0.00000 | 0.00000 ||
	||  0.35200 | 0.00000 | 0.00000 | 1.00000 | 0.00000 | 0.00000 | 0.00000 | 0.00000 | 0.00000 ||
	||  0.25900 | 0.00000 | 0.00000 | 0.00000 | 1.00000 | 0.00000 | 0.00000 | 0.00000 | 0.00000 ||
	||  0.16600 | 0.00000 | 0.00000 | 0.00000 | 0.00000 | 1.00000 | 0.00000 | 0.00000 | 0.00000 ||
	||  0.00300 | 0.00000 | 0.00000 | 0.00000 | 0.00000 | 0.00000 | 1.00000 | 0.00000 | 0.00000 ||
	||  0.03800 | 0.00000 | 0.00000 | 0.00000 | 0.00000 | 0.00000 | 0.00000 | 1.00000 | 0.00000 ||
	||  0.11400 | 0.00000 | 0.00000 | 0.00000 | 0.00000 | 0.00000 | 0.00000 | 0.00000 | 1.00000 ||
	||------------------------------------------------------------------------------------------||

	||------------------------------------------------------------------------------------------||
	||                                    OUTPUT CORRELATION                                    ||
	||------------------------------------------------------------------------------------------||
	||  1.00000 | 0.16094 | 0.24194 | 0.35306 | 0.25616 | 0.17076 | 0.00346 | 0.04292 | 0.11316 ||
	||  0.16094 | 1.00000 |-0.00401 |-0.00135 |-0.00510 | 0.00860 |-0.00080 | 0.00280 | 0.00538 ||
	||  0.24194 |-0.00401 | 1.00000 |-0.00279 |-0.00392 | 0.00365 | 0.00215 | 0.00073 |-0.00817 ||
	||  0.35306 |-0.00135 |-0.00279 | 1.00000 | 0.00302 |-0.00605 | 0.00642 |-0.00095 |-0.00059 ||
	||  0.25616 |-0.00510 |-0.00392 | 0.00302 | 1.00000 | 0.00194 | 0.00283 | 0.00694 |-0.00170 ||
	||  0.17076 | 0.00860 | 0.00365 |-0.00605 | 0.00194 | 1.00000 |-0.00441 | 0.00254 |-0.00534 ||
	||  0.00346 |-0.00080 | 0.00215 | 0.00642 | 0.00283 |-0.00441 | 1.00000 |-0.00244 |-0.00586 ||
	||  0.04292 | 0.00280 | 0.00073 |-0.00095 | 0.00694 | 0.00254 |-0.00244 | 1.00000 |-0.00691 ||
	||  0.11316 | 0.00538 |-0.00817 |-0.00059 |-0.00170 |-0.00534 |-0.00586 |-0.00691 | 1.00000 ||
	||------------------------------------------------------------------------------------------||

	||------------------------------------------------------------------------------------------||
	||                                    OUTPUT COVARIANCE                                     ||
	||------------------------------------------------------------------------------------------||
	||  1.00566 | 0.16063 | 0.24231 | 0.35312 | 0.25660 | 0.17120 | 0.00346 | 0.04291 | 0.11300 ||
	||  0.16063 | 0.99062 |-0.00398 |-0.00134 |-0.00507 | 0.00856 |-0.00080 | 0.00278 | 0.00534 ||
	||  0.24231 |-0.00398 | 0.99743 |-0.00278 |-0.00392 | 0.00365 | 0.00214 | 0.00073 |-0.00813 ||
	||  0.35312 |-0.00134 |-0.00278 | 0.99473 | 0.00301 |-0.00603 | 0.00639 |-0.00094 |-0.00059 ||
	||  0.25660 |-0.00507 |-0.00392 | 0.00301 | 0.99784 | 0.00194 | 0.00282 | 0.00691 |-0.00170 ||
	||  0.17120 | 0.00856 | 0.00365 |-0.00603 | 0.00194 | 0.99947 |-0.00440 | 0.00253 |-0.00531 ||
	||  0.00346 |-0.00080 | 0.00214 | 0.00639 | 0.00282 |-0.00440 | 0.99409 |-0.00243 |-0.00582 ||
	||  0.04291 | 0.00278 | 0.00073 |-0.00094 | 0.00691 | 0.00253 |-0.00243 | 0.99391 |-0.00686 ||
	||  0.11300 | 0.00534 |-0.00813 |-0.00059 |-0.00170 |-0.00531 |-0.00582 |-0.00686 | 0.99160 ||
	||------------------------------------------------------------------------------------------||


	|-----------------------------------------------------------------|
	|    Copyright (C) 2011-2018 (DRIP)
	|-----------------------------------------------------------------|
	|    Build Version  =&gt; 3.85.0 multi mode
	|    Build JVM (TM) =&gt; 1.8.0_112
	|    Build Snap     =&gt; Sat Nov 24 00:31:09 EST 2018
	|    Start Time     =&gt; Sat Nov 24 11:38:49 EST 2018
	|    Setup Time     =&gt; Sat Nov 24 11:38:49 EST 2018
	|    Setup Duration =&gt; 0 ms
	|-----------------------------------------------------------------|


	||-------------------------------------------||
	||                R^1 METRICS                ||
	||-------------------------------------------||
	||    L -&gt; R:                                ||
	||            - Mean                         ||
	||            - Error                        ||
	||            - Variance                     ||
	||            - Standard Deviation           ||
	||-------------------------------------------||
	|| -0.00576 |  0.79788 |  1.00083 |  1.00041 ||
	|| -0.00522 |  0.79815 |  0.99670 |  0.99835 ||
	|| -0.00253 |  0.79801 |  1.00122 |  1.00061 ||
	|| -0.00174 |  0.79393 |  0.99373 |  0.99686 ||
	|| -0.00875 |  0.79747 |  0.99761 |  0.99880 ||
	|| -0.00088 |  0.79726 |  0.99991 |  0.99996 ||
	||  0.00044 |  0.79821 |  1.00073 |  1.00037 ||
	||  0.00404 |  0.80027 |  1.00541 |  1.00270 ||
	||  0.00560 |  0.79917 |  1.00228 |  1.00114 ||
	||-------------------------------------------||

	||------------------------------------------------------------------------------------------||
	||                                     INPUT CORRELATION                                    ||
	||------------------------------------------------------------------------------------------||
	||  1.00000 | 0.16100 | 0.24500 | 0.35200 | 0.25900 | 0.16600 | 0.00300 | 0.03800 | 0.11400 ||
	||  0.16100 | 1.00000 | 0.00000 | 0.00000 | 0.00000 | 0.00000 | 0.00000 | 0.00000 | 0.00000 ||
	||  0.24500 | 0.00000 | 1.00000 | 0.00000 | 0.00000 | 0.00000 | 0.00000 | 0.00000 | 0.00000 ||
	||  0.35200 | 0.00000 | 0.00000 | 1.00000 | 0.00000 | 0.00000 | 0.00000 | 0.00000 | 0.00000 ||
	||  0.25900 | 0.00000 | 0.00000 | 0.00000 | 1.00000 | 0.00000 | 0.00000 | 0.00000 | 0.00000 ||
	||  0.16600 | 0.00000 | 0.00000 | 0.00000 | 0.00000 | 1.00000 | 0.00000 | 0.00000 | 0.00000 ||
	||  0.00300 | 0.00000 | 0.00000 | 0.00000 | 0.00000 | 0.00000 | 1.00000 | 0.00000 | 0.00000 ||
	||  0.03800 | 0.00000 | 0.00000 | 0.00000 | 0.00000 | 0.00000 | 0.00000 | 1.00000 | 0.00000 ||
	||  0.11400 | 0.00000 | 0.00000 | 0.00000 | 0.00000 | 0.00000 | 0.00000 | 0.00000 | 1.00000 ||
	||------------------------------------------------------------------------------------------||

	||------------------------------------------------------------------------------------------||
	||                                    OUTPUT CORRELATION                                    ||
	||------------------------------------------------------------------------------------------||
	||  1.00000 | 0.15803 | 0.24539 | 0.34971 | 0.25915 | 0.16795 |-0.00501 | 0.03632 | 0.11836 ||
	||  0.15803 | 1.00000 |-0.00096 | 0.00075 |-0.00247 | 0.00566 |-0.00241 |-0.01150 |-0.00018 ||
	||  0.24539 |-0.00096 | 1.00000 | 0.00936 | 0.00197 |-0.00108 |-0.00008 |-0.00299 |-0.00666 ||
	||  0.34971 | 0.00075 | 0.00936 | 1.00000 | 0.00409 | 0.00318 | 0.00125 | 0.00364 | 0.00279 ||
	||  0.25915 |-0.00247 | 0.00197 | 0.00409 | 1.00000 |-0.00358 |-0.00172 |-0.00141 | 0.00285 ||
	||  0.16795 | 0.00566 |-0.00108 | 0.00318 |-0.00358 | 1.00000 |-0.00001 |-0.00378 | 0.00326 ||
	|| -0.00501 |-0.00241 |-0.00008 | 0.00125 |-0.00172 |-0.00001 | 1.00000 | 0.00734 |-0.00244 ||
	||  0.03632 |-0.01150 |-0.00299 | 0.00364 |-0.00141 |-0.00378 | 0.00734 | 1.00000 | 0.00301 ||
	||  0.11836 |-0.00018 |-0.00666 | 0.00279 | 0.00285 | 0.00326 |-0.00244 | 0.00301 | 1.00000 ||
	||------------------------------------------------------------------------------------------||

	||------------------------------------------------------------------------------------------||
	||                                    OUTPUT COVARIANCE                                     ||
	||------------------------------------------------------------------------------------------||
	||  1.00083 | 0.15784 | 0.24565 | 0.34875 | 0.25894 | 0.16801 |-0.00502 | 0.03644 | 0.11855 ||
	||  0.15784 | 0.99670 |-0.00096 | 0.00074 |-0.00247 | 0.00565 |-0.00241 |-0.01152 |-0.00018 ||
	||  0.24565 |-0.00096 | 1.00122 | 0.00934 | 0.00197 |-0.00108 |-0.00008 |-0.00300 |-0.00668 ||
	||  0.34875 | 0.00074 | 0.00934 | 0.99373 | 0.00407 | 0.00317 | 0.00125 | 0.00364 | 0.00278 ||
	||  0.25894 |-0.00247 | 0.00197 | 0.00407 | 0.99761 |-0.00357 |-0.00172 |-0.00141 | 0.00285 ||
	||  0.16801 | 0.00565 |-0.00108 | 0.00317 |-0.00357 | 0.99991 |-0.00001 |-0.00379 | 0.00327 ||
	|| -0.00502 |-0.00241 |-0.00008 | 0.00125 |-0.00172 |-0.00001 | 1.00073 | 0.00736 |-0.00245 ||
	||  0.03644 |-0.01152 |-0.00300 | 0.00364 |-0.00141 |-0.00379 | 0.00736 | 1.00541 | 0.00302 ||
	||  0.11855 |-0.00018 |-0.00668 | 0.00278 | 0.00285 | 0.00327 |-0.00245 | 0.00302 | 1.00228 ||
	||------------------------------------------------------------------------------------------||


	|-----------------------------------------------------------------|
	|    Copyright (C) 2011-2018 (DRIP)
	|-----------------------------------------------------------------|
	|    Build Version  =&gt; 3.85.0 multi mode
	|    Build JVM (TM) =&gt; 1.8.0_112
	|    Build Snap     =&gt; Sat Nov 24 00:31:09 EST 2018
	|    Start Time     =&gt; Sat Nov 24 11:38:51 EST 2018
	|    Setup Time     =&gt; Sat Nov 24 11:38:51 EST 2018
	|    Setup Duration =&gt; 0 ms
	|-----------------------------------------------------------------|


	||-------------------------------------------||
	||                R^1 METRICS                ||
	||-------------------------------------------||
	||    L -&gt; R:                                ||
	||            - Mean                         ||
	||            - Error                        ||
	||            - Variance                     ||
	||            - Standard Deviation           ||
	||-------------------------------------------||
	|| -0.00246 |  0.79842 |  0.99999 |  1.00000 ||
	||  0.00044 |  0.79952 |  1.00000 |  1.00000 ||
	||  0.00290 |  0.79745 |  0.99999 |  1.00000 ||
	||  0.00139 |  0.79991 |  1.00000 |  1.00000 ||
	|| -0.00192 |  0.79846 |  1.00000 |  1.00000 ||
	||  0.00078 |  0.79930 |  1.00000 |  1.00000 ||
	|| -0.00080 |  0.79568 |  1.00000 |  1.00000 ||
	||  0.00513 |  0.79877 |  0.99997 |  0.99999 ||
	|| -0.00015 |  0.79704 |  1.00000 |  1.00000 ||
	||-------------------------------------------||

	||------------------------------------------------------------------------------------------||
	||                                     INPUT CORRELATION                                    ||
	||------------------------------------------------------------------------------------------||
	||  1.00000 | 0.16100 | 0.24500 | 0.35200 | 0.25900 | 0.16600 | 0.00300 | 0.03800 | 0.11400 ||
	||  0.16100 | 1.00000 | 0.00000 | 0.00000 | 0.00000 | 0.00000 | 0.00000 | 0.00000 | 0.00000 ||
	||  0.24500 | 0.00000 | 1.00000 | 0.00000 | 0.00000 | 0.00000 | 0.00000 | 0.00000 | 0.00000 ||
	||  0.35200 | 0.00000 | 0.00000 | 1.00000 | 0.00000 | 0.00000 | 0.00000 | 0.00000 | 0.00000 ||
	||  0.25900 | 0.00000 | 0.00000 | 0.00000 | 1.00000 | 0.00000 | 0.00000 | 0.00000 | 0.00000 ||
	||  0.16600 | 0.00000 | 0.00000 | 0.00000 | 0.00000 | 1.00000 | 0.00000 | 0.00000 | 0.00000 ||
	||  0.00300 | 0.00000 | 0.00000 | 0.00000 | 0.00000 | 0.00000 | 1.00000 | 0.00000 | 0.00000 ||
	||  0.03800 | 0.00000 | 0.00000 | 0.00000 | 0.00000 | 0.00000 | 0.00000 | 1.00000 | 0.00000 ||
	||  0.11400 | 0.00000 | 0.00000 | 0.00000 | 0.00000 | 0.00000 | 0.00000 | 0.00000 | 1.00000 ||
	||------------------------------------------------------------------------------------------||

	||------------------------------------------------------------------------------------------||
	||                                    OUTPUT CORRELATION                                    ||
	||------------------------------------------------------------------------------------------||
	||  1.00000 | 0.15374 | 0.24343 | 0.36214 | 0.25442 | 0.16927 | 0.00160 | 0.04197 | 0.11471 ||
	||  0.15374 | 1.00000 |-0.00036 |-0.00085 |-0.00344 |-0.00137 | 0.00017 |-0.00594 | 0.00186 ||
	||  0.24343 |-0.00036 | 1.00000 |-0.00109 |-0.00146 | 0.00801 |-0.00314 | 0.00267 | 0.00206 ||
	||  0.36214 |-0.00085 |-0.00109 | 1.00000 |-0.00382 |-0.00193 |-0.00273 |-0.00036 | 0.00055 ||
	||  0.25442 |-0.00344 |-0.00146 |-0.00382 | 1.00000 |-0.00132 | 0.00230 | 0.00075 | 0.00356 ||
	||  0.16927 |-0.00137 | 0.00801 |-0.00193 |-0.00132 | 1.00000 |-0.00010 | 0.00063 |-0.00041 ||
	||  0.00160 | 0.00017 |-0.00314 |-0.00273 | 0.00230 |-0.00010 | 1.00000 |-0.00782 | 0.00038 ||
	||  0.04197 |-0.00594 | 0.00267 |-0.00036 | 0.00075 | 0.00063 |-0.00782 | 1.00000 |-0.01404 ||
	||  0.11471 | 0.00186 | 0.00206 | 0.00055 | 0.00356 |-0.00041 | 0.00038 |-0.01404 | 1.00000 ||
	||------------------------------------------------------------------------------------------||

	||------------------------------------------------------------------------------------------||
	||                                    OUTPUT COVARIANCE                                     ||
	||------------------------------------------------------------------------------------------||
	||  0.99999 | 0.15374 | 0.24342 | 0.36213 | 0.25442 | 0.16927 | 0.00160 | 0.04197 | 0.11471 ||
	||  0.15374 | 1.00000 |-0.00036 |-0.00085 |-0.00344 |-0.00137 | 0.00017 |-0.00594 | 0.00186 ||
	||  0.24342 |-0.00036 | 0.99999 |-0.00109 |-0.00146 | 0.00801 |-0.00314 | 0.00267 | 0.00206 ||
	||  0.36213 |-0.00085 |-0.00109 | 1.00000 |-0.00382 |-0.00193 |-0.00273 |-0.00036 | 0.00055 ||
	||  0.25442 |-0.00344 |-0.00146 |-0.00382 | 1.00000 |-0.00132 | 0.00230 | 0.00075 | 0.00356 ||
	||  0.16927 |-0.00137 | 0.00801 |-0.00193 |-0.00132 | 1.00000 |-0.00010 | 0.00063 |-0.00041 ||
	||  0.00160 | 0.00017 |-0.00314 |-0.00273 | 0.00230 |-0.00010 | 1.00000 |-0.00782 | 0.00038 ||
	||  0.04197 |-0.00594 | 0.00267 |-0.00036 | 0.00075 | 0.00063 |-0.00782 | 0.99997 |-0.01404 ||
	||  0.11471 | 0.00186 | 0.00206 | 0.00055 | 0.00356 |-0.00041 | 0.00038 |-0.01404 | 1.00000 ||
	||------------------------------------------------------------------------------------------||


	|-----------------------------------------------------------------|
	|    Copyright (C) 2011-2018 (DRIP)
	|-----------------------------------------------------------------|
	|    Build Version  =&gt; 3.85.0 multi mode
	|    Build JVM (TM) =&gt; 1.8.0_112
	|    Build Snap     =&gt; Sat Nov 24 00:31:09 EST 2018
	|    Start Time     =&gt; Sat Nov 24 11:38:53 EST 2018
	|    Setup Time     =&gt; Sat Nov 24 11:38:53 EST 2018
	|    Setup Duration =&gt; 0 ms
	|-----------------------------------------------------------------|


	||-------------------------------------------||
	||                R^1 METRICS                ||
	||-------------------------------------------||
	||    L -&gt; R:                                ||
	||            - Mean                         ||
	||            - Error                        ||
	||            - Variance                     ||
	||            - Standard Deviation           ||
	||-------------------------------------------||
	||  0.00144 |  0.79841 |  0.99998 |  0.99999 ||
	|| -0.00202 |  0.79741 |  0.99998 |  0.99999 ||
	||  0.00353 |  0.79679 |  0.99997 |  0.99998 ||
	|| -0.00015 |  0.79800 |  0.99998 |  0.99999 ||
	|| -0.00266 |  0.79861 |  0.99997 |  0.99999 ||
	|| -0.00301 |  0.79757 |  0.99997 |  0.99999 ||
	|| -0.00065 |  0.79742 |  0.99998 |  0.99999 ||
	|| -0.00030 |  0.79775 |  0.99998 |  0.99999 ||
	||  0.00285 |  0.79895 |  0.99997 |  0.99999 ||
	||-------------------------------------------||

	||------------------------------------------------------------------------------------------||
	||                                     INPUT CORRELATION                                    ||
	||------------------------------------------------------------------------------------------||
	||  1.00000 | 0.16100 | 0.24500 | 0.35200 | 0.25900 | 0.16600 | 0.00300 | 0.03800 | 0.11400 ||
	||  0.16100 | 1.00000 | 0.00000 | 0.00000 | 0.00000 | 0.00000 | 0.00000 | 0.00000 | 0.00000 ||
	||  0.24500 | 0.00000 | 1.00000 | 0.00000 | 0.00000 | 0.00000 | 0.00000 | 0.00000 | 0.00000 ||
	||  0.35200 | 0.00000 | 0.00000 | 1.00000 | 0.00000 | 0.00000 | 0.00000 | 0.00000 | 0.00000 ||
	||  0.25900 | 0.00000 | 0.00000 | 0.00000 | 1.00000 | 0.00000 | 0.00000 | 0.00000 | 0.00000 ||
	||  0.16600 | 0.00000 | 0.00000 | 0.00000 | 0.00000 | 1.00000 | 0.00000 | 0.00000 | 0.00000 ||
	||  0.00300 | 0.00000 | 0.00000 | 0.00000 | 0.00000 | 0.00000 | 1.00000 | 0.00000 | 0.00000 ||
	||  0.03800 | 0.00000 | 0.00000 | 0.00000 | 0.00000 | 0.00000 | 0.00000 | 1.00000 | 0.00000 ||
	||  0.11400 | 0.00000 | 0.00000 | 0.00000 | 0.00000 | 0.00000 | 0.00000 | 0.00000 | 1.00000 ||
	||------------------------------------------------------------------------------------------||

	||------------------------------------------------------------------------------------------||
	||                                    OUTPUT CORRELATION                                    ||
	||------------------------------------------------------------------------------------------||
	||  1.00000 | 0.16103 | 0.24226 | 0.35477 | 0.25459 | 0.16965 |-0.00225 | 0.04277 | 0.10489 ||
	||  0.16103 | 1.00000 |-0.00080 | 0.00362 |-0.00136 |-0.00059 | 0.00368 | 0.00177 |-0.00446 ||
	||  0.24226 |-0.00080 | 1.00000 | 0.00155 | 0.00318 |-0.00827 |-0.00004 |-0.00852 | 0.00460 ||
	||  0.35477 | 0.00362 | 0.00155 | 1.00000 | 0.00377 | 0.00902 |-0.00092 | 0.00162 |-0.00966 ||
	||  0.25459 |-0.00136 | 0.00318 | 0.00377 | 1.00000 | 0.00379 |-0.00827 |-0.00307 |-0.00260 ||
	||  0.16965 |-0.00059 |-0.00827 | 0.00902 | 0.00379 | 1.00000 | 0.00217 | 0.00101 | 0.00305 ||
	|| -0.00225 | 0.00368 |-0.00004 |-0.00092 |-0.00827 | 0.00217 | 1.00000 | 0.00238 |-0.00374 ||
	||  0.04277 | 0.00177 |-0.00852 | 0.00162 |-0.00307 | 0.00101 | 0.00238 | 1.00000 | 0.00149 ||
	||  0.10489 |-0.00446 | 0.00460 |-0.00966 |-0.00260 | 0.00305 |-0.00374 | 0.00149 | 1.00000 ||
	||------------------------------------------------------------------------------------------||

	||------------------------------------------------------------------------------------------||
	||                                    OUTPUT COVARIANCE                                     ||
	||------------------------------------------------------------------------------------------||
	||  0.99998 | 0.16103 | 0.24226 | 0.35476 | 0.25458 | 0.16965 |-0.00225 | 0.04277 | 0.10489 ||
	||  0.16103 | 0.99998 |-0.00080 | 0.00362 |-0.00136 |-0.00059 | 0.00368 | 0.00177 |-0.00446 ||
	||  0.24226 |-0.00080 | 0.99997 | 0.00155 | 0.00318 |-0.00827 |-0.00004 |-0.00852 | 0.00460 ||
	||  0.35476 | 0.00362 | 0.00155 | 0.99998 | 0.00377 | 0.00902 |-0.00092 | 0.00162 |-0.00966 ||
	||  0.25458 |-0.00136 | 0.00318 | 0.00377 | 0.99997 | 0.00379 |-0.00827 |-0.00307 |-0.00260 ||
	||  0.16965 |-0.00059 |-0.00827 | 0.00902 | 0.00379 | 0.99997 | 0.00217 | 0.00101 | 0.00305 ||
	|| -0.00225 | 0.00368 |-0.00004 |-0.00092 |-0.00827 | 0.00217 | 0.99998 | 0.00238 |-0.00374 ||
	||  0.04277 | 0.00177 |-0.00852 | 0.00162 |-0.00307 | 0.00101 | 0.00238 | 0.99998 | 0.00149 ||
	||  0.10489 |-0.00446 | 0.00460 |-0.00966 |-0.00260 | 0.00305 |-0.00374 | 0.00149 | 0.99997 ||
	||------------------------------------------------------------------------------------------||

</pre>
</span>
</div>
</div>
<div id="footer">
<p>
<div>
<label class="hidden" id="label-for-line-wrapping-toggle" for="line-wrapping-toggle">Wrap lines
<input id="line-wrapping-toggle" type="checkbox" autocomplete="off"/>
</label>
</div>Generated by 
<a href="http://www.gradle.org">Gradle 3.5</a> at Nov 24, 2018 12:05:08 PM</p>
</div>
</div>
</body>
</html>
