<!DOCTYPE html>
<html>
<head>
<meta http-equiv="Content-Type" content="text/html; charset=utf-8"/>
<meta http-equiv="x-ua-compatible" content="IE=edge"/>
<title>Test results - Class org.drip.coverage.sequence.Statistics</title>
<link href="../css/base-style.css" rel="stylesheet" type="text/css"/>
<link href="../css/style.css" rel="stylesheet" type="text/css"/>
<script src="../js/report.js" type="text/javascript"></script>
</head>
<body>
<div id="content">
<h1>Class org.drip.coverage.sequence.Statistics</h1>
<div class="breadcrumbs">
<a href="../index.html">all</a> &gt; 
<a href="../packages/org.drip.coverage.sequence.html">org.drip.coverage.sequence</a> &gt; Statistics</div>
<div id="summary">
<table>
<tr>
<td>
<div class="summaryGroup">
<table>
<tr>
<td>
<div class="infoBox" id="tests">
<div class="counter">1</div>
<p>tests</p>
</div>
</td>
<td>
<div class="infoBox" id="failures">
<div class="counter">0</div>
<p>failures</p>
</div>
</td>
<td>
<div class="infoBox" id="ignored">
<div class="counter">0</div>
<p>ignored</p>
</div>
</td>
<td>
<div class="infoBox" id="duration">
<div class="counter">9.779s</div>
<p>duration</p>
</div>
</td>
</tr>
</table>
</div>
</td>
<td>
<div class="infoBox success" id="successRate">
<div class="percent">100%</div>
<p>successful</p>
</div>
</td>
</tr>
</table>
</div>
<div id="tabs">
<ul class="tabLinks">
<li>
<a href="#tab0">Tests</a>
</li>
<li>
<a href="#tab1">Standard output</a>
</li>
</ul>
<div id="tab0" class="tab">
<h2>Tests</h2>
<table>
<thead>
<tr>
<th>Test</th>
<th>Duration</th>
<th>Result</th>
</tr>
</thead>
<tr>
<td class="success">codeCoverageTest</td>
<td>9.779s</td>
<td class="success">passed</td>
</tr>
</table>
</div>
<div id="tab1" class="tab">
<h2>Standard output</h2>
<span class="code">
<pre>
	|-----------------------------------------------------------------|
	|    Copyright (C) 2011-2020 (DRIP, DROP)
	|-----------------------------------------------------------------|
	|    Build Version  =&gt; 4.59.0 multi mode
	|    Build JVM (TM) =&gt; 1.8.0_112
	|    Build Snap     =&gt; Sat Jan 04 12:13:43 EST 2019
	|    Start Time     =&gt; Sun Jan 05 07:52:07 EST 2020
	|    Setup Time     =&gt; Sun Jan 05 07:52:07 EST 2020
	|    Setup Duration =&gt; 0 ms
	|-----------------------------------------------------------------|


	||-------------------------------------------||
	||                R^1 METRICS                ||
	||-------------------------------------------||
	||    L -&gt; R:                                ||
	||            - Mean                         ||
	||            - Error                        ||
	||            - Variance                     ||
	||            - Standard Deviation           ||
	||-------------------------------------------||
	||  0.00635 |  0.78782 |  0.97782 |  0.98885 ||
	|| -0.00170 |  0.79733 |  0.99963 |  0.99981 ||
	||  0.00743 |  0.80107 |  1.00835 |  1.00416 ||
	|| -0.00290 |  0.79749 |  0.99869 |  0.99934 ||
	||  0.00441 |  0.79989 |  1.00799 |  1.00399 ||
	||  0.00347 |  0.79975 |  1.00477 |  1.00238 ||
	|| -0.00280 |  0.79753 |  0.99757 |  0.99879 ||
	||  0.00777 |  0.79752 |  1.00074 |  1.00037 ||
	||  0.00265 |  0.79883 |  1.00071 |  1.00036 ||
	||-------------------------------------------||

	||------------------------------------------------------------------------------------------||
	||                                     INPUT CORRELATION                                    ||
	||------------------------------------------------------------------------------------------||
	||  1.00000 | 0.16100 | 0.24500 | 0.35200 | 0.25900 | 0.16600 | 0.00300 | 0.03800 | 0.11400 ||
	||  0.16100 | 1.00000 | 0.00000 | 0.00000 | 0.00000 | 0.00000 | 0.00000 | 0.00000 | 0.00000 ||
	||  0.24500 | 0.00000 | 1.00000 | 0.00000 | 0.00000 | 0.00000 | 0.00000 | 0.00000 | 0.00000 ||
	||  0.35200 | 0.00000 | 0.00000 | 1.00000 | 0.00000 | 0.00000 | 0.00000 | 0.00000 | 0.00000 ||
	||  0.25900 | 0.00000 | 0.00000 | 0.00000 | 1.00000 | 0.00000 | 0.00000 | 0.00000 | 0.00000 ||
	||  0.16600 | 0.00000 | 0.00000 | 0.00000 | 0.00000 | 1.00000 | 0.00000 | 0.00000 | 0.00000 ||
	||  0.00300 | 0.00000 | 0.00000 | 0.00000 | 0.00000 | 0.00000 | 1.00000 | 0.00000 | 0.00000 ||
	||  0.03800 | 0.00000 | 0.00000 | 0.00000 | 0.00000 | 0.00000 | 0.00000 | 1.00000 | 0.00000 ||
	||  0.11400 | 0.00000 | 0.00000 | 0.00000 | 0.00000 | 0.00000 | 0.00000 | 0.00000 | 1.00000 ||
	||------------------------------------------------------------------------------------------||

	||------------------------------------------------------------------------------------------||
	||                                    OUTPUT CORRELATION                                    ||
	||------------------------------------------------------------------------------------------||
	||  1.00000 | 0.16239 | 0.24221 | 0.35605 | 0.25963 | 0.16977 | 0.00022 | 0.03249 | 0.11125 ||
	||  0.16239 | 1.00000 | 0.00430 | 0.00584 | 0.00432 |-0.00655 | 0.00015 |-0.00141 |-0.00339 ||
	||  0.24221 | 0.00430 | 1.00000 | 0.00264 |-0.01184 | 0.00359 | 0.00628 | 0.00260 |-0.00486 ||
	||  0.35605 | 0.00584 | 0.00264 | 1.00000 |-0.00220 | 0.00635 |-0.00388 | 0.00486 |-0.00104 ||
	||  0.25963 | 0.00432 |-0.01184 |-0.00220 | 1.00000 | 0.00834 |-0.00115 |-0.00363 |-0.00616 ||
	||  0.16977 |-0.00655 | 0.00359 | 0.00635 | 0.00834 | 1.00000 |-0.00665 |-0.00278 |-0.00019 ||
	||  0.00022 | 0.00015 | 0.00628 |-0.00388 |-0.00115 |-0.00665 | 1.00000 | 0.00095 | 0.00188 ||
	||  0.03249 |-0.00141 | 0.00260 | 0.00486 |-0.00363 |-0.00278 | 0.00095 | 1.00000 | 0.00071 ||
	||  0.11125 |-0.00339 |-0.00486 |-0.00104 |-0.00616 |-0.00019 | 0.00188 | 0.00071 | 1.00000 ||
	||------------------------------------------------------------------------------------------||

	||------------------------------------------------------------------------------------------||
	||                                    OUTPUT COVARIANCE                                     ||
	||------------------------------------------------------------------------------------------||
	||  0.97782 | 0.16055 | 0.24051 | 0.35185 | 0.25776 | 0.16828 | 0.00022 | 0.03214 | 0.11005 ||
	||  0.16055 | 0.99963 | 0.00432 | 0.00583 | 0.00433 |-0.00656 | 0.00015 |-0.00141 |-0.00339 ||
	||  0.24051 | 0.00432 | 1.00835 | 0.00265 |-0.01194 | 0.00361 | 0.00629 | 0.00261 |-0.00488 ||
	||  0.35185 | 0.00583 | 0.00265 | 0.99869 |-0.00221 | 0.00636 |-0.00388 | 0.00486 |-0.00103 ||
	||  0.25776 | 0.00433 |-0.01194 |-0.00221 | 1.00799 | 0.00840 |-0.00115 |-0.00365 |-0.00618 ||
	||  0.16828 |-0.00656 | 0.00361 | 0.00636 | 0.00840 | 1.00477 |-0.00666 |-0.00279 |-0.00019 ||
	||  0.00022 | 0.00015 | 0.00629 |-0.00388 |-0.00115 |-0.00666 | 0.99757 | 0.00095 | 0.00188 ||
	||  0.03214 |-0.00141 | 0.00261 | 0.00486 |-0.00365 |-0.00279 | 0.00095 | 1.00074 | 0.00072 ||
	||  0.11005 |-0.00339 |-0.00488 |-0.00103 |-0.00618 |-0.00019 | 0.00188 | 0.00072 | 1.00071 ||
	||------------------------------------------------------------------------------------------||


	|-----------------------------------------------------------------|
	|    Copyright (C) 2011-2020 (DRIP, DROP)
	|-----------------------------------------------------------------|
	|    Build Version  =&gt; 4.59.0 multi mode
	|    Build JVM (TM) =&gt; 1.8.0_112
	|    Build Snap     =&gt; Sat Jan 04 12:13:43 EST 2019
	|    Start Time     =&gt; Sun Jan 05 07:52:10 EST 2020
	|    Setup Time     =&gt; Sun Jan 05 07:52:10 EST 2020
	|    Setup Duration =&gt; 1 ms
	|-----------------------------------------------------------------|


	||-------------------------------------------||
	||                R^1 METRICS                ||
	||-------------------------------------------||
	||    L -&gt; R:                                ||
	||            - Mean                         ||
	||            - Error                        ||
	||            - Variance                     ||
	||            - Standard Deviation           ||
	||-------------------------------------------||
	|| -0.00064 |  0.79171 |  0.98614 |  0.99305 ||
	|| -0.00044 |  0.79942 |  1.00625 |  1.00312 ||
	|| -0.00597 |  0.79828 |  1.00033 |  1.00016 ||
	|| -0.00319 |  0.79574 |  0.99426 |  0.99712 ||
	||  0.00171 |  0.79843 |  1.00393 |  1.00196 ||
	|| -0.00050 |  0.79608 |  0.99831 |  0.99915 ||
	||  0.00083 |  0.79991 |  1.00322 |  1.00161 ||
	||  0.00029 |  0.79968 |  1.00678 |  1.00338 ||
	||  0.00366 |  0.79865 |  1.00321 |  1.00160 ||
	||-------------------------------------------||

	||------------------------------------------------------------------------------------------||
	||                                     INPUT CORRELATION                                    ||
	||------------------------------------------------------------------------------------------||
	||  1.00000 | 0.16100 | 0.24500 | 0.35200 | 0.25900 | 0.16600 | 0.00300 | 0.03800 | 0.11400 ||
	||  0.16100 | 1.00000 | 0.00000 | 0.00000 | 0.00000 | 0.00000 | 0.00000 | 0.00000 | 0.00000 ||
	||  0.24500 | 0.00000 | 1.00000 | 0.00000 | 0.00000 | 0.00000 | 0.00000 | 0.00000 | 0.00000 ||
	||  0.35200 | 0.00000 | 0.00000 | 1.00000 | 0.00000 | 0.00000 | 0.00000 | 0.00000 | 0.00000 ||
	||  0.25900 | 0.00000 | 0.00000 | 0.00000 | 1.00000 | 0.00000 | 0.00000 | 0.00000 | 0.00000 ||
	||  0.16600 | 0.00000 | 0.00000 | 0.00000 | 0.00000 | 1.00000 | 0.00000 | 0.00000 | 0.00000 ||
	||  0.00300 | 0.00000 | 0.00000 | 0.00000 | 0.00000 | 0.00000 | 1.00000 | 0.00000 | 0.00000 ||
	||  0.03800 | 0.00000 | 0.00000 | 0.00000 | 0.00000 | 0.00000 | 0.00000 | 1.00000 | 0.00000 ||
	||  0.11400 | 0.00000 | 0.00000 | 0.00000 | 0.00000 | 0.00000 | 0.00000 | 0.00000 | 1.00000 ||
	||------------------------------------------------------------------------------------------||

	||------------------------------------------------------------------------------------------||
	||                                    OUTPUT CORRELATION                                    ||
	||------------------------------------------------------------------------------------------||
	||  1.00000 | 0.16452 | 0.24063 | 0.35370 | 0.25180 | 0.17236 | 0.00222 | 0.03516 | 0.10928 ||
	||  0.16452 | 1.00000 | 0.00374 |-0.00046 | 0.00127 | 0.00373 | 0.00187 |-0.00218 | 0.01116 ||
	||  0.24063 | 0.00374 | 1.00000 |-0.00533 | 0.00053 |-0.00308 |-0.00036 |-0.00226 | 0.00594 ||
	||  0.35370 |-0.00046 |-0.00533 | 1.00000 |-0.00128 | 0.00626 |-0.00393 |-0.00639 | 0.00749 ||
	||  0.25180 | 0.00127 | 0.00053 |-0.00128 | 1.00000 |-0.00196 | 0.00893 |-0.00476 |-0.00680 ||
	||  0.17236 | 0.00373 |-0.00308 | 0.00626 |-0.00196 | 1.00000 | 0.00153 |-0.00192 |-0.00934 ||
	||  0.00222 | 0.00187 |-0.00036 |-0.00393 | 0.00893 | 0.00153 | 1.00000 | 0.00559 |-0.00667 ||
	||  0.03516 |-0.00218 |-0.00226 |-0.00639 |-0.00476 |-0.00192 | 0.00559 | 1.00000 |-0.00790 ||
	||  0.10928 | 0.01116 | 0.00594 | 0.00749 |-0.00680 |-0.00934 |-0.00667 |-0.00790 | 1.00000 ||
	||------------------------------------------------------------------------------------------||

	||------------------------------------------------------------------------------------------||
	||                                    OUTPUT COVARIANCE                                     ||
	||------------------------------------------------------------------------------------------||
	||  0.98614 | 0.16389 | 0.23900 | 0.35023 | 0.25054 | 0.17102 | 0.00220 | 0.03503 | 0.10869 ||
	||  0.16389 | 1.00625 | 0.00375 |-0.00046 | 0.00128 | 0.00374 | 0.00188 |-0.00220 | 0.01122 ||
	||  0.23900 | 0.00375 | 1.00033 |-0.00532 | 0.00053 |-0.00308 |-0.00036 |-0.00227 | 0.00595 ||
	||  0.35023 |-0.00046 |-0.00532 | 0.99426 |-0.00128 | 0.00624 |-0.00393 |-0.00639 | 0.00748 ||
	||  0.25054 | 0.00128 | 0.00053 |-0.00128 | 1.00393 |-0.00197 | 0.00896 |-0.00479 |-0.00682 ||
	||  0.17102 | 0.00374 |-0.00308 | 0.00624 |-0.00197 | 0.99831 | 0.00153 |-0.00193 |-0.00935 ||
	||  0.00220 | 0.00188 |-0.00036 |-0.00393 | 0.00896 | 0.00153 | 1.00322 | 0.00562 |-0.00669 ||
	||  0.03503 |-0.00220 |-0.00227 |-0.00639 |-0.00479 |-0.00193 | 0.00562 | 1.00678 |-0.00794 ||
	||  0.10869 | 0.01122 | 0.00595 | 0.00748 |-0.00682 |-0.00935 |-0.00669 |-0.00794 | 1.00321 ||
	||------------------------------------------------------------------------------------------||


	|-----------------------------------------------------------------|
	|    Copyright (C) 2011-2020 (DRIP, DROP)
	|-----------------------------------------------------------------|
	|    Build Version  =&gt; 4.59.0 multi mode
	|    Build JVM (TM) =&gt; 1.8.0_112
	|    Build Snap     =&gt; Sat Jan 04 12:13:43 EST 2019
	|    Start Time     =&gt; Sun Jan 05 07:52:12 EST 2020
	|    Setup Time     =&gt; Sun Jan 05 07:52:12 EST 2020
	|    Setup Duration =&gt; 1 ms
	|-----------------------------------------------------------------|


	||-------------------------------------------||
	||                R^1 METRICS                ||
	||-------------------------------------------||
	||    L -&gt; R:                                ||
	||            - Mean                         ||
	||            - Error                        ||
	||            - Variance                     ||
	||            - Standard Deviation           ||
	||-------------------------------------------||
	|| -0.00194 |  0.79870 |  1.00000 |  1.00000 ||
	|| -0.00453 |  0.79640 |  0.99998 |  0.99999 ||
	|| -0.00059 |  0.79655 |  1.00000 |  1.00000 ||
	||  0.00505 |  0.79857 |  0.99997 |  0.99999 ||
	||  0.00449 |  0.79730 |  0.99998 |  0.99999 ||
	||  0.00087 |  0.79823 |  1.00000 |  1.00000 ||
	||  0.00214 |  0.79691 |  1.00000 |  1.00000 ||
	|| -0.00217 |  0.79624 |  1.00000 |  1.00000 ||
	|| -0.00187 |  0.79869 |  1.00000 |  1.00000 ||
	||-------------------------------------------||

	||------------------------------------------------------------------------------------------||
	||                                     INPUT CORRELATION                                    ||
	||------------------------------------------------------------------------------------------||
	||  1.00000 | 0.16100 | 0.24500 | 0.35200 | 0.25900 | 0.16600 | 0.00300 | 0.03800 | 0.11400 ||
	||  0.16100 | 1.00000 | 0.00000 | 0.00000 | 0.00000 | 0.00000 | 0.00000 | 0.00000 | 0.00000 ||
	||  0.24500 | 0.00000 | 1.00000 | 0.00000 | 0.00000 | 0.00000 | 0.00000 | 0.00000 | 0.00000 ||
	||  0.35200 | 0.00000 | 0.00000 | 1.00000 | 0.00000 | 0.00000 | 0.00000 | 0.00000 | 0.00000 ||
	||  0.25900 | 0.00000 | 0.00000 | 0.00000 | 1.00000 | 0.00000 | 0.00000 | 0.00000 | 0.00000 ||
	||  0.16600 | 0.00000 | 0.00000 | 0.00000 | 0.00000 | 1.00000 | 0.00000 | 0.00000 | 0.00000 ||
	||  0.00300 | 0.00000 | 0.00000 | 0.00000 | 0.00000 | 0.00000 | 1.00000 | 0.00000 | 0.00000 ||
	||  0.03800 | 0.00000 | 0.00000 | 0.00000 | 0.00000 | 0.00000 | 0.00000 | 1.00000 | 0.00000 ||
	||  0.11400 | 0.00000 | 0.00000 | 0.00000 | 0.00000 | 0.00000 | 0.00000 | 0.00000 | 1.00000 ||
	||------------------------------------------------------------------------------------------||

	||------------------------------------------------------------------------------------------||
	||                                    OUTPUT CORRELATION                                    ||
	||------------------------------------------------------------------------------------------||
	||  1.00000 | 0.15947 | 0.25398 | 0.35265 | 0.26399 | 0.16172 |-0.00298 | 0.02982 | 0.11930 ||
	||  0.15947 | 1.00000 | 0.00438 | 0.00215 |-0.00245 |-0.00818 | 0.00083 | 0.00289 | 0.00657 ||
	||  0.25398 | 0.00438 | 1.00000 | 0.00315 | 0.00252 | 0.00374 | 0.00573 | 0.00033 | 0.00211 ||
	||  0.35265 | 0.00215 | 0.00315 | 1.00000 | 0.00325 | 0.00512 |-0.00219 |-0.00194 |-0.00350 ||
	||  0.26399 |-0.00245 | 0.00252 | 0.00325 | 1.00000 |-0.00267 | 0.00204 | 0.00381 | 0.00244 ||
	||  0.16172 |-0.00818 | 0.00374 | 0.00512 |-0.00267 | 1.00000 | 0.01061 |-0.00674 |-0.00328 ||
	|| -0.00298 | 0.00083 | 0.00573 |-0.00219 | 0.00204 | 0.01061 | 1.00000 | 0.00150 | 0.00226 ||
	||  0.02982 | 0.00289 | 0.00033 |-0.00194 | 0.00381 |-0.00674 | 0.00150 | 1.00000 |-0.00403 ||
	||  0.11930 | 0.00657 | 0.00211 |-0.00350 | 0.00244 |-0.00328 | 0.00226 |-0.00403 | 1.00000 ||
	||------------------------------------------------------------------------------------------||

	||------------------------------------------------------------------------------------------||
	||                                    OUTPUT COVARIANCE                                     ||
	||------------------------------------------------------------------------------------------||
	||  1.00000 | 0.15947 | 0.25398 | 0.35265 | 0.26398 | 0.16172 |-0.00298 | 0.02982 | 0.11930 ||
	||  0.15947 | 0.99998 | 0.00438 | 0.00215 |-0.00245 |-0.00818 | 0.00083 | 0.00289 | 0.00657 ||
	||  0.25398 | 0.00438 | 1.00000 | 0.00315 | 0.00252 | 0.00374 | 0.00573 | 0.00033 | 0.00211 ||
	||  0.35265 | 0.00215 | 0.00315 | 0.99997 | 0.00325 | 0.00512 |-0.00219 |-0.00194 |-0.00350 ||
	||  0.26398 |-0.00245 | 0.00252 | 0.00325 | 0.99998 |-0.00267 | 0.00204 | 0.00381 | 0.00244 ||
	||  0.16172 |-0.00818 | 0.00374 | 0.00512 |-0.00267 | 1.00000 | 0.01061 |-0.00674 |-0.00328 ||
	|| -0.00298 | 0.00083 | 0.00573 |-0.00219 | 0.00204 | 0.01061 | 1.00000 | 0.00150 | 0.00226 ||
	||  0.02982 | 0.00289 | 0.00033 |-0.00194 | 0.00381 |-0.00674 | 0.00150 | 1.00000 |-0.00403 ||
	||  0.11930 | 0.00657 | 0.00211 |-0.00350 | 0.00244 |-0.00328 | 0.00226 |-0.00403 | 1.00000 ||
	||------------------------------------------------------------------------------------------||


	|-----------------------------------------------------------------|
	|    Copyright (C) 2011-2020 (DRIP, DROP)
	|-----------------------------------------------------------------|
	|    Build Version  =&gt; 4.59.0 multi mode
	|    Build JVM (TM) =&gt; 1.8.0_112
	|    Build Snap     =&gt; Sat Jan 04 12:13:43 EST 2019
	|    Start Time     =&gt; Sun Jan 05 07:52:15 EST 2020
	|    Setup Time     =&gt; Sun Jan 05 07:52:15 EST 2020
	|    Setup Duration =&gt; 1 ms
	|-----------------------------------------------------------------|


	||-------------------------------------------||
	||                R^1 METRICS                ||
	||-------------------------------------------||
	||    L -&gt; R:                                ||
	||            - Mean                         ||
	||            - Error                        ||
	||            - Variance                     ||
	||            - Standard Deviation           ||
	||-------------------------------------------||
	|| -0.00313 |  0.79666 |  0.99997 |  0.99999 ||
	|| -0.00285 |  0.79686 |  0.99997 |  0.99999 ||
	|| -0.00775 |  0.79715 |  0.99992 |  0.99996 ||
	|| -0.00443 |  0.79718 |  0.99996 |  0.99998 ||
	|| -0.00194 |  0.79852 |  0.99998 |  0.99999 ||
	|| -0.00128 |  0.79763 |  0.99998 |  0.99999 ||
	||  0.00233 |  0.79889 |  0.99997 |  0.99999 ||
	||  0.00158 |  0.79908 |  0.99998 |  0.99999 ||
	||  0.00010 |  0.79952 |  0.99998 |  0.99999 ||
	||-------------------------------------------||

	||------------------------------------------------------------------------------------------||
	||                                     INPUT CORRELATION                                    ||
	||------------------------------------------------------------------------------------------||
	||  1.00000 | 0.16100 | 0.24500 | 0.35200 | 0.25900 | 0.16600 | 0.00300 | 0.03800 | 0.11400 ||
	||  0.16100 | 1.00000 | 0.00000 | 0.00000 | 0.00000 | 0.00000 | 0.00000 | 0.00000 | 0.00000 ||
	||  0.24500 | 0.00000 | 1.00000 | 0.00000 | 0.00000 | 0.00000 | 0.00000 | 0.00000 | 0.00000 ||
	||  0.35200 | 0.00000 | 0.00000 | 1.00000 | 0.00000 | 0.00000 | 0.00000 | 0.00000 | 0.00000 ||
	||  0.25900 | 0.00000 | 0.00000 | 0.00000 | 1.00000 | 0.00000 | 0.00000 | 0.00000 | 0.00000 ||
	||  0.16600 | 0.00000 | 0.00000 | 0.00000 | 0.00000 | 1.00000 | 0.00000 | 0.00000 | 0.00000 ||
	||  0.00300 | 0.00000 | 0.00000 | 0.00000 | 0.00000 | 0.00000 | 1.00000 | 0.00000 | 0.00000 ||
	||  0.03800 | 0.00000 | 0.00000 | 0.00000 | 0.00000 | 0.00000 | 0.00000 | 1.00000 | 0.00000 ||
	||  0.11400 | 0.00000 | 0.00000 | 0.00000 | 0.00000 | 0.00000 | 0.00000 | 0.00000 | 1.00000 ||
	||------------------------------------------------------------------------------------------||

	||------------------------------------------------------------------------------------------||
	||                                    OUTPUT CORRELATION                                    ||
	||------------------------------------------------------------------------------------------||
	||  1.00000 | 0.15737 | 0.24166 | 0.36089 | 0.26649 | 0.16989 |-0.00432 | 0.04477 | 0.11364 ||
	||  0.15737 | 1.00000 |-0.00663 | 0.00161 |-0.00670 | 0.00084 |-0.00157 | 0.00352 | 0.00331 ||
	||  0.24166 |-0.00663 | 1.00000 |-0.00726 | 0.00329 |-0.00076 | 0.00157 | 0.00170 | 0.00170 ||
	||  0.36089 | 0.00161 |-0.00726 | 1.00000 | 0.00468 | 0.00133 |-0.00688 | 0.00784 | 0.00594 ||
	||  0.26649 |-0.00670 | 0.00329 | 0.00468 | 1.00000 |-0.00051 |-0.00254 | 0.00335 | 0.00603 ||
	||  0.16989 | 0.00084 |-0.00076 | 0.00133 |-0.00051 | 1.00000 |-0.00476 |-0.00545 |-0.00249 ||
	|| -0.00432 |-0.00157 | 0.00157 |-0.00688 |-0.00254 |-0.00476 | 1.00000 |-0.00275 |-0.00324 ||
	||  0.04477 | 0.00352 | 0.00170 | 0.00784 | 0.00335 |-0.00545 |-0.00275 | 1.00000 | 0.00363 ||
	||  0.11364 | 0.00331 | 0.00170 | 0.00594 | 0.00603 |-0.00249 |-0.00324 | 0.00363 | 1.00000 ||
	||------------------------------------------------------------------------------------------||

	||------------------------------------------------------------------------------------------||
	||                                    OUTPUT COVARIANCE                                     ||
	||------------------------------------------------------------------------------------------||
	||  0.99997 | 0.15736 | 0.24164 | 0.36088 | 0.26648 | 0.16988 |-0.00432 | 0.04477 | 0.11363 ||
	||  0.15736 | 0.99997 |-0.00663 | 0.00161 |-0.00670 | 0.00084 |-0.00157 | 0.00352 | 0.00331 ||
	||  0.24164 |-0.00663 | 0.99992 |-0.00726 | 0.00329 |-0.00076 | 0.00157 | 0.00170 | 0.00170 ||
	||  0.36088 | 0.00161 |-0.00726 | 0.99996 | 0.00468 | 0.00133 |-0.00688 | 0.00784 | 0.00594 ||
	||  0.26648 |-0.00670 | 0.00329 | 0.00468 | 0.99998 |-0.00051 |-0.00254 | 0.00335 | 0.00603 ||
	||  0.16988 | 0.00084 |-0.00076 | 0.00133 |-0.00051 | 0.99998 |-0.00476 |-0.00545 |-0.00249 ||
	|| -0.00432 |-0.00157 | 0.00157 |-0.00688 |-0.00254 |-0.00476 | 0.99997 |-0.00275 |-0.00324 ||
	||  0.04477 | 0.00352 | 0.00170 | 0.00784 | 0.00335 |-0.00545 |-0.00275 | 0.99998 | 0.00363 ||
	||  0.11363 | 0.00331 | 0.00170 | 0.00594 | 0.00603 |-0.00249 |-0.00324 | 0.00363 | 0.99998 ||
	||------------------------------------------------------------------------------------------||

</pre>
</span>
</div>
</div>
<div id="footer">
<p>
<div>
<label class="hidden" id="label-for-line-wrapping-toggle" for="line-wrapping-toggle">Wrap lines
<input id="line-wrapping-toggle" type="checkbox" autocomplete="off"/>
</label>
</div>Generated by 
<a href="http://www.gradle.org">Gradle 3.5</a> at Jan 5, 2020 11:59:33 AM</p>
</div>
</div>
</body>
</html>
