<!DOCTYPE html>
<html>
<head>
<meta http-equiv="Content-Type" content="text/html; charset=utf-8"/>
<meta http-equiv="x-ua-compatible" content="IE=edge"/>
<title>Test results - Class org.drip.coverage.sequence.Statistics</title>
<link href="../css/base-style.css" rel="stylesheet" type="text/css"/>
<link href="../css/style.css" rel="stylesheet" type="text/css"/>
<script src="../js/report.js" type="text/javascript"></script>
</head>
<body>
<div id="content">
<h1>Class org.drip.coverage.sequence.Statistics</h1>
<div class="breadcrumbs">
<a href="../index.html">all</a> &gt; 
<a href="../packages/org.drip.coverage.sequence.html">org.drip.coverage.sequence</a> &gt; Statistics</div>
<div id="summary">
<table>
<tr>
<td>
<div class="summaryGroup">
<table>
<tr>
<td>
<div class="infoBox" id="tests">
<div class="counter">1</div>
<p>tests</p>
</div>
</td>
<td>
<div class="infoBox" id="failures">
<div class="counter">0</div>
<p>failures</p>
</div>
</td>
<td>
<div class="infoBox" id="ignored">
<div class="counter">0</div>
<p>ignored</p>
</div>
</td>
<td>
<div class="infoBox" id="duration">
<div class="counter">9.576s</div>
<p>duration</p>
</div>
</td>
</tr>
</table>
</div>
</td>
<td>
<div class="infoBox success" id="successRate">
<div class="percent">100%</div>
<p>successful</p>
</div>
</td>
</tr>
</table>
</div>
<div id="tabs">
<ul class="tabLinks">
<li>
<a href="#tab0">Tests</a>
</li>
<li>
<a href="#tab1">Standard output</a>
</li>
</ul>
<div id="tab0" class="tab">
<h2>Tests</h2>
<table>
<thead>
<tr>
<th>Test</th>
<th>Duration</th>
<th>Result</th>
</tr>
</thead>
<tr>
<td class="success">codeCoverageTest</td>
<td>9.576s</td>
<td class="success">passed</td>
</tr>
</table>
</div>
<div id="tab1" class="tab">
<h2>Standard output</h2>
<span class="code">
<pre>
	|-----------------------------------------------------------------|
	|    Copyright (C) 2011-2019 (DRIP, DROP)
	|-----------------------------------------------------------------|
	|    Build Version  =&gt; 4.12.0 multi mode
	|    Build JVM (TM) =&gt; 1.8.0_112
	|    Build Snap     =&gt; Sat Apr 06 16:58:04 EST 2019
	|    Start Time     =&gt; Fri Apr 12 12:16:31 EDT 2019
	|    Setup Time     =&gt; Fri Apr 12 12:16:31 EDT 2019
	|    Setup Duration =&gt; 0 ms
	|-----------------------------------------------------------------|


	||-------------------------------------------||
	||                R^1 METRICS                ||
	||-------------------------------------------||
	||    L -&gt; R:                                ||
	||            - Mean                         ||
	||            - Error                        ||
	||            - Variance                     ||
	||            - Standard Deviation           ||
	||-------------------------------------------||
	||  0.00126 |  0.80085 |  1.00824 |  1.00411 ||
	|| -0.00171 |  0.80166 |  1.00912 |  1.00455 ||
	|| -0.00559 |  0.79778 |  0.99859 |  0.99929 ||
	||  0.00003 |  0.79605 |  0.99513 |  0.99756 ||
	|| -0.00081 |  0.79387 |  0.98949 |  0.99473 ||
	||  0.00086 |  0.79541 |  0.99628 |  0.99814 ||
	||  0.00235 |  0.79376 |  0.99024 |  0.99511 ||
	||  0.00376 |  0.79867 |  1.00145 |  1.00073 ||
	|| -0.00041 |  0.79738 |  0.99743 |  0.99871 ||
	||-------------------------------------------||

	||------------------------------------------------------------------------------------------||
	||                                     INPUT CORRELATION                                    ||
	||------------------------------------------------------------------------------------------||
	||  1.00000 | 0.16100 | 0.24500 | 0.35200 | 0.25900 | 0.16600 | 0.00300 | 0.03800 | 0.11400 ||
	||  0.16100 | 1.00000 | 0.00000 | 0.00000 | 0.00000 | 0.00000 | 0.00000 | 0.00000 | 0.00000 ||
	||  0.24500 | 0.00000 | 1.00000 | 0.00000 | 0.00000 | 0.00000 | 0.00000 | 0.00000 | 0.00000 ||
	||  0.35200 | 0.00000 | 0.00000 | 1.00000 | 0.00000 | 0.00000 | 0.00000 | 0.00000 | 0.00000 ||
	||  0.25900 | 0.00000 | 0.00000 | 0.00000 | 1.00000 | 0.00000 | 0.00000 | 0.00000 | 0.00000 ||
	||  0.16600 | 0.00000 | 0.00000 | 0.00000 | 0.00000 | 1.00000 | 0.00000 | 0.00000 | 0.00000 ||
	||  0.00300 | 0.00000 | 0.00000 | 0.00000 | 0.00000 | 0.00000 | 1.00000 | 0.00000 | 0.00000 ||
	||  0.03800 | 0.00000 | 0.00000 | 0.00000 | 0.00000 | 0.00000 | 0.00000 | 1.00000 | 0.00000 ||
	||  0.11400 | 0.00000 | 0.00000 | 0.00000 | 0.00000 | 0.00000 | 0.00000 | 0.00000 | 1.00000 ||
	||------------------------------------------------------------------------------------------||

	||------------------------------------------------------------------------------------------||
	||                                    OUTPUT CORRELATION                                    ||
	||------------------------------------------------------------------------------------------||
	||  1.00000 | 0.16691 | 0.24480 | 0.34831 | 0.25907 | 0.17215 | 0.00066 | 0.04329 | 0.11759 ||
	||  0.16691 | 1.00000 | 0.00744 | 0.00112 | 0.00226 |-0.00540 |-0.00036 |-0.00512 |-0.00113 ||
	||  0.24480 | 0.00744 | 1.00000 |-0.00156 | 0.00545 | 0.00188 |-0.00295 | 0.00287 |-0.00022 ||
	||  0.34831 | 0.00112 |-0.00156 | 1.00000 |-0.00380 | 0.00596 | 0.00513 | 0.00694 | 0.00008 ||
	||  0.25907 | 0.00226 | 0.00545 |-0.00380 | 1.00000 | 0.00557 | 0.00178 | 0.00911 |-0.00386 ||
	||  0.17215 |-0.00540 | 0.00188 | 0.00596 | 0.00557 | 1.00000 | 0.00102 |-0.00543 | 0.00235 ||
	||  0.00066 |-0.00036 |-0.00295 | 0.00513 | 0.00178 | 0.00102 | 1.00000 |-0.00288 | 0.00298 ||
	||  0.04329 |-0.00512 | 0.00287 | 0.00694 | 0.00911 |-0.00543 |-0.00288 | 1.00000 | 0.00047 ||
	||  0.11759 |-0.00113 |-0.00022 | 0.00008 |-0.00386 | 0.00235 | 0.00298 | 0.00047 | 1.00000 ||
	||------------------------------------------------------------------------------------------||

	||------------------------------------------------------------------------------------------||
	||                                    OUTPUT COVARIANCE                                     ||
	||------------------------------------------------------------------------------------------||
	||  1.00824 | 0.16836 | 0.24563 | 0.34888 | 0.25876 | 0.17254 | 0.00066 | 0.04350 | 0.11792 ||
	||  0.16836 | 1.00912 | 0.00747 | 0.00113 | 0.00226 |-0.00541 |-0.00036 |-0.00515 |-0.00113 ||
	||  0.24563 | 0.00747 | 0.99859 |-0.00155 | 0.00542 | 0.00187 |-0.00293 | 0.00287 |-0.00022 ||
	||  0.34888 | 0.00113 |-0.00155 | 0.99513 |-0.00377 | 0.00594 | 0.00509 | 0.00692 | 0.00008 ||
	||  0.25876 | 0.00226 | 0.00542 |-0.00377 | 0.98949 | 0.00553 | 0.00177 | 0.00907 |-0.00383 ||
	||  0.17254 |-0.00541 | 0.00187 | 0.00594 | 0.00553 | 0.99628 | 0.00101 |-0.00542 | 0.00235 ||
	||  0.00066 |-0.00036 |-0.00293 | 0.00509 | 0.00177 | 0.00101 | 0.99024 |-0.00287 | 0.00297 ||
	||  0.04350 |-0.00515 | 0.00287 | 0.00692 | 0.00907 |-0.00542 |-0.00287 | 1.00145 | 0.00047 ||
	||  0.11792 |-0.00113 |-0.00022 | 0.00008 |-0.00383 | 0.00235 | 0.00297 | 0.00047 | 0.99743 ||
	||------------------------------------------------------------------------------------------||


	|-----------------------------------------------------------------|
	|    Copyright (C) 2011-2019 (DRIP, DROP)
	|-----------------------------------------------------------------|
	|    Build Version  =&gt; 4.12.0 multi mode
	|    Build JVM (TM) =&gt; 1.8.0_112
	|    Build Snap     =&gt; Sat Apr 06 16:58:04 EST 2019
	|    Start Time     =&gt; Fri Apr 12 12:16:34 EDT 2019
	|    Setup Time     =&gt; Fri Apr 12 12:16:34 EDT 2019
	|    Setup Duration =&gt; 0 ms
	|-----------------------------------------------------------------|


	||-------------------------------------------||
	||                R^1 METRICS                ||
	||-------------------------------------------||
	||    L -&gt; R:                                ||
	||            - Mean                         ||
	||            - Error                        ||
	||            - Variance                     ||
	||            - Standard Deviation           ||
	||-------------------------------------------||
	||  0.00246 |  0.79615 |  0.99968 |  0.99984 ||
	|| -0.00307 |  0.79690 |  0.99745 |  0.99872 ||
	|| -0.00272 |  0.80180 |  1.01316 |  1.00656 ||
	|| -0.00660 |  0.79989 |  1.00305 |  1.00152 ||
	||  0.00418 |  0.79627 |  0.99741 |  0.99870 ||
	|| -0.00031 |  0.80070 |  1.00832 |  1.00415 ||
	||  0.00340 |  0.79794 |  1.00043 |  1.00021 ||
	|| -0.00195 |  0.79804 |  1.00579 |  1.00289 ||
	||  0.00404 |  0.79733 |  0.99731 |  0.99865 ||
	||-------------------------------------------||

	||------------------------------------------------------------------------------------------||
	||                                     INPUT CORRELATION                                    ||
	||------------------------------------------------------------------------------------------||
	||  1.00000 | 0.16100 | 0.24500 | 0.35200 | 0.25900 | 0.16600 | 0.00300 | 0.03800 | 0.11400 ||
	||  0.16100 | 1.00000 | 0.00000 | 0.00000 | 0.00000 | 0.00000 | 0.00000 | 0.00000 | 0.00000 ||
	||  0.24500 | 0.00000 | 1.00000 | 0.00000 | 0.00000 | 0.00000 | 0.00000 | 0.00000 | 0.00000 ||
	||  0.35200 | 0.00000 | 0.00000 | 1.00000 | 0.00000 | 0.00000 | 0.00000 | 0.00000 | 0.00000 ||
	||  0.25900 | 0.00000 | 0.00000 | 0.00000 | 1.00000 | 0.00000 | 0.00000 | 0.00000 | 0.00000 ||
	||  0.16600 | 0.00000 | 0.00000 | 0.00000 | 0.00000 | 1.00000 | 0.00000 | 0.00000 | 0.00000 ||
	||  0.00300 | 0.00000 | 0.00000 | 0.00000 | 0.00000 | 0.00000 | 1.00000 | 0.00000 | 0.00000 ||
	||  0.03800 | 0.00000 | 0.00000 | 0.00000 | 0.00000 | 0.00000 | 0.00000 | 1.00000 | 0.00000 ||
	||  0.11400 | 0.00000 | 0.00000 | 0.00000 | 0.00000 | 0.00000 | 0.00000 | 0.00000 | 1.00000 ||
	||------------------------------------------------------------------------------------------||

	||------------------------------------------------------------------------------------------||
	||                                    OUTPUT CORRELATION                                    ||
	||------------------------------------------------------------------------------------------||
	||  1.00000 | 0.15479 | 0.24560 | 0.35050 | 0.25488 | 0.16132 | 0.00920 | 0.03450 | 0.11647 ||
	||  0.15479 | 1.00000 |-0.00361 |-0.00648 |-0.00270 |-0.00235 | 0.00717 |-0.00120 |-0.00302 ||
	||  0.24560 |-0.00361 | 1.00000 | 0.00805 |-0.00524 |-0.00142 |-0.00466 |-0.00067 |-0.00675 ||
	||  0.35050 |-0.00648 | 0.00805 | 1.00000 |-0.00373 |-0.00296 | 0.00324 | 0.00249 | 0.00355 ||
	||  0.25488 |-0.00270 |-0.00524 |-0.00373 | 1.00000 |-0.00144 | 0.00300 |-0.00157 | 0.00130 ||
	||  0.16132 |-0.00235 |-0.00142 |-0.00296 |-0.00144 | 1.00000 |-0.00787 |-0.00019 | 0.00130 ||
	||  0.00920 | 0.00717 |-0.00466 | 0.00324 | 0.00300 |-0.00787 | 1.00000 |-0.00172 |-0.00317 ||
	||  0.03450 |-0.00120 |-0.00067 | 0.00249 |-0.00157 |-0.00019 |-0.00172 | 1.00000 | 0.00447 ||
	||  0.11647 |-0.00302 |-0.00675 | 0.00355 | 0.00130 | 0.00130 |-0.00317 | 0.00447 | 1.00000 ||
	||------------------------------------------------------------------------------------------||

	||------------------------------------------------------------------------------------------||
	||                                    OUTPUT COVARIANCE                                     ||
	||------------------------------------------------------------------------------------------||
	||  0.99968 | 0.15457 | 0.24717 | 0.35098 | 0.25451 | 0.16196 | 0.00920 | 0.03459 | 0.11629 ||
	||  0.15457 | 0.99745 |-0.00363 |-0.00648 |-0.00269 |-0.00235 | 0.00716 |-0.00120 |-0.00301 ||
	||  0.24717 |-0.00363 | 1.01316 | 0.00812 |-0.00526 |-0.00144 |-0.00469 |-0.00068 |-0.00678 ||
	||  0.35098 |-0.00648 | 0.00812 | 1.00305 |-0.00373 |-0.00298 | 0.00325 | 0.00250 | 0.00355 ||
	||  0.25451 |-0.00269 |-0.00526 |-0.00373 | 0.99741 |-0.00145 | 0.00299 |-0.00157 | 0.00129 ||
	||  0.16196 |-0.00235 |-0.00144 |-0.00298 |-0.00145 | 1.00832 |-0.00790 |-0.00019 | 0.00130 ||
	||  0.00920 | 0.00716 |-0.00469 | 0.00325 | 0.00299 |-0.00790 | 1.00043 |-0.00172 |-0.00317 ||
	||  0.03459 |-0.00120 |-0.00068 | 0.00250 |-0.00157 |-0.00019 |-0.00172 | 1.00579 | 0.00447 ||
	||  0.11629 |-0.00301 |-0.00678 | 0.00355 | 0.00129 | 0.00130 |-0.00317 | 0.00447 | 0.99731 ||
	||------------------------------------------------------------------------------------------||


	|-----------------------------------------------------------------|
	|    Copyright (C) 2011-2019 (DRIP, DROP)
	|-----------------------------------------------------------------|
	|    Build Version  =&gt; 4.12.0 multi mode
	|    Build JVM (TM) =&gt; 1.8.0_112
	|    Build Snap     =&gt; Sat Apr 06 16:58:04 EST 2019
	|    Start Time     =&gt; Fri Apr 12 12:16:36 EDT 2019
	|    Setup Time     =&gt; Fri Apr 12 12:16:36 EDT 2019
	|    Setup Duration =&gt; 0 ms
	|-----------------------------------------------------------------|


	||-------------------------------------------||
	||                R^1 METRICS                ||
	||-------------------------------------------||
	||    L -&gt; R:                                ||
	||            - Mean                         ||
	||            - Error                        ||
	||            - Variance                     ||
	||            - Standard Deviation           ||
	||-------------------------------------------||
	||  0.00299 |  0.79695 |  0.99999 |  1.00000 ||
	|| -0.00105 |  0.79764 |  1.00000 |  1.00000 ||
	||  0.00435 |  0.79773 |  0.99998 |  0.99999 ||
	||  0.00272 |  0.79631 |  0.99999 |  1.00000 ||
	|| -0.00306 |  0.79722 |  0.99999 |  1.00000 ||
	|| -0.00667 |  0.79682 |  0.99996 |  0.99998 ||
	||  0.00184 |  0.79841 |  1.00000 |  1.00000 ||
	||  0.00393 |  0.79816 |  0.99998 |  0.99999 ||
	||  0.00406 |  0.79850 |  0.99998 |  0.99999 ||
	||-------------------------------------------||

	||------------------------------------------------------------------------------------------||
	||                                     INPUT CORRELATION                                    ||
	||------------------------------------------------------------------------------------------||
	||  1.00000 | 0.16100 | 0.24500 | 0.35200 | 0.25900 | 0.16600 | 0.00300 | 0.03800 | 0.11400 ||
	||  0.16100 | 1.00000 | 0.00000 | 0.00000 | 0.00000 | 0.00000 | 0.00000 | 0.00000 | 0.00000 ||
	||  0.24500 | 0.00000 | 1.00000 | 0.00000 | 0.00000 | 0.00000 | 0.00000 | 0.00000 | 0.00000 ||
	||  0.35200 | 0.00000 | 0.00000 | 1.00000 | 0.00000 | 0.00000 | 0.00000 | 0.00000 | 0.00000 ||
	||  0.25900 | 0.00000 | 0.00000 | 0.00000 | 1.00000 | 0.00000 | 0.00000 | 0.00000 | 0.00000 ||
	||  0.16600 | 0.00000 | 0.00000 | 0.00000 | 0.00000 | 1.00000 | 0.00000 | 0.00000 | 0.00000 ||
	||  0.00300 | 0.00000 | 0.00000 | 0.00000 | 0.00000 | 0.00000 | 1.00000 | 0.00000 | 0.00000 ||
	||  0.03800 | 0.00000 | 0.00000 | 0.00000 | 0.00000 | 0.00000 | 0.00000 | 1.00000 | 0.00000 ||
	||  0.11400 | 0.00000 | 0.00000 | 0.00000 | 0.00000 | 0.00000 | 0.00000 | 0.00000 | 1.00000 ||
	||------------------------------------------------------------------------------------------||

	||------------------------------------------------------------------------------------------||
	||                                    OUTPUT CORRELATION                                    ||
	||------------------------------------------------------------------------------------------||
	||  1.00000 | 0.15979 | 0.24736 | 0.35199 | 0.25658 | 0.16090 |-0.00041 | 0.04843 | 0.11507 ||
	||  0.15979 | 1.00000 |-0.00216 | 0.00277 |-0.00235 |-0.00103 | 0.00304 |-0.00450 | 0.00115 ||
	||  0.24736 |-0.00216 | 1.00000 |-0.00243 | 0.00749 | 0.00115 | 0.00096 | 0.00016 | 0.00401 ||
	||  0.35199 | 0.00277 |-0.00243 | 1.00000 |-0.00207 |-0.00401 |-0.00081 | 0.00431 |-0.00696 ||
	||  0.25658 |-0.00235 | 0.00749 |-0.00207 | 1.00000 | 0.00092 |-0.00480 |-0.00312 | 0.00619 ||
	||  0.16090 |-0.00103 | 0.00115 |-0.00401 | 0.00092 | 1.00000 |-0.00599 | 0.01001 | 0.00342 ||
	|| -0.00041 | 0.00304 | 0.00096 |-0.00081 |-0.00480 |-0.00599 | 1.00000 | 0.00205 |-0.00320 ||
	||  0.04843 |-0.00450 | 0.00016 | 0.00431 |-0.00312 | 0.01001 | 0.00205 | 1.00000 | 0.00060 ||
	||  0.11507 | 0.00115 | 0.00401 |-0.00696 | 0.00619 | 0.00342 |-0.00320 | 0.00060 | 1.00000 ||
	||------------------------------------------------------------------------------------------||

	||------------------------------------------------------------------------------------------||
	||                                    OUTPUT COVARIANCE                                     ||
	||------------------------------------------------------------------------------------------||
	||  0.99999 | 0.15978 | 0.24736 | 0.35199 | 0.25658 | 0.16090 |-0.00041 | 0.04843 | 0.11507 ||
	||  0.15978 | 1.00000 |-0.00216 | 0.00277 |-0.00235 |-0.00103 | 0.00304 |-0.00450 | 0.00115 ||
	||  0.24736 |-0.00216 | 0.99998 |-0.00243 | 0.00749 | 0.00115 | 0.00096 | 0.00016 | 0.00401 ||
	||  0.35199 | 0.00277 |-0.00243 | 0.99999 |-0.00207 |-0.00401 |-0.00081 | 0.00431 |-0.00696 ||
	||  0.25658 |-0.00235 | 0.00749 |-0.00207 | 0.99999 | 0.00092 |-0.00480 |-0.00312 | 0.00619 ||
	||  0.16090 |-0.00103 | 0.00115 |-0.00401 | 0.00092 | 0.99996 |-0.00599 | 0.01001 | 0.00342 ||
	|| -0.00041 | 0.00304 | 0.00096 |-0.00081 |-0.00480 |-0.00599 | 1.00000 | 0.00205 |-0.00320 ||
	||  0.04843 |-0.00450 | 0.00016 | 0.00431 |-0.00312 | 0.01001 | 0.00205 | 0.99998 | 0.00060 ||
	||  0.11507 | 0.00115 | 0.00401 |-0.00696 | 0.00619 | 0.00342 |-0.00320 | 0.00060 | 0.99998 ||
	||------------------------------------------------------------------------------------------||


	|-----------------------------------------------------------------|
	|    Copyright (C) 2011-2019 (DRIP, DROP)
	|-----------------------------------------------------------------|
	|    Build Version  =&gt; 4.12.0 multi mode
	|    Build JVM (TM) =&gt; 1.8.0_112
	|    Build Snap     =&gt; Sat Apr 06 16:58:04 EST 2019
	|    Start Time     =&gt; Fri Apr 12 12:16:38 EDT 2019
	|    Setup Time     =&gt; Fri Apr 12 12:16:38 EDT 2019
	|    Setup Duration =&gt; 0 ms
	|-----------------------------------------------------------------|


	||-------------------------------------------||
	||                R^1 METRICS                ||
	||-------------------------------------------||
	||    L -&gt; R:                                ||
	||            - Mean                         ||
	||            - Error                        ||
	||            - Variance                     ||
	||            - Standard Deviation           ||
	||-------------------------------------------||
	||  0.00142 |  0.79833 |  0.99998 |  0.99999 ||
	||  0.00208 |  0.79736 |  0.99998 |  0.99999 ||
	|| -0.00268 |  0.79802 |  0.99997 |  0.99999 ||
	||  0.00325 |  0.79775 |  0.99997 |  0.99998 ||
	|| -0.00014 |  0.79986 |  0.99998 |  0.99999 ||
	|| -0.00101 |  0.79704 |  0.99998 |  0.99999 ||
	||  0.00537 |  0.79746 |  0.99995 |  0.99998 ||
	|| -0.00373 |  0.79894 |  0.99997 |  0.99998 ||
	||  0.00418 |  0.79710 |  0.99996 |  0.99998 ||
	||-------------------------------------------||

	||------------------------------------------------------------------------------------------||
	||                                     INPUT CORRELATION                                    ||
	||------------------------------------------------------------------------------------------||
	||  1.00000 | 0.16100 | 0.24500 | 0.35200 | 0.25900 | 0.16600 | 0.00300 | 0.03800 | 0.11400 ||
	||  0.16100 | 1.00000 | 0.00000 | 0.00000 | 0.00000 | 0.00000 | 0.00000 | 0.00000 | 0.00000 ||
	||  0.24500 | 0.00000 | 1.00000 | 0.00000 | 0.00000 | 0.00000 | 0.00000 | 0.00000 | 0.00000 ||
	||  0.35200 | 0.00000 | 0.00000 | 1.00000 | 0.00000 | 0.00000 | 0.00000 | 0.00000 | 0.00000 ||
	||  0.25900 | 0.00000 | 0.00000 | 0.00000 | 1.00000 | 0.00000 | 0.00000 | 0.00000 | 0.00000 ||
	||  0.16600 | 0.00000 | 0.00000 | 0.00000 | 0.00000 | 1.00000 | 0.00000 | 0.00000 | 0.00000 ||
	||  0.00300 | 0.00000 | 0.00000 | 0.00000 | 0.00000 | 0.00000 | 1.00000 | 0.00000 | 0.00000 ||
	||  0.03800 | 0.00000 | 0.00000 | 0.00000 | 0.00000 | 0.00000 | 0.00000 | 1.00000 | 0.00000 ||
	||  0.11400 | 0.00000 | 0.00000 | 0.00000 | 0.00000 | 0.00000 | 0.00000 | 0.00000 | 1.00000 ||
	||------------------------------------------------------------------------------------------||

	||------------------------------------------------------------------------------------------||
	||                                    OUTPUT CORRELATION                                    ||
	||------------------------------------------------------------------------------------------||
	||  1.00000 | 0.16195 | 0.24300 | 0.35009 | 0.26461 | 0.16386 | 0.00218 | 0.04079 | 0.11371 ||
	||  0.16195 | 1.00000 |-0.00385 | 0.00131 |-0.00245 |-0.00185 |-0.00066 |-0.00474 |-0.00239 ||
	||  0.24300 |-0.00385 | 1.00000 | 0.00043 | 0.00174 | 0.00283 | 0.00431 |-0.00521 |-0.00764 ||
	||  0.35009 | 0.00131 | 0.00043 | 1.00000 | 0.00067 |-0.01335 | 0.00507 | 0.00652 | 0.00045 ||
	||  0.26461 |-0.00245 | 0.00174 | 0.00067 | 1.00000 |-0.00023 | 0.00431 |-0.00709 |-0.00568 ||
	||  0.16386 |-0.00185 | 0.00283 |-0.01335 |-0.00023 | 1.00000 | 0.00261 |-0.00183 |-0.00452 ||
	||  0.00218 |-0.00066 | 0.00431 | 0.00507 | 0.00431 | 0.00261 | 1.00000 |-0.00302 |-0.00749 ||
	||  0.04079 |-0.00474 |-0.00521 | 0.00652 |-0.00709 |-0.00183 |-0.00302 | 1.00000 |-0.00037 ||
	||  0.11371 |-0.00239 |-0.00764 | 0.00045 |-0.00568 |-0.00452 |-0.00749 |-0.00037 | 1.00000 ||
	||------------------------------------------------------------------------------------------||

	||------------------------------------------------------------------------------------------||
	||                                    OUTPUT COVARIANCE                                     ||
	||------------------------------------------------------------------------------------------||
	||  0.99998 | 0.16194 | 0.24299 | 0.35008 | 0.26461 | 0.16386 | 0.00218 | 0.04079 | 0.11371 ||
	||  0.16194 | 0.99998 |-0.00385 | 0.00131 |-0.00245 |-0.00185 |-0.00066 |-0.00474 |-0.00239 ||
	||  0.24299 |-0.00385 | 0.99997 | 0.00043 | 0.00174 | 0.00283 | 0.00431 |-0.00521 |-0.00764 ||
	||  0.35008 | 0.00131 | 0.00043 | 0.99997 | 0.00067 |-0.01335 | 0.00507 | 0.00652 | 0.00045 ||
	||  0.26461 |-0.00245 | 0.00174 | 0.00067 | 0.99998 |-0.00023 | 0.00431 |-0.00709 |-0.00568 ||
	||  0.16386 |-0.00185 | 0.00283 |-0.01335 |-0.00023 | 0.99998 | 0.00261 |-0.00183 |-0.00452 ||
	||  0.00218 |-0.00066 | 0.00431 | 0.00507 | 0.00431 | 0.00261 | 0.99995 |-0.00302 |-0.00749 ||
	||  0.04079 |-0.00474 |-0.00521 | 0.00652 |-0.00709 |-0.00183 |-0.00302 | 0.99997 |-0.00037 ||
	||  0.11371 |-0.00239 |-0.00764 | 0.00045 |-0.00568 |-0.00452 |-0.00749 |-0.00037 | 0.99996 ||
	||------------------------------------------------------------------------------------------||

</pre>
</span>
</div>
</div>
<div id="footer">
<p>
<div>
<label class="hidden" id="label-for-line-wrapping-toggle" for="line-wrapping-toggle">Wrap lines
<input id="line-wrapping-toggle" type="checkbox" autocomplete="off"/>
</label>
</div>Generated by 
<a href="http://www.gradle.org">Gradle 3.5</a> at Apr 12, 2019 12:42:29 PM</p>
</div>
</div>
</body>
</html>
