<!DOCTYPE html>
<html>
<head>
<meta http-equiv="Content-Type" content="text/html; charset=utf-8"/>
<meta http-equiv="x-ua-compatible" content="IE=edge"/>
<title>Test results - Class org.drip.coverage.sequence.Statistics</title>
<link href="../css/base-style.css" rel="stylesheet" type="text/css"/>
<link href="../css/style.css" rel="stylesheet" type="text/css"/>
<script src="../js/report.js" type="text/javascript"></script>
</head>
<body>
<div id="content">
<h1>Class org.drip.coverage.sequence.Statistics</h1>
<div class="breadcrumbs">
<a href="../index.html">all</a> &gt; 
<a href="../packages/org.drip.coverage.sequence.html">org.drip.coverage.sequence</a> &gt; Statistics</div>
<div id="summary">
<table>
<tr>
<td>
<div class="summaryGroup">
<table>
<tr>
<td>
<div class="infoBox" id="tests">
<div class="counter">1</div>
<p>tests</p>
</div>
</td>
<td>
<div class="infoBox" id="failures">
<div class="counter">0</div>
<p>failures</p>
</div>
</td>
<td>
<div class="infoBox" id="ignored">
<div class="counter">0</div>
<p>ignored</p>
</div>
</td>
<td>
<div class="infoBox" id="duration">
<div class="counter">9.575s</div>
<p>duration</p>
</div>
</td>
</tr>
</table>
</div>
</td>
<td>
<div class="infoBox success" id="successRate">
<div class="percent">100%</div>
<p>successful</p>
</div>
</td>
</tr>
</table>
</div>
<div id="tabs">
<ul class="tabLinks">
<li>
<a href="#tab0">Tests</a>
</li>
<li>
<a href="#tab1">Standard output</a>
</li>
</ul>
<div id="tab0" class="tab">
<h2>Tests</h2>
<table>
<thead>
<tr>
<th>Test</th>
<th>Duration</th>
<th>Result</th>
</tr>
</thead>
<tr>
<td class="success">codeCoverageTest</td>
<td>9.575s</td>
<td class="success">passed</td>
</tr>
</table>
</div>
<div id="tab1" class="tab">
<h2>Standard output</h2>
<span class="code">
<pre>
	|-----------------------------------------------------------------|
	|    Copyright (C) 2011-2019 (DRIP, DROP)
	|-----------------------------------------------------------------|
	|    Build Version  =&gt; 4.46.0 multi mode
	|    Build JVM (TM) =&gt; 1.8.0_112
	|    Build Snap     =&gt; Sun Nov 17 21:56:27 EST 2019
	|    Start Time     =&gt; Sun Nov 17 23:11:28 EST 2019
	|    Setup Time     =&gt; Sun Nov 17 23:11:28 EST 2019
	|    Setup Duration =&gt; 0 ms
	|-----------------------------------------------------------------|


	||-------------------------------------------||
	||                R^1 METRICS                ||
	||-------------------------------------------||
	||    L -&gt; R:                                ||
	||            - Mean                         ||
	||            - Error                        ||
	||            - Variance                     ||
	||            - Standard Deviation           ||
	||-------------------------------------------||
	||  0.00866 |  0.79358 |  0.99456 |  0.99728 ||
	|| -0.00223 |  0.79660 |  0.99537 |  0.99768 ||
	||  0.00072 |  0.79712 |  1.00045 |  1.00023 ||
	||  0.00497 |  0.79715 |  0.99788 |  0.99894 ||
	||  0.00237 |  0.79816 |  0.99766 |  0.99883 ||
	|| -0.00043 |  0.79804 |  1.00478 |  1.00239 ||
	||  0.00032 |  0.79828 |  1.00070 |  1.00035 ||
	||  0.00189 |  0.79967 |  1.00301 |  1.00150 ||
	|| -0.00013 |  0.80325 |  1.01102 |  1.00549 ||
	||-------------------------------------------||

	||------------------------------------------------------------------------------------------||
	||                                     INPUT CORRELATION                                    ||
	||------------------------------------------------------------------------------------------||
	||  1.00000 | 0.16100 | 0.24500 | 0.35200 | 0.25900 | 0.16600 | 0.00300 | 0.03800 | 0.11400 ||
	||  0.16100 | 1.00000 | 0.00000 | 0.00000 | 0.00000 | 0.00000 | 0.00000 | 0.00000 | 0.00000 ||
	||  0.24500 | 0.00000 | 1.00000 | 0.00000 | 0.00000 | 0.00000 | 0.00000 | 0.00000 | 0.00000 ||
	||  0.35200 | 0.00000 | 0.00000 | 1.00000 | 0.00000 | 0.00000 | 0.00000 | 0.00000 | 0.00000 ||
	||  0.25900 | 0.00000 | 0.00000 | 0.00000 | 1.00000 | 0.00000 | 0.00000 | 0.00000 | 0.00000 ||
	||  0.16600 | 0.00000 | 0.00000 | 0.00000 | 0.00000 | 1.00000 | 0.00000 | 0.00000 | 0.00000 ||
	||  0.00300 | 0.00000 | 0.00000 | 0.00000 | 0.00000 | 0.00000 | 1.00000 | 0.00000 | 0.00000 ||
	||  0.03800 | 0.00000 | 0.00000 | 0.00000 | 0.00000 | 0.00000 | 0.00000 | 1.00000 | 0.00000 ||
	||  0.11400 | 0.00000 | 0.00000 | 0.00000 | 0.00000 | 0.00000 | 0.00000 | 0.00000 | 1.00000 ||
	||------------------------------------------------------------------------------------------||

	||------------------------------------------------------------------------------------------||
	||                                    OUTPUT CORRELATION                                    ||
	||------------------------------------------------------------------------------------------||
	||  1.00000 | 0.15851 | 0.24458 | 0.34727 | 0.25635 | 0.16426 | 0.00210 | 0.04213 | 0.10980 ||
	||  0.15851 | 1.00000 |-0.00335 | 0.00125 | 0.00271 |-0.00779 | 0.00760 |-0.00758 |-0.00097 ||
	||  0.24458 |-0.00335 | 1.00000 | 0.00538 | 0.00093 |-0.00650 |-0.00850 | 0.00317 |-0.00723 ||
	||  0.34727 | 0.00125 | 0.00538 | 1.00000 |-0.00070 | 0.00056 |-0.00116 |-0.00045 |-0.00300 ||
	||  0.25635 | 0.00271 | 0.00093 |-0.00070 | 1.00000 | 0.00060 |-0.00225 | 0.00157 |-0.00287 ||
	||  0.16426 |-0.00779 |-0.00650 | 0.00056 | 0.00060 | 1.00000 | 0.01345 |-0.00585 |-0.00068 ||
	||  0.00210 | 0.00760 |-0.00850 |-0.00116 |-0.00225 | 0.01345 | 1.00000 |-0.00695 | 0.00054 ||
	||  0.04213 |-0.00758 | 0.00317 |-0.00045 | 0.00157 |-0.00585 |-0.00695 | 1.00000 | 0.00582 ||
	||  0.10980 |-0.00097 |-0.00723 |-0.00300 |-0.00287 |-0.00068 | 0.00054 | 0.00582 | 1.00000 ||
	||------------------------------------------------------------------------------------------||

	||------------------------------------------------------------------------------------------||
	||                                    OUTPUT COVARIANCE                                     ||
	||------------------------------------------------------------------------------------------||
	||  0.99456 | 0.15771 | 0.24397 | 0.34596 | 0.25535 | 0.16421 | 0.00209 | 0.04208 | 0.11010 ||
	||  0.15771 | 0.99537 |-0.00335 | 0.00125 | 0.00270 |-0.00779 | 0.00758 |-0.00758 |-0.00097 ||
	||  0.24397 |-0.00335 | 1.00045 | 0.00538 | 0.00093 |-0.00652 |-0.00850 | 0.00317 |-0.00727 ||
	||  0.34596 | 0.00125 | 0.00538 | 0.99788 |-0.00070 | 0.00056 |-0.00116 |-0.00045 |-0.00301 ||
	||  0.25535 | 0.00270 | 0.00093 |-0.00070 | 0.99766 | 0.00060 |-0.00225 | 0.00157 |-0.00288 ||
	||  0.16421 |-0.00779 |-0.00652 | 0.00056 | 0.00060 | 1.00478 | 0.01349 |-0.00587 |-0.00069 ||
	||  0.00209 | 0.00758 |-0.00850 |-0.00116 |-0.00225 | 0.01349 | 1.00070 |-0.00696 | 0.00055 ||
	||  0.04208 |-0.00758 | 0.00317 |-0.00045 | 0.00157 |-0.00587 |-0.00696 | 1.00301 | 0.00586 ||
	||  0.11010 |-0.00097 |-0.00727 |-0.00301 |-0.00288 |-0.00069 | 0.00055 | 0.00586 | 1.01102 ||
	||------------------------------------------------------------------------------------------||


	|-----------------------------------------------------------------|
	|    Copyright (C) 2011-2019 (DRIP, DROP)
	|-----------------------------------------------------------------|
	|    Build Version  =&gt; 4.46.0 multi mode
	|    Build JVM (TM) =&gt; 1.8.0_112
	|    Build Snap     =&gt; Sun Nov 17 21:56:27 EST 2019
	|    Start Time     =&gt; Sun Nov 17 23:11:31 EST 2019
	|    Setup Time     =&gt; Sun Nov 17 23:11:31 EST 2019
	|    Setup Duration =&gt; 0 ms
	|-----------------------------------------------------------------|


	||-------------------------------------------||
	||                R^1 METRICS                ||
	||-------------------------------------------||
	||    L -&gt; R:                                ||
	||            - Mean                         ||
	||            - Error                        ||
	||            - Variance                     ||
	||            - Standard Deviation           ||
	||-------------------------------------------||
	|| -0.00807 |  0.79412 |  0.99319 |  0.99659 ||
	|| -0.00409 |  0.79250 |  0.98982 |  0.99490 ||
	|| -0.00819 |  0.79406 |  0.98872 |  0.99435 ||
	||  0.00300 |  0.79227 |  0.98986 |  0.99492 ||
	||  0.00489 |  0.79932 |  0.99935 |  0.99967 ||
	||  0.00108 |  0.80213 |  1.00946 |  1.00472 ||
	||  0.00167 |  0.80140 |  1.00956 |  1.00477 ||
	||  0.00683 |  0.79816 |  1.00250 |  1.00125 ||
	|| -0.00320 |  0.79736 |  0.99910 |  0.99955 ||
	||-------------------------------------------||

	||------------------------------------------------------------------------------------------||
	||                                     INPUT CORRELATION                                    ||
	||------------------------------------------------------------------------------------------||
	||  1.00000 | 0.16100 | 0.24500 | 0.35200 | 0.25900 | 0.16600 | 0.00300 | 0.03800 | 0.11400 ||
	||  0.16100 | 1.00000 | 0.00000 | 0.00000 | 0.00000 | 0.00000 | 0.00000 | 0.00000 | 0.00000 ||
	||  0.24500 | 0.00000 | 1.00000 | 0.00000 | 0.00000 | 0.00000 | 0.00000 | 0.00000 | 0.00000 ||
	||  0.35200 | 0.00000 | 0.00000 | 1.00000 | 0.00000 | 0.00000 | 0.00000 | 0.00000 | 0.00000 ||
	||  0.25900 | 0.00000 | 0.00000 | 0.00000 | 1.00000 | 0.00000 | 0.00000 | 0.00000 | 0.00000 ||
	||  0.16600 | 0.00000 | 0.00000 | 0.00000 | 0.00000 | 1.00000 | 0.00000 | 0.00000 | 0.00000 ||
	||  0.00300 | 0.00000 | 0.00000 | 0.00000 | 0.00000 | 0.00000 | 1.00000 | 0.00000 | 0.00000 ||
	||  0.03800 | 0.00000 | 0.00000 | 0.00000 | 0.00000 | 0.00000 | 0.00000 | 1.00000 | 0.00000 ||
	||  0.11400 | 0.00000 | 0.00000 | 0.00000 | 0.00000 | 0.00000 | 0.00000 | 0.00000 | 1.00000 ||
	||------------------------------------------------------------------------------------------||

	||------------------------------------------------------------------------------------------||
	||                                    OUTPUT CORRELATION                                    ||
	||------------------------------------------------------------------------------------------||
	||  1.00000 | 0.16548 | 0.24334 | 0.34955 | 0.25940 | 0.16702 | 0.00085 | 0.04475 | 0.10441 ||
	||  0.16548 | 1.00000 |-0.00133 |-0.00105 |-0.00090 | 0.00360 |-0.00324 |-0.00383 |-0.00130 ||
	||  0.24334 |-0.00133 | 1.00000 | 0.00540 | 0.00546 |-0.00139 | 0.00543 | 0.00448 |-0.00068 ||
	||  0.34955 |-0.00105 | 0.00540 | 1.00000 | 0.00136 | 0.00420 |-0.00061 |-0.00868 | 0.00014 ||
	||  0.25940 |-0.00090 | 0.00546 | 0.00136 | 1.00000 | 0.00255 |-0.00550 |-0.00094 |-0.00783 ||
	||  0.16702 | 0.00360 |-0.00139 | 0.00420 | 0.00255 | 1.00000 |-0.00338 | 0.00008 |-0.00868 ||
	||  0.00085 |-0.00324 | 0.00543 |-0.00061 |-0.00550 |-0.00338 | 1.00000 | 0.00034 | 0.00127 ||
	||  0.04475 |-0.00383 | 0.00448 |-0.00868 |-0.00094 | 0.00008 | 0.00034 | 1.00000 | 0.00099 ||
	||  0.10441 |-0.00130 |-0.00068 | 0.00014 |-0.00783 |-0.00868 | 0.00127 | 0.00099 | 1.00000 ||
	||------------------------------------------------------------------------------------------||

	||------------------------------------------------------------------------------------------||
	||                                    OUTPUT COVARIANCE                                     ||
	||------------------------------------------------------------------------------------------||
	||  0.99319 | 0.16408 | 0.24114 | 0.34659 | 0.25843 | 0.16724 | 0.00085 | 0.04466 | 0.10400 ||
	||  0.16408 | 0.98982 |-0.00132 |-0.00104 |-0.00090 | 0.00360 |-0.00324 |-0.00382 |-0.00129 ||
	||  0.24114 |-0.00132 | 0.98872 | 0.00534 | 0.00543 |-0.00139 | 0.00542 | 0.00446 |-0.00067 ||
	||  0.34659 |-0.00104 | 0.00534 | 0.98986 | 0.00135 | 0.00420 |-0.00061 |-0.00865 | 0.00013 ||
	||  0.25843 |-0.00090 | 0.00543 | 0.00135 | 0.99935 | 0.00256 |-0.00553 |-0.00094 |-0.00782 ||
	||  0.16724 | 0.00360 |-0.00139 | 0.00420 | 0.00256 | 1.00946 |-0.00341 | 0.00008 |-0.00871 ||
	||  0.00085 |-0.00324 | 0.00542 |-0.00061 |-0.00553 |-0.00341 | 1.00956 | 0.00034 | 0.00128 ||
	||  0.04466 |-0.00382 | 0.00446 |-0.00865 |-0.00094 | 0.00008 | 0.00034 | 1.00250 | 0.00099 ||
	||  0.10400 |-0.00129 |-0.00067 | 0.00013 |-0.00782 |-0.00871 | 0.00128 | 0.00099 | 0.99910 ||
	||------------------------------------------------------------------------------------------||


	|-----------------------------------------------------------------|
	|    Copyright (C) 2011-2019 (DRIP, DROP)
	|-----------------------------------------------------------------|
	|    Build Version  =&gt; 4.46.0 multi mode
	|    Build JVM (TM) =&gt; 1.8.0_112
	|    Build Snap     =&gt; Sun Nov 17 21:56:27 EST 2019
	|    Start Time     =&gt; Sun Nov 17 23:11:33 EST 2019
	|    Setup Time     =&gt; Sun Nov 17 23:11:33 EST 2019
	|    Setup Duration =&gt; 0 ms
	|-----------------------------------------------------------------|


	||-------------------------------------------||
	||                R^1 METRICS                ||
	||-------------------------------------------||
	||    L -&gt; R:                                ||
	||            - Mean                         ||
	||            - Error                        ||
	||            - Variance                     ||
	||            - Standard Deviation           ||
	||-------------------------------------------||
	||  0.00503 |  0.79817 |  0.99997 |  0.99999 ||
	||  0.00331 |  0.79688 |  0.99999 |  0.99999 ||
	||  0.00848 |  0.79817 |  0.99993 |  0.99996 ||
	|| -0.00339 |  0.79783 |  0.99999 |  0.99999 ||
	||  0.00937 |  0.79848 |  0.99991 |  0.99996 ||
	|| -0.00303 |  0.79742 |  0.99999 |  1.00000 ||
	||  0.00762 |  0.79793 |  0.99994 |  0.99997 ||
	|| -0.00274 |  0.79847 |  0.99999 |  1.00000 ||
	|| -0.00292 |  0.79943 |  0.99999 |  1.00000 ||
	||-------------------------------------------||

	||------------------------------------------------------------------------------------------||
	||                                     INPUT CORRELATION                                    ||
	||------------------------------------------------------------------------------------------||
	||  1.00000 | 0.16100 | 0.24500 | 0.35200 | 0.25900 | 0.16600 | 0.00300 | 0.03800 | 0.11400 ||
	||  0.16100 | 1.00000 | 0.00000 | 0.00000 | 0.00000 | 0.00000 | 0.00000 | 0.00000 | 0.00000 ||
	||  0.24500 | 0.00000 | 1.00000 | 0.00000 | 0.00000 | 0.00000 | 0.00000 | 0.00000 | 0.00000 ||
	||  0.35200 | 0.00000 | 0.00000 | 1.00000 | 0.00000 | 0.00000 | 0.00000 | 0.00000 | 0.00000 ||
	||  0.25900 | 0.00000 | 0.00000 | 0.00000 | 1.00000 | 0.00000 | 0.00000 | 0.00000 | 0.00000 ||
	||  0.16600 | 0.00000 | 0.00000 | 0.00000 | 0.00000 | 1.00000 | 0.00000 | 0.00000 | 0.00000 ||
	||  0.00300 | 0.00000 | 0.00000 | 0.00000 | 0.00000 | 0.00000 | 1.00000 | 0.00000 | 0.00000 ||
	||  0.03800 | 0.00000 | 0.00000 | 0.00000 | 0.00000 | 0.00000 | 0.00000 | 1.00000 | 0.00000 ||
	||  0.11400 | 0.00000 | 0.00000 | 0.00000 | 0.00000 | 0.00000 | 0.00000 | 0.00000 | 1.00000 ||
	||------------------------------------------------------------------------------------------||

	||------------------------------------------------------------------------------------------||
	||                                    OUTPUT CORRELATION                                    ||
	||------------------------------------------------------------------------------------------||
	||  1.00000 | 0.16569 | 0.24520 | 0.35607 | 0.25811 | 0.16401 | 0.00827 | 0.03408 | 0.10994 ||
	||  0.16569 | 1.00000 |-0.00782 | 0.00519 | 0.00407 | 0.00138 | 0.00656 |-0.00636 | 0.00479 ||
	||  0.24520 |-0.00782 | 1.00000 | 0.00331 | 0.00381 |-0.00375 | 0.00598 |-0.00409 | 0.00094 ||
	||  0.35607 | 0.00519 | 0.00331 | 1.00000 | 0.00130 |-0.00140 | 0.00147 |-0.00403 | 0.00363 ||
	||  0.25811 | 0.00407 | 0.00381 | 0.00130 | 1.00000 |-0.00401 |-0.00341 |-0.00561 |-0.00007 ||
	||  0.16401 | 0.00138 |-0.00375 |-0.00140 |-0.00401 | 1.00000 |-0.00037 |-0.00070 |-0.00651 ||
	||  0.00827 | 0.00656 | 0.00598 | 0.00147 |-0.00341 |-0.00037 | 1.00000 | 0.00659 | 0.00410 ||
	||  0.03408 |-0.00636 |-0.00409 |-0.00403 |-0.00561 |-0.00070 | 0.00659 | 1.00000 | 0.00109 ||
	||  0.10994 | 0.00479 | 0.00094 | 0.00363 |-0.00007 |-0.00651 | 0.00410 | 0.00109 | 1.00000 ||
	||------------------------------------------------------------------------------------------||

	||------------------------------------------------------------------------------------------||
	||                                    OUTPUT COVARIANCE                                     ||
	||------------------------------------------------------------------------------------------||
	||  0.99997 | 0.16568 | 0.24519 | 0.35606 | 0.25809 | 0.16401 | 0.00827 | 0.03408 | 0.10993 ||
	||  0.16568 | 0.99999 |-0.00782 | 0.00519 | 0.00407 | 0.00138 | 0.00656 |-0.00636 | 0.00479 ||
	||  0.24519 |-0.00782 | 0.99993 | 0.00331 | 0.00381 |-0.00375 | 0.00598 |-0.00409 | 0.00094 ||
	||  0.35606 | 0.00519 | 0.00331 | 0.99999 | 0.00130 |-0.00140 | 0.00147 |-0.00403 | 0.00363 ||
	||  0.25809 | 0.00407 | 0.00381 | 0.00130 | 0.99991 |-0.00401 |-0.00341 |-0.00561 |-0.00007 ||
	||  0.16401 | 0.00138 |-0.00375 |-0.00140 |-0.00401 | 0.99999 |-0.00037 |-0.00070 |-0.00651 ||
	||  0.00827 | 0.00656 | 0.00598 | 0.00147 |-0.00341 |-0.00037 | 0.99994 | 0.00659 | 0.00410 ||
	||  0.03408 |-0.00636 |-0.00409 |-0.00403 |-0.00561 |-0.00070 | 0.00659 | 0.99999 | 0.00109 ||
	||  0.10993 | 0.00479 | 0.00094 | 0.00363 |-0.00007 |-0.00651 | 0.00410 | 0.00109 | 0.99999 ||
	||------------------------------------------------------------------------------------------||


	|-----------------------------------------------------------------|
	|    Copyright (C) 2011-2019 (DRIP, DROP)
	|-----------------------------------------------------------------|
	|    Build Version  =&gt; 4.46.0 multi mode
	|    Build JVM (TM) =&gt; 1.8.0_112
	|    Build Snap     =&gt; Sun Nov 17 21:56:27 EST 2019
	|    Start Time     =&gt; Sun Nov 17 23:11:35 EST 2019
	|    Setup Time     =&gt; Sun Nov 17 23:11:35 EST 2019
	|    Setup Duration =&gt; 0 ms
	|-----------------------------------------------------------------|


	||-------------------------------------------||
	||                R^1 METRICS                ||
	||-------------------------------------------||
	||    L -&gt; R:                                ||
	||            - Mean                         ||
	||            - Error                        ||
	||            - Variance                     ||
	||            - Standard Deviation           ||
	||-------------------------------------------||
	|| -0.00061 |  0.79816 |  0.99998 |  0.99999 ||
	||  0.00065 |  0.79733 |  0.99998 |  0.99999 ||
	|| -0.00677 |  0.79940 |  0.99993 |  0.99997 ||
	||  0.00427 |  0.79649 |  0.99996 |  0.99998 ||
	|| -0.00019 |  0.79768 |  0.99998 |  0.99999 ||
	|| -0.00030 |  0.79895 |  0.99998 |  0.99999 ||
	|| -0.00410 |  0.79914 |  0.99996 |  0.99998 ||
	||  0.00171 |  0.79704 |  0.99998 |  0.99999 ||
	||  0.00401 |  0.79642 |  0.99996 |  0.99998 ||
	||-------------------------------------------||

	||------------------------------------------------------------------------------------------||
	||                                     INPUT CORRELATION                                    ||
	||------------------------------------------------------------------------------------------||
	||  1.00000 | 0.16100 | 0.24500 | 0.35200 | 0.25900 | 0.16600 | 0.00300 | 0.03800 | 0.11400 ||
	||  0.16100 | 1.00000 | 0.00000 | 0.00000 | 0.00000 | 0.00000 | 0.00000 | 0.00000 | 0.00000 ||
	||  0.24500 | 0.00000 | 1.00000 | 0.00000 | 0.00000 | 0.00000 | 0.00000 | 0.00000 | 0.00000 ||
	||  0.35200 | 0.00000 | 0.00000 | 1.00000 | 0.00000 | 0.00000 | 0.00000 | 0.00000 | 0.00000 ||
	||  0.25900 | 0.00000 | 0.00000 | 0.00000 | 1.00000 | 0.00000 | 0.00000 | 0.00000 | 0.00000 ||
	||  0.16600 | 0.00000 | 0.00000 | 0.00000 | 0.00000 | 1.00000 | 0.00000 | 0.00000 | 0.00000 ||
	||  0.00300 | 0.00000 | 0.00000 | 0.00000 | 0.00000 | 0.00000 | 1.00000 | 0.00000 | 0.00000 ||
	||  0.03800 | 0.00000 | 0.00000 | 0.00000 | 0.00000 | 0.00000 | 0.00000 | 1.00000 | 0.00000 ||
	||  0.11400 | 0.00000 | 0.00000 | 0.00000 | 0.00000 | 0.00000 | 0.00000 | 0.00000 | 1.00000 ||
	||------------------------------------------------------------------------------------------||

	||------------------------------------------------------------------------------------------||
	||                                    OUTPUT CORRELATION                                    ||
	||------------------------------------------------------------------------------------------||
	||  1.00000 | 0.16496 | 0.23698 | 0.35341 | 0.25925 | 0.15776 | 0.00938 | 0.03104 | 0.11914 ||
	||  0.16496 | 1.00000 |-0.00536 | 0.00792 |-0.00061 |-0.01274 | 0.00342 |-0.00350 | 0.00458 ||
	||  0.23698 |-0.00536 | 1.00000 |-0.00681 | 0.00061 |-0.00698 |-0.00828 |-0.00559 | 0.00034 ||
	||  0.35341 | 0.00792 |-0.00681 | 1.00000 |-0.00504 | 0.00589 | 0.00793 |-0.00342 | 0.00440 ||
	||  0.25925 |-0.00061 | 0.00061 |-0.00504 | 1.00000 |-0.00012 | 0.00795 |-0.00089 | 0.00087 ||
	||  0.15776 |-0.01274 |-0.00698 | 0.00589 |-0.00012 | 1.00000 |-0.01103 | 0.00104 | 0.00185 ||
	||  0.00938 | 0.00342 |-0.00828 | 0.00793 | 0.00795 |-0.01103 | 1.00000 |-0.00338 |-0.00668 ||
	||  0.03104 |-0.00350 |-0.00559 |-0.00342 |-0.00089 | 0.00104 |-0.00338 | 1.00000 |-0.00069 ||
	||  0.11914 | 0.00458 | 0.00034 | 0.00440 | 0.00087 | 0.00185 |-0.00668 |-0.00069 | 1.00000 ||
	||------------------------------------------------------------------------------------------||

	||------------------------------------------------------------------------------------------||
	||                                    OUTPUT COVARIANCE                                     ||
	||------------------------------------------------------------------------------------------||
	||  0.99998 | 0.16496 | 0.23697 | 0.35340 | 0.25925 | 0.15776 | 0.00938 | 0.03104 | 0.11913 ||
	||  0.16496 | 0.99998 |-0.00536 | 0.00792 |-0.00061 |-0.01274 | 0.00342 |-0.00350 | 0.00458 ||
	||  0.23697 |-0.00536 | 0.99993 |-0.00681 | 0.00061 |-0.00698 |-0.00828 |-0.00559 | 0.00034 ||
	||  0.35340 | 0.00792 |-0.00681 | 0.99996 |-0.00504 | 0.00589 | 0.00793 |-0.00342 | 0.00440 ||
	||  0.25925 |-0.00061 | 0.00061 |-0.00504 | 0.99998 |-0.00012 | 0.00795 |-0.00089 | 0.00087 ||
	||  0.15776 |-0.01274 |-0.00698 | 0.00589 |-0.00012 | 0.99998 |-0.01103 | 0.00104 | 0.00185 ||
	||  0.00938 | 0.00342 |-0.00828 | 0.00793 | 0.00795 |-0.01103 | 0.99996 |-0.00338 |-0.00668 ||
	||  0.03104 |-0.00350 |-0.00559 |-0.00342 |-0.00089 | 0.00104 |-0.00338 | 0.99998 |-0.00069 ||
	||  0.11913 | 0.00458 | 0.00034 | 0.00440 | 0.00087 | 0.00185 |-0.00668 |-0.00069 | 0.99996 ||
	||------------------------------------------------------------------------------------------||

</pre>
</span>
</div>
</div>
<div id="footer">
<p>
<div>
<label class="hidden" id="label-for-line-wrapping-toggle" for="line-wrapping-toggle">Wrap lines
<input id="line-wrapping-toggle" type="checkbox" autocomplete="off"/>
</label>
</div>Generated by 
<a href="http://www.gradle.org">Gradle 3.5</a> at Nov 17, 2019 11:37:41 PM</p>
</div>
</div>
</body>
</html>
