<!DOCTYPE html>
<html>
<head>
<meta http-equiv="Content-Type" content="text/html; charset=utf-8"/>
<meta http-equiv="x-ua-compatible" content="IE=edge"/>
<title>Test results - Class org.drip.coverage.sequence.Statistics</title>
<link href="../css/base-style.css" rel="stylesheet" type="text/css"/>
<link href="../css/style.css" rel="stylesheet" type="text/css"/>
<script src="../js/report.js" type="text/javascript"></script>
</head>
<body>
<div id="content">
<h1>Class org.drip.coverage.sequence.Statistics</h1>
<div class="breadcrumbs">
<a href="../index.html">all</a> &gt; 
<a href="../packages/org.drip.coverage.sequence.html">org.drip.coverage.sequence</a> &gt; Statistics</div>
<div id="summary">
<table>
<tr>
<td>
<div class="summaryGroup">
<table>
<tr>
<td>
<div class="infoBox" id="tests">
<div class="counter">1</div>
<p>tests</p>
</div>
</td>
<td>
<div class="infoBox" id="failures">
<div class="counter">0</div>
<p>failures</p>
</div>
</td>
<td>
<div class="infoBox" id="ignored">
<div class="counter">0</div>
<p>ignored</p>
</div>
</td>
<td>
<div class="infoBox" id="duration">
<div class="counter">20.931s</div>
<p>duration</p>
</div>
</td>
</tr>
</table>
</div>
</td>
<td>
<div class="infoBox success" id="successRate">
<div class="percent">100%</div>
<p>successful</p>
</div>
</td>
</tr>
</table>
</div>
<div id="tabs">
<ul class="tabLinks">
<li>
<a href="#tab0">Tests</a>
</li>
<li>
<a href="#tab1">Standard output</a>
</li>
</ul>
<div id="tab0" class="tab">
<h2>Tests</h2>
<table>
<thead>
<tr>
<th>Test</th>
<th>Duration</th>
<th>Result</th>
</tr>
</thead>
<tr>
<td class="success">codeCoverageTest</td>
<td>20.931s</td>
<td class="success">passed</td>
</tr>
</table>
</div>
<div id="tab1" class="tab">
<h2>Standard output</h2>
<span class="code">
<pre>
	|-----------------------------------------------------------------|
	|    Copyright (C) 2011-2018 (DRIP)
	|-----------------------------------------------------------------|
	|    Build Version  =&gt; 3.44.0 multi mode
	|    Build JVM (TM) =&gt; 1.8.0_112
	|    Build Snap     =&gt; Tue May 22 14:55:44 EST 2018
	|    Start Time     =&gt; Tue May 22 17:27:26 EDT 2018
	|    Setup Time     =&gt; Tue May 22 17:27:26 EDT 2018
	|    Setup Duration =&gt; 0 ms
	|-----------------------------------------------------------------|


	||-------------------------------------------||
	||                R^1 METRICS                ||
	||-------------------------------------------||
	||    L -&gt; R:                                ||
	||            - Mean                         ||
	||            - Error                        ||
	||            - Variance                     ||
	||            - Standard Deviation           ||
	||-------------------------------------------||
	|| -0.00094 |  0.80008 |  0.99991 |  0.99995 ||
	|| -0.00364 |  0.79423 |  0.99251 |  0.99625 ||
	|| -0.00471 |  0.79635 |  0.99360 |  0.99680 ||
	||  0.00518 |  0.80165 |  1.00890 |  1.00444 ||
	||  0.00197 |  0.79301 |  0.99093 |  0.99545 ||
	||  0.01085 |  0.79656 |  0.99507 |  0.99753 ||
	|| -0.00645 |  0.79537 |  0.99425 |  0.99712 ||
	|| -0.00286 |  0.79700 |  0.99935 |  0.99967 ||
	|| -0.00353 |  0.79801 |  1.00130 |  1.00065 ||
	||-------------------------------------------||

	||------------------------------------------------------------------------------------------||
	||                                     INPUT CORRELATION                                    ||
	||------------------------------------------------------------------------------------------||
	||  1.00000 | 0.16100 | 0.24500 | 0.35200 | 0.25900 | 0.16600 | 0.00300 | 0.03800 | 0.11400 ||
	||  0.16100 | 1.00000 | 0.00000 | 0.00000 | 0.00000 | 0.00000 | 0.00000 | 0.00000 | 0.00000 ||
	||  0.24500 | 0.00000 | 1.00000 | 0.00000 | 0.00000 | 0.00000 | 0.00000 | 0.00000 | 0.00000 ||
	||  0.35200 | 0.00000 | 0.00000 | 1.00000 | 0.00000 | 0.00000 | 0.00000 | 0.00000 | 0.00000 ||
	||  0.25900 | 0.00000 | 0.00000 | 0.00000 | 1.00000 | 0.00000 | 0.00000 | 0.00000 | 0.00000 ||
	||  0.16600 | 0.00000 | 0.00000 | 0.00000 | 0.00000 | 1.00000 | 0.00000 | 0.00000 | 0.00000 ||
	||  0.00300 | 0.00000 | 0.00000 | 0.00000 | 0.00000 | 0.00000 | 1.00000 | 0.00000 | 0.00000 ||
	||  0.03800 | 0.00000 | 0.00000 | 0.00000 | 0.00000 | 0.00000 | 0.00000 | 1.00000 | 0.00000 ||
	||  0.11400 | 0.00000 | 0.00000 | 0.00000 | 0.00000 | 0.00000 | 0.00000 | 0.00000 | 1.00000 ||
	||------------------------------------------------------------------------------------------||

	||------------------------------------------------------------------------------------------||
	||                                    OUTPUT CORRELATION                                    ||
	||------------------------------------------------------------------------------------------||
	||  1.00000 | 0.16667 | 0.24693 | 0.35847 | 0.25735 | 0.16890 | 0.00581 | 0.03803 | 0.11690 ||
	||  0.16667 | 1.00000 | 0.00285 |-0.00271 | 0.00043 | 0.00437 |-0.00513 |-0.00036 | 0.00171 ||
	||  0.24693 | 0.00285 | 1.00000 | 0.00078 | 0.00123 |-0.00339 | 0.00302 | 0.00178 | 0.00607 ||
	||  0.35847 |-0.00271 | 0.00078 | 1.00000 | 0.00932 | 0.01001 | 0.00523 | 0.00039 |-0.00179 ||
	||  0.25735 | 0.00043 | 0.00123 | 0.00932 | 1.00000 |-0.00257 | 0.01130 | 0.00727 |-0.00008 ||
	||  0.16890 | 0.00437 |-0.00339 | 0.01001 |-0.00257 | 1.00000 | 0.00848 | 0.00647 |-0.00085 ||
	||  0.00581 |-0.00513 | 0.00302 | 0.00523 | 0.01130 | 0.00848 | 1.00000 | 0.00290 |-0.00110 ||
	||  0.03803 |-0.00036 | 0.00178 | 0.00039 | 0.00727 | 0.00647 | 0.00290 | 1.00000 | 0.00387 ||
	||  0.11690 | 0.00171 | 0.00607 |-0.00179 |-0.00008 |-0.00085 |-0.00110 | 0.00387 | 1.00000 ||
	||------------------------------------------------------------------------------------------||

	||------------------------------------------------------------------------------------------||
	||                                    OUTPUT COVARIANCE                                     ||
	||------------------------------------------------------------------------------------------||
	||  0.99991 | 0.16604 | 0.24613 | 0.36005 | 0.25617 | 0.16847 | 0.00579 | 0.03802 | 0.11697 ||
	||  0.16604 | 0.99251 | 0.00283 |-0.00271 | 0.00043 | 0.00435 |-0.00510 |-0.00036 | 0.00170 ||
	||  0.24613 | 0.00283 | 0.99360 | 0.00078 | 0.00122 |-0.00337 | 0.00300 | 0.00178 | 0.00606 ||
	||  0.36005 |-0.00271 | 0.00078 | 1.00890 | 0.00932 | 0.01003 | 0.00524 | 0.00040 |-0.00180 ||
	||  0.25617 | 0.00043 | 0.00122 | 0.00932 | 0.99093 |-0.00255 | 0.01121 | 0.00723 |-0.00008 ||
	||  0.16847 | 0.00435 |-0.00337 | 0.01003 |-0.00255 | 0.99507 | 0.00844 | 0.00646 |-0.00085 ||
	||  0.00579 |-0.00510 | 0.00300 | 0.00524 | 0.01121 | 0.00844 | 0.99425 | 0.00289 |-0.00109 ||
	||  0.03802 |-0.00036 | 0.00178 | 0.00040 | 0.00723 | 0.00646 | 0.00289 | 0.99935 | 0.00387 ||
	||  0.11697 | 0.00170 | 0.00606 |-0.00180 |-0.00008 |-0.00085 |-0.00109 | 0.00387 | 1.00130 ||
	||------------------------------------------------------------------------------------------||


	|-----------------------------------------------------------------|
	|    Copyright (C) 2011-2018 (DRIP)
	|-----------------------------------------------------------------|
	|    Build Version  =&gt; 3.44.0 multi mode
	|    Build JVM (TM) =&gt; 1.8.0_112
	|    Build Snap     =&gt; Tue May 22 14:55:44 EST 2018
	|    Start Time     =&gt; Tue May 22 17:27:32 EDT 2018
	|    Setup Time     =&gt; Tue May 22 17:27:32 EDT 2018
	|    Setup Duration =&gt; 0 ms
	|-----------------------------------------------------------------|


	||-------------------------------------------||
	||                R^1 METRICS                ||
	||-------------------------------------------||
	||    L -&gt; R:                                ||
	||            - Mean                         ||
	||            - Error                        ||
	||            - Variance                     ||
	||            - Standard Deviation           ||
	||-------------------------------------------||
	||  0.00226 |  0.79588 |  0.99812 |  0.99906 ||
	|| -0.01009 |  0.80036 |  1.00790 |  1.00394 ||
	||  0.00076 |  0.79454 |  0.98921 |  0.99459 ||
	||  0.01140 |  0.79626 |  0.99745 |  0.99872 ||
	|| -0.00013 |  0.79627 |  0.99446 |  0.99723 ||
	||  0.00380 |  0.79878 |  1.00331 |  1.00165 ||
	|| -0.00511 |  0.79732 |  0.99512 |  0.99756 ||
	|| -0.00213 |  0.79215 |  0.99198 |  0.99598 ||
	||  0.00170 |  0.79585 |  0.99736 |  0.99868 ||
	||-------------------------------------------||

	||------------------------------------------------------------------------------------------||
	||                                     INPUT CORRELATION                                    ||
	||------------------------------------------------------------------------------------------||
	||  1.00000 | 0.16100 | 0.24500 | 0.35200 | 0.25900 | 0.16600 | 0.00300 | 0.03800 | 0.11400 ||
	||  0.16100 | 1.00000 | 0.00000 | 0.00000 | 0.00000 | 0.00000 | 0.00000 | 0.00000 | 0.00000 ||
	||  0.24500 | 0.00000 | 1.00000 | 0.00000 | 0.00000 | 0.00000 | 0.00000 | 0.00000 | 0.00000 ||
	||  0.35200 | 0.00000 | 0.00000 | 1.00000 | 0.00000 | 0.00000 | 0.00000 | 0.00000 | 0.00000 ||
	||  0.25900 | 0.00000 | 0.00000 | 0.00000 | 1.00000 | 0.00000 | 0.00000 | 0.00000 | 0.00000 ||
	||  0.16600 | 0.00000 | 0.00000 | 0.00000 | 0.00000 | 1.00000 | 0.00000 | 0.00000 | 0.00000 ||
	||  0.00300 | 0.00000 | 0.00000 | 0.00000 | 0.00000 | 0.00000 | 1.00000 | 0.00000 | 0.00000 ||
	||  0.03800 | 0.00000 | 0.00000 | 0.00000 | 0.00000 | 0.00000 | 0.00000 | 1.00000 | 0.00000 ||
	||  0.11400 | 0.00000 | 0.00000 | 0.00000 | 0.00000 | 0.00000 | 0.00000 | 0.00000 | 1.00000 ||
	||------------------------------------------------------------------------------------------||

	||------------------------------------------------------------------------------------------||
	||                                    OUTPUT CORRELATION                                    ||
	||------------------------------------------------------------------------------------------||
	||  1.00000 | 0.16494 | 0.24104 | 0.35555 | 0.26268 | 0.16690 | 0.00509 | 0.04232 | 0.10506 ||
	||  0.16494 | 1.00000 |-0.00098 | 0.00312 | 0.00391 | 0.00309 |-0.00367 | 0.00257 | 0.00548 ||
	||  0.24104 |-0.00098 | 1.00000 | 0.00977 | 0.00270 | 0.00118 | 0.00589 |-0.00027 | 0.00122 ||
	||  0.35555 | 0.00312 | 0.00977 | 1.00000 |-0.00055 | 0.00240 | 0.00270 |-0.00242 |-0.00408 ||
	||  0.26268 | 0.00391 | 0.00270 |-0.00055 | 1.00000 | 0.00567 | 0.00143 | 0.00799 |-0.00991 ||
	||  0.16690 | 0.00309 | 0.00118 | 0.00240 | 0.00567 | 1.00000 |-0.00055 | 0.00245 |-0.00115 ||
	||  0.00509 |-0.00367 | 0.00589 | 0.00270 | 0.00143 |-0.00055 | 1.00000 | 0.00024 | 0.00052 ||
	||  0.04232 | 0.00257 |-0.00027 |-0.00242 | 0.00799 | 0.00245 | 0.00024 | 1.00000 |-0.00325 ||
	||  0.10506 | 0.00548 | 0.00122 |-0.00408 |-0.00991 |-0.00115 | 0.00052 |-0.00325 | 1.00000 ||
	||------------------------------------------------------------------------------------------||

	||------------------------------------------------------------------------------------------||
	||                                    OUTPUT COVARIANCE                                     ||
	||------------------------------------------------------------------------------------------||
	||  0.99812 | 0.16543 | 0.23951 | 0.35476 | 0.26171 | 0.16702 | 0.00507 | 0.04211 | 0.10483 ||
	||  0.16543 | 1.00790 |-0.00098 | 0.00313 | 0.00392 | 0.00310 |-0.00368 | 0.00257 | 0.00549 ||
	||  0.23951 |-0.00098 | 0.98921 | 0.00970 | 0.00268 | 0.00118 | 0.00585 |-0.00027 | 0.00121 ||
	||  0.35476 | 0.00313 | 0.00970 | 0.99745 |-0.00055 | 0.00240 | 0.00269 |-0.00241 |-0.00406 ||
	||  0.26171 | 0.00392 | 0.00268 |-0.00055 | 0.99446 | 0.00566 | 0.00142 | 0.00793 |-0.00987 ||
	||  0.16702 | 0.00310 | 0.00118 | 0.00240 | 0.00566 | 1.00331 |-0.00055 | 0.00244 |-0.00115 ||
	||  0.00507 |-0.00368 | 0.00585 | 0.00269 | 0.00142 |-0.00055 | 0.99512 | 0.00024 | 0.00052 ||
	||  0.04211 | 0.00257 |-0.00027 |-0.00241 | 0.00793 | 0.00244 | 0.00024 | 0.99198 |-0.00324 ||
	||  0.10483 | 0.00549 | 0.00121 |-0.00406 |-0.00987 |-0.00115 | 0.00052 |-0.00324 | 0.99736 ||
	||------------------------------------------------------------------------------------------||


	|-----------------------------------------------------------------|
	|    Copyright (C) 2011-2018 (DRIP)
	|-----------------------------------------------------------------|
	|    Build Version  =&gt; 3.44.0 multi mode
	|    Build JVM (TM) =&gt; 1.8.0_112
	|    Build Snap     =&gt; Tue May 22 14:55:44 EST 2018
	|    Start Time     =&gt; Tue May 22 17:27:37 EDT 2018
	|    Setup Time     =&gt; Tue May 22 17:27:37 EDT 2018
	|    Setup Duration =&gt; 0 ms
	|-----------------------------------------------------------------|


	||-------------------------------------------||
	||                R^1 METRICS                ||
	||-------------------------------------------||
	||    L -&gt; R:                                ||
	||            - Mean                         ||
	||            - Error                        ||
	||            - Variance                     ||
	||            - Standard Deviation           ||
	||-------------------------------------------||
	|| -0.00325 |  0.79861 |  0.99999 |  0.99999 ||
	||  0.00331 |  0.79948 |  0.99999 |  0.99999 ||
	|| -0.00003 |  0.79657 |  1.00000 |  1.00000 ||
	|| -0.00073 |  0.79758 |  1.00000 |  1.00000 ||
	||  0.00008 |  0.79769 |  1.00000 |  1.00000 ||
	|| -0.00183 |  0.79872 |  1.00000 |  1.00000 ||
	|| -0.00135 |  0.79762 |  1.00000 |  1.00000 ||
	||  0.00538 |  0.80013 |  0.99997 |  0.99999 ||
	||  0.00490 |  0.79789 |  0.99998 |  0.99999 ||
	||-------------------------------------------||

	||------------------------------------------------------------------------------------------||
	||                                     INPUT CORRELATION                                    ||
	||------------------------------------------------------------------------------------------||
	||  1.00000 | 0.16100 | 0.24500 | 0.35200 | 0.25900 | 0.16600 | 0.00300 | 0.03800 | 0.11400 ||
	||  0.16100 | 1.00000 | 0.00000 | 0.00000 | 0.00000 | 0.00000 | 0.00000 | 0.00000 | 0.00000 ||
	||  0.24500 | 0.00000 | 1.00000 | 0.00000 | 0.00000 | 0.00000 | 0.00000 | 0.00000 | 0.00000 ||
	||  0.35200 | 0.00000 | 0.00000 | 1.00000 | 0.00000 | 0.00000 | 0.00000 | 0.00000 | 0.00000 ||
	||  0.25900 | 0.00000 | 0.00000 | 0.00000 | 1.00000 | 0.00000 | 0.00000 | 0.00000 | 0.00000 ||
	||  0.16600 | 0.00000 | 0.00000 | 0.00000 | 0.00000 | 1.00000 | 0.00000 | 0.00000 | 0.00000 ||
	||  0.00300 | 0.00000 | 0.00000 | 0.00000 | 0.00000 | 0.00000 | 1.00000 | 0.00000 | 0.00000 ||
	||  0.03800 | 0.00000 | 0.00000 | 0.00000 | 0.00000 | 0.00000 | 0.00000 | 1.00000 | 0.00000 ||
	||  0.11400 | 0.00000 | 0.00000 | 0.00000 | 0.00000 | 0.00000 | 0.00000 | 0.00000 | 1.00000 ||
	||------------------------------------------------------------------------------------------||

	||------------------------------------------------------------------------------------------||
	||                                    OUTPUT CORRELATION                                    ||
	||------------------------------------------------------------------------------------------||
	||  1.00000 | 0.15683 | 0.24606 | 0.35175 | 0.25761 | 0.16185 | 0.00174 | 0.04039 | 0.11438 ||
	||  0.15683 | 1.00000 |-0.00555 |-0.00117 | 0.00358 |-0.00561 | 0.00110 |-0.00281 |-0.00355 ||
	||  0.24606 |-0.00555 | 1.00000 | 0.00399 | 0.00036 |-0.00345 |-0.00101 | 0.00294 |-0.00294 ||
	||  0.35175 |-0.00117 | 0.00399 | 1.00000 |-0.00964 | 0.00170 |-0.01068 | 0.00126 |-0.00327 ||
	||  0.25761 | 0.00358 | 0.00036 |-0.00964 | 1.00000 |-0.00005 | 0.00054 | 0.01037 | 0.00426 ||
	||  0.16185 |-0.00561 |-0.00345 | 0.00170 |-0.00005 | 1.00000 | 0.00244 | 0.00503 |-0.00598 ||
	||  0.00174 | 0.00110 |-0.00101 |-0.01068 | 0.00054 | 0.00244 | 1.00000 | 0.00467 | 0.00252 ||
	||  0.04039 |-0.00281 | 0.00294 | 0.00126 | 0.01037 | 0.00503 | 0.00467 | 1.00000 | 0.00249 ||
	||  0.11438 |-0.00355 |-0.00294 |-0.00327 | 0.00426 |-0.00598 | 0.00252 | 0.00249 | 1.00000 ||
	||------------------------------------------------------------------------------------------||

	||------------------------------------------------------------------------------------------||
	||                                    OUTPUT COVARIANCE                                     ||
	||------------------------------------------------------------------------------------------||
	||  0.99999 | 0.15683 | 0.24606 | 0.35175 | 0.25761 | 0.16185 | 0.00174 | 0.04039 | 0.11438 ||
	||  0.15683 | 0.99999 |-0.00555 |-0.00117 | 0.00358 |-0.00561 | 0.00110 |-0.00281 |-0.00355 ||
	||  0.24606 |-0.00555 | 1.00000 | 0.00399 | 0.00036 |-0.00345 |-0.00101 | 0.00294 |-0.00294 ||
	||  0.35175 |-0.00117 | 0.00399 | 1.00000 |-0.00964 | 0.00170 |-0.01068 | 0.00126 |-0.00327 ||
	||  0.25761 | 0.00358 | 0.00036 |-0.00964 | 1.00000 |-0.00005 | 0.00054 | 0.01037 | 0.00426 ||
	||  0.16185 |-0.00561 |-0.00345 | 0.00170 |-0.00005 | 1.00000 | 0.00244 | 0.00503 |-0.00598 ||
	||  0.00174 | 0.00110 |-0.00101 |-0.01068 | 0.00054 | 0.00244 | 1.00000 | 0.00467 | 0.00252 ||
	||  0.04039 |-0.00281 | 0.00294 | 0.00126 | 0.01037 | 0.00503 | 0.00467 | 0.99997 | 0.00249 ||
	||  0.11438 |-0.00355 |-0.00294 |-0.00327 | 0.00426 |-0.00598 | 0.00252 | 0.00249 | 0.99998 ||
	||------------------------------------------------------------------------------------------||


	|-----------------------------------------------------------------|
	|    Copyright (C) 2011-2018 (DRIP)
	|-----------------------------------------------------------------|
	|    Build Version  =&gt; 3.44.0 multi mode
	|    Build JVM (TM) =&gt; 1.8.0_112
	|    Build Snap     =&gt; Tue May 22 14:55:44 EST 2018
	|    Start Time     =&gt; Tue May 22 17:27:42 EDT 2018
	|    Setup Time     =&gt; Tue May 22 17:27:42 EDT 2018
	|    Setup Duration =&gt; 0 ms
	|-----------------------------------------------------------------|


	||-------------------------------------------||
	||                R^1 METRICS                ||
	||-------------------------------------------||
	||    L -&gt; R:                                ||
	||            - Mean                         ||
	||            - Error                        ||
	||            - Variance                     ||
	||            - Standard Deviation           ||
	||-------------------------------------------||
	|| -0.00633 |  0.79594 |  0.99994 |  0.99997 ||
	||  0.00422 |  0.79798 |  0.99996 |  0.99998 ||
	|| -0.00408 |  0.79931 |  0.99996 |  0.99998 ||
	||  0.00408 |  0.79794 |  0.99996 |  0.99998 ||
	|| -0.00696 |  0.79792 |  0.99993 |  0.99997 ||
	||  0.00754 |  0.79828 |  0.99992 |  0.99996 ||
	||  0.00237 |  0.79848 |  0.99997 |  0.99999 ||
	|| -0.00580 |  0.79706 |  0.99995 |  0.99997 ||
	||  0.00242 |  0.79845 |  0.99997 |  0.99999 ||
	||-------------------------------------------||

	||------------------------------------------------------------------------------------------||
	||                                     INPUT CORRELATION                                    ||
	||------------------------------------------------------------------------------------------||
	||  1.00000 | 0.16100 | 0.24500 | 0.35200 | 0.25900 | 0.16600 | 0.00300 | 0.03800 | 0.11400 ||
	||  0.16100 | 1.00000 | 0.00000 | 0.00000 | 0.00000 | 0.00000 | 0.00000 | 0.00000 | 0.00000 ||
	||  0.24500 | 0.00000 | 1.00000 | 0.00000 | 0.00000 | 0.00000 | 0.00000 | 0.00000 | 0.00000 ||
	||  0.35200 | 0.00000 | 0.00000 | 1.00000 | 0.00000 | 0.00000 | 0.00000 | 0.00000 | 0.00000 ||
	||  0.25900 | 0.00000 | 0.00000 | 0.00000 | 1.00000 | 0.00000 | 0.00000 | 0.00000 | 0.00000 ||
	||  0.16600 | 0.00000 | 0.00000 | 0.00000 | 0.00000 | 1.00000 | 0.00000 | 0.00000 | 0.00000 ||
	||  0.00300 | 0.00000 | 0.00000 | 0.00000 | 0.00000 | 0.00000 | 1.00000 | 0.00000 | 0.00000 ||
	||  0.03800 | 0.00000 | 0.00000 | 0.00000 | 0.00000 | 0.00000 | 0.00000 | 1.00000 | 0.00000 ||
	||  0.11400 | 0.00000 | 0.00000 | 0.00000 | 0.00000 | 0.00000 | 0.00000 | 0.00000 | 1.00000 ||
	||------------------------------------------------------------------------------------------||

	||------------------------------------------------------------------------------------------||
	||                                    OUTPUT CORRELATION                                    ||
	||------------------------------------------------------------------------------------------||
	||  1.00000 | 0.16750 | 0.23912 | 0.34876 | 0.25767 | 0.16468 | 0.00091 | 0.03942 | 0.11359 ||
	||  0.16750 | 1.00000 |-0.00427 | 0.00209 | 0.00324 | 0.00021 |-0.00003 | 0.00680 | 0.00620 ||
	||  0.23912 |-0.00427 | 1.00000 |-0.00750 |-0.00004 | 0.00019 |-0.00293 | 0.00456 | 0.00182 ||
	||  0.34876 | 0.00209 |-0.00750 | 1.00000 |-0.00159 | 0.00707 |-0.00306 |-0.00202 | 0.00170 ||
	||  0.25767 | 0.00324 |-0.00004 |-0.00159 | 1.00000 |-0.00431 | 0.00540 |-0.00725 | 0.00122 ||
	||  0.16468 | 0.00021 | 0.00019 | 0.00707 |-0.00431 | 1.00000 |-0.00035 | 0.00555 | 0.00213 ||
	||  0.00091 |-0.00003 |-0.00293 |-0.00306 | 0.00540 |-0.00035 | 1.00000 | 0.00047 | 0.00301 ||
	||  0.03942 | 0.00680 | 0.00456 |-0.00202 |-0.00725 | 0.00555 | 0.00047 | 1.00000 | 0.00975 ||
	||  0.11359 | 0.00620 | 0.00182 | 0.00170 | 0.00122 | 0.00213 | 0.00301 | 0.00975 | 1.00000 ||
	||------------------------------------------------------------------------------------------||

	||------------------------------------------------------------------------------------------||
	||                                    OUTPUT COVARIANCE                                     ||
	||------------------------------------------------------------------------------------------||
	||  0.99994 | 0.16749 | 0.23911 | 0.34874 | 0.25765 | 0.16467 | 0.00091 | 0.03942 | 0.11358 ||
	||  0.16749 | 0.99996 |-0.00427 | 0.00209 | 0.00324 | 0.00021 |-0.00003 | 0.00680 | 0.00620 ||
	||  0.23911 |-0.00427 | 0.99996 |-0.00750 |-0.00004 | 0.00019 |-0.00293 | 0.00456 | 0.00182 ||
	||  0.34874 | 0.00209 |-0.00750 | 0.99996 |-0.00159 | 0.00707 |-0.00306 |-0.00202 | 0.00170 ||
	||  0.25765 | 0.00324 |-0.00004 |-0.00159 | 0.99993 |-0.00431 | 0.00540 |-0.00725 | 0.00122 ||
	||  0.16467 | 0.00021 | 0.00019 | 0.00707 |-0.00431 | 0.99992 |-0.00035 | 0.00555 | 0.00213 ||
	||  0.00091 |-0.00003 |-0.00293 |-0.00306 | 0.00540 |-0.00035 | 0.99997 | 0.00047 | 0.00301 ||
	||  0.03942 | 0.00680 | 0.00456 |-0.00202 |-0.00725 | 0.00555 | 0.00047 | 0.99995 | 0.00975 ||
	||  0.11358 | 0.00620 | 0.00182 | 0.00170 | 0.00122 | 0.00213 | 0.00301 | 0.00975 | 0.99997 ||
	||------------------------------------------------------------------------------------------||

</pre>
</span>
</div>
</div>
<div id="footer">
<p>
<div>
<label class="hidden" id="label-for-line-wrapping-toggle" for="line-wrapping-toggle">Wrap lines
<input id="line-wrapping-toggle" type="checkbox" autocomplete="off"/>
</label>
</div>Generated by 
<a href="http://www.gradle.org">Gradle 3.5</a> at May 22, 2018 7:12:51 PM</p>
</div>
</div>
</body>
</html>
