<!DOCTYPE html>
<html>
<head>
<meta http-equiv="Content-Type" content="text/html; charset=utf-8"/>
<meta http-equiv="x-ua-compatible" content="IE=edge"/>
<title>Test results - Class org.drip.coverage.sequence.Statistics</title>
<link href="../css/base-style.css" rel="stylesheet" type="text/css"/>
<link href="../css/style.css" rel="stylesheet" type="text/css"/>
<script src="../js/report.js" type="text/javascript"></script>
</head>
<body>
<div id="content">
<h1>Class org.drip.coverage.sequence.Statistics</h1>
<div class="breadcrumbs">
<a href="../index.html">all</a> &gt; 
<a href="../packages/org.drip.coverage.sequence.html">org.drip.coverage.sequence</a> &gt; Statistics</div>
<div id="summary">
<table>
<tr>
<td>
<div class="summaryGroup">
<table>
<tr>
<td>
<div class="infoBox" id="tests">
<div class="counter">1</div>
<p>tests</p>
</div>
</td>
<td>
<div class="infoBox" id="failures">
<div class="counter">0</div>
<p>failures</p>
</div>
</td>
<td>
<div class="infoBox" id="ignored">
<div class="counter">0</div>
<p>ignored</p>
</div>
</td>
<td>
<div class="infoBox" id="duration">
<div class="counter">9.732s</div>
<p>duration</p>
</div>
</td>
</tr>
</table>
</div>
</td>
<td>
<div class="infoBox success" id="successRate">
<div class="percent">100%</div>
<p>successful</p>
</div>
</td>
</tr>
</table>
</div>
<div id="tabs">
<ul class="tabLinks">
<li>
<a href="#tab0">Tests</a>
</li>
<li>
<a href="#tab1">Standard output</a>
</li>
</ul>
<div id="tab0" class="tab">
<h2>Tests</h2>
<table>
<thead>
<tr>
<th>Test</th>
<th>Duration</th>
<th>Result</th>
</tr>
</thead>
<tr>
<td class="success">codeCoverageTest</td>
<td>9.732s</td>
<td class="success">passed</td>
</tr>
</table>
</div>
<div id="tab1" class="tab">
<h2>Standard output</h2>
<span class="code">
<pre>
	|-----------------------------------------------------------------|
	|    Copyright (C) 2011-2019 (DRIP, DROP)
	|-----------------------------------------------------------------|
	|    Build Version  =&gt; 4.05.0 multi mode
	|    Build JVM (TM) =&gt; 1.8.0_112
	|    Build Snap     =&gt; Tue Feb 19 11:07:47 EST 2019
	|    Start Time     =&gt; Tue Feb 19 12:09:52 EST 2019
	|    Setup Time     =&gt; Tue Feb 19 12:09:52 EST 2019
	|    Setup Duration =&gt; 0 ms
	|-----------------------------------------------------------------|


	||-------------------------------------------||
	||                R^1 METRICS                ||
	||-------------------------------------------||
	||    L -&gt; R:                                ||
	||            - Mean                         ||
	||            - Error                        ||
	||            - Variance                     ||
	||            - Standard Deviation           ||
	||-------------------------------------------||
	||  0.00604 |  0.79836 |  0.99710 |  0.99855 ||
	||  0.00038 |  0.80374 |  1.01075 |  1.00536 ||
	|| -0.00029 |  0.79673 |  0.99803 |  0.99901 ||
	||  0.00156 |  0.79549 |  0.99595 |  0.99797 ||
	|| -0.00038 |  0.80201 |  1.00781 |  1.00390 ||
	|| -0.00258 |  0.79983 |  1.00441 |  1.00220 ||
	||  0.00372 |  0.79867 |  1.00381 |  1.00190 ||
	|| -0.00177 |  0.79650 |  0.99818 |  0.99909 ||
	||  0.00840 |  0.79621 |  0.99228 |  0.99613 ||
	||-------------------------------------------||

	||------------------------------------------------------------------------------------------||
	||                                     INPUT CORRELATION                                    ||
	||------------------------------------------------------------------------------------------||
	||  1.00000 | 0.16100 | 0.24500 | 0.35200 | 0.25900 | 0.16600 | 0.00300 | 0.03800 | 0.11400 ||
	||  0.16100 | 1.00000 | 0.00000 | 0.00000 | 0.00000 | 0.00000 | 0.00000 | 0.00000 | 0.00000 ||
	||  0.24500 | 0.00000 | 1.00000 | 0.00000 | 0.00000 | 0.00000 | 0.00000 | 0.00000 | 0.00000 ||
	||  0.35200 | 0.00000 | 0.00000 | 1.00000 | 0.00000 | 0.00000 | 0.00000 | 0.00000 | 0.00000 ||
	||  0.25900 | 0.00000 | 0.00000 | 0.00000 | 1.00000 | 0.00000 | 0.00000 | 0.00000 | 0.00000 ||
	||  0.16600 | 0.00000 | 0.00000 | 0.00000 | 0.00000 | 1.00000 | 0.00000 | 0.00000 | 0.00000 ||
	||  0.00300 | 0.00000 | 0.00000 | 0.00000 | 0.00000 | 0.00000 | 1.00000 | 0.00000 | 0.00000 ||
	||  0.03800 | 0.00000 | 0.00000 | 0.00000 | 0.00000 | 0.00000 | 0.00000 | 1.00000 | 0.00000 ||
	||  0.11400 | 0.00000 | 0.00000 | 0.00000 | 0.00000 | 0.00000 | 0.00000 | 0.00000 | 1.00000 ||
	||------------------------------------------------------------------------------------------||

	||------------------------------------------------------------------------------------------||
	||                                    OUTPUT CORRELATION                                    ||
	||------------------------------------------------------------------------------------------||
	||  1.00000 | 0.16970 | 0.24114 | 0.35200 | 0.26170 | 0.15922 | 0.00254 | 0.03712 | 0.10892 ||
	||  0.16970 | 1.00000 | 0.00795 | 0.00230 | 0.00110 |-0.00635 |-0.01217 | 0.00039 | 0.00176 ||
	||  0.24114 | 0.00795 | 1.00000 |-0.00336 | 0.00123 |-0.00197 |-0.00481 | 0.00542 | 0.00054 ||
	||  0.35200 | 0.00230 |-0.00336 | 1.00000 | 0.00509 |-0.00360 |-0.00085 |-0.00440 |-0.00446 ||
	||  0.26170 | 0.00110 | 0.00123 | 0.00509 | 1.00000 | 0.00188 |-0.00288 |-0.00290 |-0.00481 ||
	||  0.15922 |-0.00635 |-0.00197 |-0.00360 | 0.00188 | 1.00000 | 0.00423 | 0.00027 | 0.00024 ||
	||  0.00254 |-0.01217 |-0.00481 |-0.00085 |-0.00288 | 0.00423 | 1.00000 | 0.00082 |-0.00326 ||
	||  0.03712 | 0.00039 | 0.00542 |-0.00440 |-0.00290 | 0.00027 | 0.00082 | 1.00000 | 0.00579 ||
	||  0.10892 | 0.00176 | 0.00054 |-0.00446 |-0.00481 | 0.00024 |-0.00326 | 0.00579 | 1.00000 ||
	||------------------------------------------------------------------------------------------||

	||------------------------------------------------------------------------------------------||
	||                                    OUTPUT COVARIANCE                                     ||
	||------------------------------------------------------------------------------------------||
	||  0.99710 | 0.17036 | 0.24055 | 0.35077 | 0.26233 | 0.15934 | 0.00254 | 0.03703 | 0.10834 ||
	||  0.17036 | 1.01075 | 0.00798 | 0.00231 | 0.00111 |-0.00640 |-0.01226 | 0.00039 | 0.00176 ||
	||  0.24055 | 0.00798 | 0.99803 |-0.00335 | 0.00124 |-0.00197 |-0.00481 | 0.00541 | 0.00054 ||
	||  0.35077 | 0.00231 |-0.00335 | 0.99595 | 0.00510 |-0.00360 |-0.00085 |-0.00438 |-0.00444 ||
	||  0.26233 | 0.00111 | 0.00124 | 0.00510 | 1.00781 | 0.00189 |-0.00290 |-0.00291 |-0.00481 ||
	||  0.15934 |-0.00640 |-0.00197 |-0.00360 | 0.00189 | 1.00441 | 0.00425 | 0.00027 | 0.00024 ||
	||  0.00254 |-0.01226 |-0.00481 |-0.00085 |-0.00290 | 0.00425 | 1.00381 | 0.00082 |-0.00326 ||
	||  0.03703 | 0.00039 | 0.00541 |-0.00438 |-0.00291 | 0.00027 | 0.00082 | 0.99818 | 0.00576 ||
	||  0.10834 | 0.00176 | 0.00054 |-0.00444 |-0.00481 | 0.00024 |-0.00326 | 0.00576 | 0.99228 ||
	||------------------------------------------------------------------------------------------||


	|-----------------------------------------------------------------|
	|    Copyright (C) 2011-2019 (DRIP, DROP)
	|-----------------------------------------------------------------|
	|    Build Version  =&gt; 4.05.0 multi mode
	|    Build JVM (TM) =&gt; 1.8.0_112
	|    Build Snap     =&gt; Tue Feb 19 11:07:47 EST 2019
	|    Start Time     =&gt; Tue Feb 19 12:09:55 EST 2019
	|    Setup Time     =&gt; Tue Feb 19 12:09:55 EST 2019
	|    Setup Duration =&gt; 0 ms
	|-----------------------------------------------------------------|


	||-------------------------------------------||
	||                R^1 METRICS                ||
	||-------------------------------------------||
	||    L -&gt; R:                                ||
	||            - Mean                         ||
	||            - Error                        ||
	||            - Variance                     ||
	||            - Standard Deviation           ||
	||-------------------------------------------||
	|| -0.00556 |  0.79569 |  0.99750 |  0.99875 ||
	||  0.00001 |  0.79745 |  0.99785 |  0.99893 ||
	||  0.00235 |  0.79464 |  0.99301 |  0.99650 ||
	|| -0.00858 |  0.79613 |  0.99763 |  0.99881 ||
	|| -0.00099 |  0.80061 |  1.00846 |  1.00422 ||
	||  0.00509 |  0.79475 |  0.99234 |  0.99616 ||
	|| -0.00520 |  0.80058 |  1.00458 |  1.00229 ||
	||  0.00160 |  0.80039 |  1.00424 |  1.00212 ||
	||  0.00194 |  0.80108 |  1.01111 |  1.00554 ||
	||-------------------------------------------||

	||------------------------------------------------------------------------------------------||
	||                                     INPUT CORRELATION                                    ||
	||------------------------------------------------------------------------------------------||
	||  1.00000 | 0.16100 | 0.24500 | 0.35200 | 0.25900 | 0.16600 | 0.00300 | 0.03800 | 0.11400 ||
	||  0.16100 | 1.00000 | 0.00000 | 0.00000 | 0.00000 | 0.00000 | 0.00000 | 0.00000 | 0.00000 ||
	||  0.24500 | 0.00000 | 1.00000 | 0.00000 | 0.00000 | 0.00000 | 0.00000 | 0.00000 | 0.00000 ||
	||  0.35200 | 0.00000 | 0.00000 | 1.00000 | 0.00000 | 0.00000 | 0.00000 | 0.00000 | 0.00000 ||
	||  0.25900 | 0.00000 | 0.00000 | 0.00000 | 1.00000 | 0.00000 | 0.00000 | 0.00000 | 0.00000 ||
	||  0.16600 | 0.00000 | 0.00000 | 0.00000 | 0.00000 | 1.00000 | 0.00000 | 0.00000 | 0.00000 ||
	||  0.00300 | 0.00000 | 0.00000 | 0.00000 | 0.00000 | 0.00000 | 1.00000 | 0.00000 | 0.00000 ||
	||  0.03800 | 0.00000 | 0.00000 | 0.00000 | 0.00000 | 0.00000 | 0.00000 | 1.00000 | 0.00000 ||
	||  0.11400 | 0.00000 | 0.00000 | 0.00000 | 0.00000 | 0.00000 | 0.00000 | 0.00000 | 1.00000 ||
	||------------------------------------------------------------------------------------------||

	||------------------------------------------------------------------------------------------||
	||                                    OUTPUT CORRELATION                                    ||
	||------------------------------------------------------------------------------------------||
	||  1.00000 | 0.16217 | 0.24467 | 0.35121 | 0.26114 | 0.16283 |-0.00095 | 0.04280 | 0.11651 ||
	||  0.16217 | 1.00000 |-0.00124 | 0.00147 |-0.00588 | 0.00823 |-0.00035 | 0.00400 | 0.00193 ||
	||  0.24467 |-0.00124 | 1.00000 | 0.00419 |-0.00094 |-0.00083 |-0.00168 | 0.00380 |-0.00019 ||
	||  0.35121 | 0.00147 | 0.00419 | 1.00000 | 0.00356 |-0.00048 |-0.00795 |-0.00096 | 0.00393 ||
	||  0.26114 |-0.00588 |-0.00094 | 0.00356 | 1.00000 | 0.00477 |-0.00119 | 0.00184 | 0.00846 ||
	||  0.16283 | 0.00823 |-0.00083 |-0.00048 | 0.00477 | 1.00000 |-0.00626 |-0.00566 | 0.00074 ||
	|| -0.00095 |-0.00035 |-0.00168 |-0.00795 |-0.00119 |-0.00626 | 1.00000 | 0.00118 | 0.00554 ||
	||  0.04280 | 0.00400 | 0.00380 |-0.00096 | 0.00184 |-0.00566 | 0.00118 | 1.00000 | 0.00586 ||
	||  0.11651 | 0.00193 |-0.00019 | 0.00393 | 0.00846 | 0.00074 | 0.00554 | 0.00586 | 1.00000 ||
	||------------------------------------------------------------------------------------------||

	||------------------------------------------------------------------------------------------||
	||                                    OUTPUT COVARIANCE                                     ||
	||------------------------------------------------------------------------------------------||
	||  0.99750 | 0.16179 | 0.24351 | 0.35035 | 0.26191 | 0.16201 |-0.00095 | 0.04284 | 0.11700 ||
	||  0.16179 | 0.99785 |-0.00123 | 0.00146 |-0.00590 | 0.00819 |-0.00035 | 0.00400 | 0.00193 ||
	||  0.24351 |-0.00123 | 0.99301 | 0.00417 |-0.00094 |-0.00083 |-0.00168 | 0.00380 |-0.00019 ||
	||  0.35035 | 0.00146 | 0.00417 | 0.99763 | 0.00357 |-0.00048 |-0.00796 |-0.00096 | 0.00394 ||
	||  0.26191 |-0.00590 |-0.00094 | 0.00357 | 1.00846 | 0.00478 |-0.00120 | 0.00185 | 0.00855 ||
	||  0.16201 | 0.00819 |-0.00083 |-0.00048 | 0.00478 | 0.99234 |-0.00625 |-0.00565 | 0.00074 ||
	|| -0.00095 |-0.00035 |-0.00168 |-0.00796 |-0.00120 |-0.00625 | 1.00458 | 0.00118 | 0.00558 ||
	||  0.04284 | 0.00400 | 0.00380 |-0.00096 | 0.00185 |-0.00565 | 0.00118 | 1.00424 | 0.00590 ||
	||  0.11700 | 0.00193 |-0.00019 | 0.00394 | 0.00855 | 0.00074 | 0.00558 | 0.00590 | 1.01111 ||
	||------------------------------------------------------------------------------------------||


	|-----------------------------------------------------------------|
	|    Copyright (C) 2011-2019 (DRIP, DROP)
	|-----------------------------------------------------------------|
	|    Build Version  =&gt; 4.05.0 multi mode
	|    Build JVM (TM) =&gt; 1.8.0_112
	|    Build Snap     =&gt; Tue Feb 19 11:07:47 EST 2019
	|    Start Time     =&gt; Tue Feb 19 12:09:57 EST 2019
	|    Setup Time     =&gt; Tue Feb 19 12:09:57 EST 2019
	|    Setup Duration =&gt; 0 ms
	|-----------------------------------------------------------------|


	||-------------------------------------------||
	||                R^1 METRICS                ||
	||-------------------------------------------||
	||    L -&gt; R:                                ||
	||            - Mean                         ||
	||            - Error                        ||
	||            - Variance                     ||
	||            - Standard Deviation           ||
	||-------------------------------------------||
	||  0.00018 |  0.79820 |  1.00000 |  1.00000 ||
	|| -0.00310 |  0.79830 |  0.99999 |  1.00000 ||
	||  0.00172 |  0.79819 |  1.00000 |  1.00000 ||
	|| -0.00890 |  0.79947 |  0.99992 |  0.99996 ||
	||  0.00164 |  0.79814 |  1.00000 |  1.00000 ||
	||  0.00559 |  0.79766 |  0.99997 |  0.99998 ||
	|| -0.00463 |  0.79705 |  0.99998 |  0.99999 ||
	||  0.00200 |  0.79819 |  1.00000 |  1.00000 ||
	||  0.00041 |  0.79684 |  1.00000 |  1.00000 ||
	||-------------------------------------------||

	||------------------------------------------------------------------------------------------||
	||                                     INPUT CORRELATION                                    ||
	||------------------------------------------------------------------------------------------||
	||  1.00000 | 0.16100 | 0.24500 | 0.35200 | 0.25900 | 0.16600 | 0.00300 | 0.03800 | 0.11400 ||
	||  0.16100 | 1.00000 | 0.00000 | 0.00000 | 0.00000 | 0.00000 | 0.00000 | 0.00000 | 0.00000 ||
	||  0.24500 | 0.00000 | 1.00000 | 0.00000 | 0.00000 | 0.00000 | 0.00000 | 0.00000 | 0.00000 ||
	||  0.35200 | 0.00000 | 0.00000 | 1.00000 | 0.00000 | 0.00000 | 0.00000 | 0.00000 | 0.00000 ||
	||  0.25900 | 0.00000 | 0.00000 | 0.00000 | 1.00000 | 0.00000 | 0.00000 | 0.00000 | 0.00000 ||
	||  0.16600 | 0.00000 | 0.00000 | 0.00000 | 0.00000 | 1.00000 | 0.00000 | 0.00000 | 0.00000 ||
	||  0.00300 | 0.00000 | 0.00000 | 0.00000 | 0.00000 | 0.00000 | 1.00000 | 0.00000 | 0.00000 ||
	||  0.03800 | 0.00000 | 0.00000 | 0.00000 | 0.00000 | 0.00000 | 0.00000 | 1.00000 | 0.00000 ||
	||  0.11400 | 0.00000 | 0.00000 | 0.00000 | 0.00000 | 0.00000 | 0.00000 | 0.00000 | 1.00000 ||
	||------------------------------------------------------------------------------------------||

	||------------------------------------------------------------------------------------------||
	||                                    OUTPUT CORRELATION                                    ||
	||------------------------------------------------------------------------------------------||
	||  1.00000 | 0.16574 | 0.25340 | 0.35313 | 0.25682 | 0.17387 | 0.00028 | 0.03842 | 0.11328 ||
	||  0.16574 | 1.00000 | 0.00076 | 0.00004 | 0.00644 | 0.00009 | 0.00049 | 0.00734 |-0.00369 ||
	||  0.25340 | 0.00076 | 1.00000 | 0.00475 | 0.00726 | 0.00128 | 0.00054 | 0.00472 | 0.00390 ||
	||  0.35313 | 0.00004 | 0.00475 | 1.00000 |-0.00076 |-0.00086 | 0.00303 | 0.00524 |-0.00472 ||
	||  0.25682 | 0.00644 | 0.00726 |-0.00076 | 1.00000 |-0.00403 |-0.00756 | 0.00383 | 0.00408 ||
	||  0.17387 | 0.00009 | 0.00128 |-0.00086 |-0.00403 | 1.00000 | 0.00193 | 0.00277 | 0.00146 ||
	||  0.00028 | 0.00049 | 0.00054 | 0.00303 |-0.00756 | 0.00193 | 1.00000 | 0.00707 | 0.00182 ||
	||  0.03842 | 0.00734 | 0.00472 | 0.00524 | 0.00383 | 0.00277 | 0.00707 | 1.00000 | 0.00101 ||
	||  0.11328 |-0.00369 | 0.00390 |-0.00472 | 0.00408 | 0.00146 | 0.00182 | 0.00101 | 1.00000 ||
	||------------------------------------------------------------------------------------------||

	||------------------------------------------------------------------------------------------||
	||                                    OUTPUT COVARIANCE                                     ||
	||------------------------------------------------------------------------------------------||
	||  1.00000 | 0.16574 | 0.25340 | 0.35312 | 0.25682 | 0.17387 | 0.00028 | 0.03842 | 0.11328 ||
	||  0.16574 | 0.99999 | 0.00076 | 0.00004 | 0.00644 | 0.00009 | 0.00049 | 0.00734 |-0.00369 ||
	||  0.25340 | 0.00076 | 1.00000 | 0.00475 | 0.00726 | 0.00128 | 0.00054 | 0.00472 | 0.00390 ||
	||  0.35312 | 0.00004 | 0.00475 | 0.99992 |-0.00076 |-0.00086 | 0.00303 | 0.00524 |-0.00472 ||
	||  0.25682 | 0.00644 | 0.00726 |-0.00076 | 1.00000 |-0.00403 |-0.00756 | 0.00383 | 0.00408 ||
	||  0.17387 | 0.00009 | 0.00128 |-0.00086 |-0.00403 | 0.99997 | 0.00193 | 0.00277 | 0.00146 ||
	||  0.00028 | 0.00049 | 0.00054 | 0.00303 |-0.00756 | 0.00193 | 0.99998 | 0.00707 | 0.00182 ||
	||  0.03842 | 0.00734 | 0.00472 | 0.00524 | 0.00383 | 0.00277 | 0.00707 | 1.00000 | 0.00101 ||
	||  0.11328 |-0.00369 | 0.00390 |-0.00472 | 0.00408 | 0.00146 | 0.00182 | 0.00101 | 1.00000 ||
	||------------------------------------------------------------------------------------------||


	|-----------------------------------------------------------------|
	|    Copyright (C) 2011-2019 (DRIP, DROP)
	|-----------------------------------------------------------------|
	|    Build Version  =&gt; 4.05.0 multi mode
	|    Build JVM (TM) =&gt; 1.8.0_112
	|    Build Snap     =&gt; Tue Feb 19 11:07:47 EST 2019
	|    Start Time     =&gt; Tue Feb 19 12:10:00 EST 2019
	|    Setup Time     =&gt; Tue Feb 19 12:10:00 EST 2019
	|    Setup Duration =&gt; 0 ms
	|-----------------------------------------------------------------|


	||-------------------------------------------||
	||                R^1 METRICS                ||
	||-------------------------------------------||
	||    L -&gt; R:                                ||
	||            - Mean                         ||
	||            - Error                        ||
	||            - Variance                     ||
	||            - Standard Deviation           ||
	||-------------------------------------------||
	|| -0.00315 |  0.79775 |  0.99997 |  0.99999 ||
	||  0.00281 |  0.79836 |  0.99997 |  0.99999 ||
	||  0.00198 |  0.79969 |  0.99998 |  0.99999 ||
	|| -0.00000 |  0.79630 |  0.99998 |  0.99999 ||
	||  0.00540 |  0.79852 |  0.99995 |  0.99998 ||
	||  0.00194 |  0.79744 |  0.99998 |  0.99999 ||
	||  0.00438 |  0.79755 |  0.99996 |  0.99998 ||
	|| -0.00341 |  0.79808 |  0.99997 |  0.99998 ||
	||  0.00265 |  0.79791 |  0.99997 |  0.99999 ||
	||-------------------------------------------||

	||------------------------------------------------------------------------------------------||
	||                                     INPUT CORRELATION                                    ||
	||------------------------------------------------------------------------------------------||
	||  1.00000 | 0.16100 | 0.24500 | 0.35200 | 0.25900 | 0.16600 | 0.00300 | 0.03800 | 0.11400 ||
	||  0.16100 | 1.00000 | 0.00000 | 0.00000 | 0.00000 | 0.00000 | 0.00000 | 0.00000 | 0.00000 ||
	||  0.24500 | 0.00000 | 1.00000 | 0.00000 | 0.00000 | 0.00000 | 0.00000 | 0.00000 | 0.00000 ||
	||  0.35200 | 0.00000 | 0.00000 | 1.00000 | 0.00000 | 0.00000 | 0.00000 | 0.00000 | 0.00000 ||
	||  0.25900 | 0.00000 | 0.00000 | 0.00000 | 1.00000 | 0.00000 | 0.00000 | 0.00000 | 0.00000 ||
	||  0.16600 | 0.00000 | 0.00000 | 0.00000 | 0.00000 | 1.00000 | 0.00000 | 0.00000 | 0.00000 ||
	||  0.00300 | 0.00000 | 0.00000 | 0.00000 | 0.00000 | 0.00000 | 1.00000 | 0.00000 | 0.00000 ||
	||  0.03800 | 0.00000 | 0.00000 | 0.00000 | 0.00000 | 0.00000 | 0.00000 | 1.00000 | 0.00000 ||
	||  0.11400 | 0.00000 | 0.00000 | 0.00000 | 0.00000 | 0.00000 | 0.00000 | 0.00000 | 1.00000 ||
	||------------------------------------------------------------------------------------------||

	||------------------------------------------------------------------------------------------||
	||                                    OUTPUT CORRELATION                                    ||
	||------------------------------------------------------------------------------------------||
	||  1.00000 | 0.16135 | 0.24501 | 0.35547 | 0.25732 | 0.16840 | 0.00637 | 0.03473 | 0.11156 ||
	||  0.16135 | 1.00000 | 0.00338 | 0.00413 | 0.00275 | 0.00522 | 0.00149 |-0.00194 |-0.00474 ||
	||  0.24501 | 0.00338 | 1.00000 | 0.00026 | 0.00260 |-0.00025 |-0.00557 | 0.00158 |-0.00002 ||
	||  0.35547 | 0.00413 | 0.00026 | 1.00000 |-0.00321 | 0.00191 | 0.00716 |-0.00485 | 0.00349 ||
	||  0.25732 | 0.00275 | 0.00260 |-0.00321 | 1.00000 | 0.00014 | 0.00024 |-0.00404 | 0.00285 ||
	||  0.16840 | 0.00522 |-0.00025 | 0.00191 | 0.00014 | 1.00000 | 0.00123 |-0.00236 | 0.00452 ||
	||  0.00637 | 0.00149 |-0.00557 | 0.00716 | 0.00024 | 0.00123 | 1.00000 |-0.00415 | 0.00644 ||
	||  0.03473 |-0.00194 | 0.00158 |-0.00485 |-0.00404 |-0.00236 |-0.00415 | 1.00000 |-0.00240 ||
	||  0.11156 |-0.00474 |-0.00002 | 0.00349 | 0.00285 | 0.00452 | 0.00644 |-0.00240 | 1.00000 ||
	||------------------------------------------------------------------------------------------||

	||------------------------------------------------------------------------------------------||
	||                                    OUTPUT COVARIANCE                                     ||
	||------------------------------------------------------------------------------------------||
	||  0.99997 | 0.16135 | 0.24501 | 0.35546 | 0.25731 | 0.16839 | 0.00637 | 0.03473 | 0.11155 ||
	||  0.16135 | 0.99997 | 0.00338 | 0.00413 | 0.00275 | 0.00522 | 0.00149 |-0.00194 |-0.00474 ||
	||  0.24501 | 0.00338 | 0.99998 | 0.00026 | 0.00260 |-0.00025 |-0.00557 | 0.00158 |-0.00002 ||
	||  0.35546 | 0.00413 | 0.00026 | 0.99998 |-0.00321 | 0.00191 | 0.00716 |-0.00485 | 0.00349 ||
	||  0.25731 | 0.00275 | 0.00260 |-0.00321 | 0.99995 | 0.00014 | 0.00024 |-0.00404 | 0.00285 ||
	||  0.16839 | 0.00522 |-0.00025 | 0.00191 | 0.00014 | 0.99998 | 0.00123 |-0.00236 | 0.00452 ||
	||  0.00637 | 0.00149 |-0.00557 | 0.00716 | 0.00024 | 0.00123 | 0.99996 |-0.00415 | 0.00644 ||
	||  0.03473 |-0.00194 | 0.00158 |-0.00485 |-0.00404 |-0.00236 |-0.00415 | 0.99997 |-0.00240 ||
	||  0.11155 |-0.00474 |-0.00002 | 0.00349 | 0.00285 | 0.00452 | 0.00644 |-0.00240 | 0.99997 ||
	||------------------------------------------------------------------------------------------||

</pre>
</span>
</div>
</div>
<div id="footer">
<p>
<div>
<label class="hidden" id="label-for-line-wrapping-toggle" for="line-wrapping-toggle">Wrap lines
<input id="line-wrapping-toggle" type="checkbox" autocomplete="off"/>
</label>
</div>Generated by 
<a href="http://www.gradle.org">Gradle 3.5</a> at Feb 19, 2019 12:35:55 PM</p>
</div>
</div>
</body>
</html>
