<!DOCTYPE html>
<html>
<head>
<meta http-equiv="Content-Type" content="text/html; charset=utf-8"/>
<meta http-equiv="x-ua-compatible" content="IE=edge"/>
<title>Test results - Class org.drip.coverage.sequence.Statistics</title>
<link href="../css/base-style.css" rel="stylesheet" type="text/css"/>
<link href="../css/style.css" rel="stylesheet" type="text/css"/>
<script src="../js/report.js" type="text/javascript"></script>
</head>
<body>
<div id="content">
<h1>Class org.drip.coverage.sequence.Statistics</h1>
<div class="breadcrumbs">
<a href="../index.html">all</a> &gt; 
<a href="../packages/org.drip.coverage.sequence.html">org.drip.coverage.sequence</a> &gt; Statistics</div>
<div id="summary">
<table>
<tr>
<td>
<div class="summaryGroup">
<table>
<tr>
<td>
<div class="infoBox" id="tests">
<div class="counter">1</div>
<p>tests</p>
</div>
</td>
<td>
<div class="infoBox" id="failures">
<div class="counter">0</div>
<p>failures</p>
</div>
</td>
<td>
<div class="infoBox" id="ignored">
<div class="counter">0</div>
<p>ignored</p>
</div>
</td>
<td>
<div class="infoBox" id="duration">
<div class="counter">9.591s</div>
<p>duration</p>
</div>
</td>
</tr>
</table>
</div>
</td>
<td>
<div class="infoBox success" id="successRate">
<div class="percent">100%</div>
<p>successful</p>
</div>
</td>
</tr>
</table>
</div>
<div id="tabs">
<ul class="tabLinks">
<li>
<a href="#tab0">Tests</a>
</li>
<li>
<a href="#tab1">Standard output</a>
</li>
</ul>
<div id="tab0" class="tab">
<h2>Tests</h2>
<table>
<thead>
<tr>
<th>Test</th>
<th>Duration</th>
<th>Result</th>
</tr>
</thead>
<tr>
<td class="success">codeCoverageTest</td>
<td>9.591s</td>
<td class="success">passed</td>
</tr>
</table>
</div>
<div id="tab1" class="tab">
<h2>Standard output</h2>
<span class="code">
<pre>
	|-----------------------------------------------------------------|
	|    Copyright (C) 2011-2019 (DRIP, DROP)
	|-----------------------------------------------------------------|
	|    Build Version  =&gt; 4.47.0 multi mode
	|    Build JVM (TM) =&gt; 1.8.0_112
	|    Build Snap     =&gt; Thu Nov 21 00:28:12 EST 2019
	|    Start Time     =&gt; Thu Nov 21 21:19:42 EST 2019
	|    Setup Time     =&gt; Thu Nov 21 21:19:42 EST 2019
	|    Setup Duration =&gt; 0 ms
	|-----------------------------------------------------------------|


	||-------------------------------------------||
	||                R^1 METRICS                ||
	||-------------------------------------------||
	||    L -&gt; R:                                ||
	||            - Mean                         ||
	||            - Error                        ||
	||            - Variance                     ||
	||            - Standard Deviation           ||
	||-------------------------------------------||
	|| -0.00176 |  0.79848 |  1.00124 |  1.00062 ||
	|| -0.00043 |  0.80415 |  1.01104 |  1.00550 ||
	|| -0.00120 |  0.79611 |  1.00147 |  1.00074 ||
	||  0.00097 |  0.79547 |  0.99497 |  0.99748 ||
	||  0.00069 |  0.79856 |  1.00061 |  1.00030 ||
	|| -0.00265 |  0.79886 |  0.99951 |  0.99976 ||
	|| -0.00309 |  0.79665 |  0.99889 |  0.99945 ||
	||  0.00137 |  0.79865 |  1.00254 |  1.00127 ||
	|| -0.00087 |  0.79963 |  1.00373 |  1.00186 ||
	||-------------------------------------------||

	||------------------------------------------------------------------------------------------||
	||                                     INPUT CORRELATION                                    ||
	||------------------------------------------------------------------------------------------||
	||  1.00000 | 0.16100 | 0.24500 | 0.35200 | 0.25900 | 0.16600 | 0.00300 | 0.03800 | 0.11400 ||
	||  0.16100 | 1.00000 | 0.00000 | 0.00000 | 0.00000 | 0.00000 | 0.00000 | 0.00000 | 0.00000 ||
	||  0.24500 | 0.00000 | 1.00000 | 0.00000 | 0.00000 | 0.00000 | 0.00000 | 0.00000 | 0.00000 ||
	||  0.35200 | 0.00000 | 0.00000 | 1.00000 | 0.00000 | 0.00000 | 0.00000 | 0.00000 | 0.00000 ||
	||  0.25900 | 0.00000 | 0.00000 | 0.00000 | 1.00000 | 0.00000 | 0.00000 | 0.00000 | 0.00000 ||
	||  0.16600 | 0.00000 | 0.00000 | 0.00000 | 0.00000 | 1.00000 | 0.00000 | 0.00000 | 0.00000 ||
	||  0.00300 | 0.00000 | 0.00000 | 0.00000 | 0.00000 | 0.00000 | 1.00000 | 0.00000 | 0.00000 ||
	||  0.03800 | 0.00000 | 0.00000 | 0.00000 | 0.00000 | 0.00000 | 0.00000 | 1.00000 | 0.00000 ||
	||  0.11400 | 0.00000 | 0.00000 | 0.00000 | 0.00000 | 0.00000 | 0.00000 | 0.00000 | 1.00000 ||
	||------------------------------------------------------------------------------------------||

	||------------------------------------------------------------------------------------------||
	||                                    OUTPUT CORRELATION                                    ||
	||------------------------------------------------------------------------------------------||
	||  1.00000 | 0.15801 | 0.24839 | 0.34869 | 0.25268 | 0.17316 |-0.00606 | 0.03569 | 0.12101 ||
	||  0.15801 | 1.00000 |-0.00059 |-0.00864 |-0.00448 | 0.00304 |-0.00659 | 0.00145 | 0.00348 ||
	||  0.24839 |-0.00059 | 1.00000 |-0.00192 |-0.00249 | 0.00767 |-0.00044 | 0.00205 | 0.00013 ||
	||  0.34869 |-0.00864 |-0.00192 | 1.00000 |-0.00245 | 0.00095 | 0.00407 | 0.00324 | 0.01101 ||
	||  0.25268 |-0.00448 |-0.00249 |-0.00245 | 1.00000 | 0.00298 |-0.00360 |-0.00632 |-0.00020 ||
	||  0.17316 | 0.00304 | 0.00767 | 0.00095 | 0.00298 | 1.00000 |-0.00113 |-0.00313 | 0.00163 ||
	|| -0.00606 |-0.00659 |-0.00044 | 0.00407 |-0.00360 |-0.00113 | 1.00000 | 0.00462 | 0.00282 ||
	||  0.03569 | 0.00145 | 0.00205 | 0.00324 |-0.00632 |-0.00313 | 0.00462 | 1.00000 | 0.00225 ||
	||  0.12101 | 0.00348 | 0.00013 | 0.01101 |-0.00020 | 0.00163 | 0.00282 | 0.00225 | 1.00000 ||
	||------------------------------------------------------------------------------------------||

	||------------------------------------------------------------------------------------------||
	||                                    OUTPUT COVARIANCE                                     ||
	||------------------------------------------------------------------------------------------||
	||  1.00124 | 0.15898 | 0.24873 | 0.34802 | 0.25291 | 0.17323 |-0.00607 | 0.03576 | 0.12131 ||
	||  0.15898 | 1.01104 |-0.00059 |-0.00866 |-0.00451 | 0.00306 |-0.00662 | 0.00146 | 0.00351 ||
	||  0.24873 |-0.00059 | 1.00147 |-0.00192 |-0.00249 | 0.00767 |-0.00044 | 0.00206 | 0.00013 ||
	||  0.34802 |-0.00866 |-0.00192 | 0.99497 |-0.00244 | 0.00095 | 0.00406 | 0.00323 | 0.01100 ||
	||  0.25291 |-0.00451 |-0.00249 |-0.00244 | 1.00061 | 0.00298 |-0.00360 |-0.00633 |-0.00020 ||
	||  0.17323 | 0.00306 | 0.00767 | 0.00095 | 0.00298 | 0.99951 |-0.00113 |-0.00313 | 0.00163 ||
	|| -0.00607 |-0.00662 |-0.00044 | 0.00406 |-0.00360 |-0.00113 | 0.99889 | 0.00462 | 0.00283 ||
	||  0.03576 | 0.00146 | 0.00206 | 0.00323 |-0.00633 |-0.00313 | 0.00462 | 1.00254 | 0.00226 ||
	||  0.12131 | 0.00351 | 0.00013 | 0.01100 |-0.00020 | 0.00163 | 0.00283 | 0.00226 | 1.00373 ||
	||------------------------------------------------------------------------------------------||


	|-----------------------------------------------------------------|
	|    Copyright (C) 2011-2019 (DRIP, DROP)
	|-----------------------------------------------------------------|
	|    Build Version  =&gt; 4.47.0 multi mode
	|    Build JVM (TM) =&gt; 1.8.0_112
	|    Build Snap     =&gt; Thu Nov 21 00:28:12 EST 2019
	|    Start Time     =&gt; Thu Nov 21 21:19:45 EST 2019
	|    Setup Time     =&gt; Thu Nov 21 21:19:45 EST 2019
	|    Setup Duration =&gt; 0 ms
	|-----------------------------------------------------------------|


	||-------------------------------------------||
	||                R^1 METRICS                ||
	||-------------------------------------------||
	||    L -&gt; R:                                ||
	||            - Mean                         ||
	||            - Error                        ||
	||            - Variance                     ||
	||            - Standard Deviation           ||
	||-------------------------------------------||
	||  0.00419 |  0.79663 |  1.00111 |  1.00055 ||
	|| -0.00153 |  0.79981 |  1.00636 |  1.00318 ||
	||  0.00133 |  0.79875 |  1.00036 |  1.00018 ||
	||  0.00217 |  0.79752 |  1.00084 |  1.00042 ||
	|| -0.00521 |  0.79685 |  0.99547 |  0.99773 ||
	||  0.00697 |  0.80265 |  1.00899 |  1.00448 ||
	|| -0.00307 |  0.79793 |  0.99525 |  0.99762 ||
	||  0.00326 |  0.80133 |  1.00507 |  1.00253 ||
	||  0.00386 |  0.80158 |  1.00957 |  1.00478 ||
	||-------------------------------------------||

	||------------------------------------------------------------------------------------------||
	||                                     INPUT CORRELATION                                    ||
	||------------------------------------------------------------------------------------------||
	||  1.00000 | 0.16100 | 0.24500 | 0.35200 | 0.25900 | 0.16600 | 0.00300 | 0.03800 | 0.11400 ||
	||  0.16100 | 1.00000 | 0.00000 | 0.00000 | 0.00000 | 0.00000 | 0.00000 | 0.00000 | 0.00000 ||
	||  0.24500 | 0.00000 | 1.00000 | 0.00000 | 0.00000 | 0.00000 | 0.00000 | 0.00000 | 0.00000 ||
	||  0.35200 | 0.00000 | 0.00000 | 1.00000 | 0.00000 | 0.00000 | 0.00000 | 0.00000 | 0.00000 ||
	||  0.25900 | 0.00000 | 0.00000 | 0.00000 | 1.00000 | 0.00000 | 0.00000 | 0.00000 | 0.00000 ||
	||  0.16600 | 0.00000 | 0.00000 | 0.00000 | 0.00000 | 1.00000 | 0.00000 | 0.00000 | 0.00000 ||
	||  0.00300 | 0.00000 | 0.00000 | 0.00000 | 0.00000 | 0.00000 | 1.00000 | 0.00000 | 0.00000 ||
	||  0.03800 | 0.00000 | 0.00000 | 0.00000 | 0.00000 | 0.00000 | 0.00000 | 1.00000 | 0.00000 ||
	||  0.11400 | 0.00000 | 0.00000 | 0.00000 | 0.00000 | 0.00000 | 0.00000 | 0.00000 | 1.00000 ||
	||------------------------------------------------------------------------------------------||

	||------------------------------------------------------------------------------------------||
	||                                    OUTPUT CORRELATION                                    ||
	||------------------------------------------------------------------------------------------||
	||  1.00000 | 0.15851 | 0.24661 | 0.34907 | 0.25977 | 0.16303 | 0.00166 | 0.03275 | 0.10686 ||
	||  0.15851 | 1.00000 | 0.00639 | 0.00119 | 0.00049 | 0.00292 | 0.00174 | 0.00347 |-0.00241 ||
	||  0.24661 | 0.00639 | 1.00000 | 0.00455 | 0.00458 |-0.00550 | 0.00076 | 0.01223 |-0.00150 ||
	||  0.34907 | 0.00119 | 0.00455 | 1.00000 |-0.00348 | 0.00386 | 0.00049 |-0.00093 |-0.00395 ||
	||  0.25977 | 0.00049 | 0.00458 |-0.00348 | 1.00000 |-0.00445 |-0.00458 |-0.00027 | 0.00352 ||
	||  0.16303 | 0.00292 |-0.00550 | 0.00386 |-0.00445 | 1.00000 |-0.00744 |-0.00132 | 0.00031 ||
	||  0.00166 | 0.00174 | 0.00076 | 0.00049 |-0.00458 |-0.00744 | 1.00000 |-0.00642 | 0.00985 ||
	||  0.03275 | 0.00347 | 0.01223 |-0.00093 |-0.00027 |-0.00132 |-0.00642 | 1.00000 |-0.00171 ||
	||  0.10686 |-0.00241 |-0.00150 |-0.00395 | 0.00352 | 0.00031 | 0.00985 |-0.00171 | 1.00000 ||
	||------------------------------------------------------------------------------------------||

	||------------------------------------------------------------------------------------------||
	||                                    OUTPUT COVARIANCE                                     ||
	||------------------------------------------------------------------------------------------||
	||  1.00111 | 0.15910 | 0.24679 | 0.34941 | 0.25932 | 0.16385 | 0.00165 | 0.03285 | 0.10743 ||
	||  0.15910 | 1.00636 | 0.00641 | 0.00120 | 0.00049 | 0.00294 | 0.00174 | 0.00349 |-0.00243 ||
	||  0.24679 | 0.00641 | 1.00036 | 0.00455 | 0.00457 |-0.00552 | 0.00076 | 0.01226 |-0.00151 ||
	||  0.34941 | 0.00120 | 0.00455 | 1.00084 |-0.00347 | 0.00388 | 0.00049 |-0.00094 |-0.00397 ||
	||  0.25932 | 0.00049 | 0.00457 |-0.00347 | 0.99547 |-0.00446 |-0.00455 |-0.00027 | 0.00353 ||
	||  0.16385 | 0.00294 |-0.00552 | 0.00388 |-0.00446 | 1.00899 |-0.00745 |-0.00133 | 0.00031 ||
	||  0.00165 | 0.00174 | 0.00076 | 0.00049 |-0.00455 |-0.00745 | 0.99525 |-0.00642 | 0.00987 ||
	||  0.03285 | 0.00349 | 0.01226 |-0.00094 |-0.00027 |-0.00133 |-0.00642 | 1.00507 |-0.00172 ||
	||  0.10743 |-0.00243 |-0.00151 |-0.00397 | 0.00353 | 0.00031 | 0.00987 |-0.00172 | 1.00957 ||
	||------------------------------------------------------------------------------------------||


	|-----------------------------------------------------------------|
	|    Copyright (C) 2011-2019 (DRIP, DROP)
	|-----------------------------------------------------------------|
	|    Build Version  =&gt; 4.47.0 multi mode
	|    Build JVM (TM) =&gt; 1.8.0_112
	|    Build Snap     =&gt; Thu Nov 21 00:28:12 EST 2019
	|    Start Time     =&gt; Thu Nov 21 21:19:47 EST 2019
	|    Setup Time     =&gt; Thu Nov 21 21:19:47 EST 2019
	|    Setup Duration =&gt; 0 ms
	|-----------------------------------------------------------------|


	||-------------------------------------------||
	||                R^1 METRICS                ||
	||-------------------------------------------||
	||    L -&gt; R:                                ||
	||            - Mean                         ||
	||            - Error                        ||
	||            - Variance                     ||
	||            - Standard Deviation           ||
	||-------------------------------------------||
	||  0.00293 |  0.79869 |  0.99999 |  1.00000 ||
	|| -0.00243 |  0.79797 |  0.99999 |  1.00000 ||
	|| -0.00132 |  0.79800 |  1.00000 |  1.00000 ||
	||  0.00250 |  0.79848 |  0.99999 |  1.00000 ||
	||  0.00956 |  0.79732 |  0.99991 |  0.99995 ||
	||  0.00440 |  0.79809 |  0.99998 |  0.99999 ||
	|| -0.00092 |  0.79810 |  1.00000 |  1.00000 ||
	|| -0.00193 |  0.79836 |  1.00000 |  1.00000 ||
	|| -0.00963 |  0.79807 |  0.99991 |  0.99995 ||
	||-------------------------------------------||

	||------------------------------------------------------------------------------------------||
	||                                     INPUT CORRELATION                                    ||
	||------------------------------------------------------------------------------------------||
	||  1.00000 | 0.16100 | 0.24500 | 0.35200 | 0.25900 | 0.16600 | 0.00300 | 0.03800 | 0.11400 ||
	||  0.16100 | 1.00000 | 0.00000 | 0.00000 | 0.00000 | 0.00000 | 0.00000 | 0.00000 | 0.00000 ||
	||  0.24500 | 0.00000 | 1.00000 | 0.00000 | 0.00000 | 0.00000 | 0.00000 | 0.00000 | 0.00000 ||
	||  0.35200 | 0.00000 | 0.00000 | 1.00000 | 0.00000 | 0.00000 | 0.00000 | 0.00000 | 0.00000 ||
	||  0.25900 | 0.00000 | 0.00000 | 0.00000 | 1.00000 | 0.00000 | 0.00000 | 0.00000 | 0.00000 ||
	||  0.16600 | 0.00000 | 0.00000 | 0.00000 | 0.00000 | 1.00000 | 0.00000 | 0.00000 | 0.00000 ||
	||  0.00300 | 0.00000 | 0.00000 | 0.00000 | 0.00000 | 0.00000 | 1.00000 | 0.00000 | 0.00000 ||
	||  0.03800 | 0.00000 | 0.00000 | 0.00000 | 0.00000 | 0.00000 | 0.00000 | 1.00000 | 0.00000 ||
	||  0.11400 | 0.00000 | 0.00000 | 0.00000 | 0.00000 | 0.00000 | 0.00000 | 0.00000 | 1.00000 ||
	||------------------------------------------------------------------------------------------||

	||------------------------------------------------------------------------------------------||
	||                                    OUTPUT CORRELATION                                    ||
	||------------------------------------------------------------------------------------------||
	||  1.00000 | 0.16829 | 0.24992 | 0.35429 | 0.25425 | 0.16463 | 0.00564 | 0.03689 | 0.11061 ||
	||  0.16829 | 1.00000 | 0.00096 | 0.00532 | 0.00240 | 0.00216 |-0.00400 | 0.00243 | 0.00112 ||
	||  0.24992 | 0.00096 | 1.00000 |-0.00173 |-0.00193 | 0.00531 |-0.00477 | 0.00405 |-0.01051 ||
	||  0.35429 | 0.00532 |-0.00173 | 1.00000 | 0.00408 |-0.00536 | 0.00862 |-0.00271 |-0.00211 ||
	||  0.25425 | 0.00240 |-0.00193 | 0.00408 | 1.00000 |-0.00298 | 0.00654 |-0.00149 |-0.00561 ||
	||  0.16463 | 0.00216 | 0.00531 |-0.00536 |-0.00298 | 1.00000 | 0.00113 |-0.00273 | 0.00463 ||
	||  0.00564 |-0.00400 |-0.00477 | 0.00862 | 0.00654 | 0.00113 | 1.00000 | 0.00342 | 0.00020 ||
	||  0.03689 | 0.00243 | 0.00405 |-0.00271 |-0.00149 |-0.00273 | 0.00342 | 1.00000 |-0.00133 ||
	||  0.11061 | 0.00112 |-0.01051 |-0.00211 |-0.00561 | 0.00463 | 0.00020 |-0.00133 | 1.00000 ||
	||------------------------------------------------------------------------------------------||

	||------------------------------------------------------------------------------------------||
	||                                    OUTPUT COVARIANCE                                     ||
	||------------------------------------------------------------------------------------------||
	||  0.99999 | 0.16829 | 0.24992 | 0.35429 | 0.25424 | 0.16462 | 0.00564 | 0.03689 | 0.11061 ||
	||  0.16829 | 0.99999 | 0.00096 | 0.00532 | 0.00240 | 0.00216 |-0.00400 | 0.00243 | 0.00112 ||
	||  0.24992 | 0.00096 | 1.00000 |-0.00173 |-0.00193 | 0.00531 |-0.00477 | 0.00405 |-0.01051 ||
	||  0.35429 | 0.00532 |-0.00173 | 0.99999 | 0.00408 |-0.00536 | 0.00862 |-0.00271 |-0.00211 ||
	||  0.25424 | 0.00240 |-0.00193 | 0.00408 | 0.99991 |-0.00298 | 0.00654 |-0.00149 |-0.00561 ||
	||  0.16462 | 0.00216 | 0.00531 |-0.00536 |-0.00298 | 0.99998 | 0.00113 |-0.00273 | 0.00463 ||
	||  0.00564 |-0.00400 |-0.00477 | 0.00862 | 0.00654 | 0.00113 | 1.00000 | 0.00342 | 0.00020 ||
	||  0.03689 | 0.00243 | 0.00405 |-0.00271 |-0.00149 |-0.00273 | 0.00342 | 1.00000 |-0.00133 ||
	||  0.11061 | 0.00112 |-0.01051 |-0.00211 |-0.00561 | 0.00463 | 0.00020 |-0.00133 | 0.99991 ||
	||------------------------------------------------------------------------------------------||


	|-----------------------------------------------------------------|
	|    Copyright (C) 2011-2019 (DRIP, DROP)
	|-----------------------------------------------------------------|
	|    Build Version  =&gt; 4.47.0 multi mode
	|    Build JVM (TM) =&gt; 1.8.0_112
	|    Build Snap     =&gt; Thu Nov 21 00:28:12 EST 2019
	|    Start Time     =&gt; Thu Nov 21 21:19:50 EST 2019
	|    Setup Time     =&gt; Thu Nov 21 21:19:50 EST 2019
	|    Setup Duration =&gt; 0 ms
	|-----------------------------------------------------------------|


	||-------------------------------------------||
	||                R^1 METRICS                ||
	||-------------------------------------------||
	||    L -&gt; R:                                ||
	||            - Mean                         ||
	||            - Error                        ||
	||            - Variance                     ||
	||            - Standard Deviation           ||
	||-------------------------------------------||
	||  0.00398 |  0.79637 |  0.99996 |  0.99998 ||
	|| -0.00325 |  0.79740 |  0.99997 |  0.99998 ||
	||  0.00165 |  0.79795 |  0.99998 |  0.99999 ||
	|| -0.00485 |  0.79874 |  0.99996 |  0.99998 ||
	||  0.00896 |  0.79761 |  0.99990 |  0.99995 ||
	||  0.00740 |  0.79930 |  0.99993 |  0.99996 ||
	||  0.00149 |  0.79718 |  0.99998 |  0.99999 ||
	|| -0.00291 |  0.79689 |  0.99997 |  0.99999 ||
	||  0.00406 |  0.79815 |  0.99996 |  0.99998 ||
	||-------------------------------------------||

	||------------------------------------------------------------------------------------------||
	||                                     INPUT CORRELATION                                    ||
	||------------------------------------------------------------------------------------------||
	||  1.00000 | 0.16100 | 0.24500 | 0.35200 | 0.25900 | 0.16600 | 0.00300 | 0.03800 | 0.11400 ||
	||  0.16100 | 1.00000 | 0.00000 | 0.00000 | 0.00000 | 0.00000 | 0.00000 | 0.00000 | 0.00000 ||
	||  0.24500 | 0.00000 | 1.00000 | 0.00000 | 0.00000 | 0.00000 | 0.00000 | 0.00000 | 0.00000 ||
	||  0.35200 | 0.00000 | 0.00000 | 1.00000 | 0.00000 | 0.00000 | 0.00000 | 0.00000 | 0.00000 ||
	||  0.25900 | 0.00000 | 0.00000 | 0.00000 | 1.00000 | 0.00000 | 0.00000 | 0.00000 | 0.00000 ||
	||  0.16600 | 0.00000 | 0.00000 | 0.00000 | 0.00000 | 1.00000 | 0.00000 | 0.00000 | 0.00000 ||
	||  0.00300 | 0.00000 | 0.00000 | 0.00000 | 0.00000 | 0.00000 | 1.00000 | 0.00000 | 0.00000 ||
	||  0.03800 | 0.00000 | 0.00000 | 0.00000 | 0.00000 | 0.00000 | 0.00000 | 1.00000 | 0.00000 ||
	||  0.11400 | 0.00000 | 0.00000 | 0.00000 | 0.00000 | 0.00000 | 0.00000 | 0.00000 | 1.00000 ||
	||------------------------------------------------------------------------------------------||

	||------------------------------------------------------------------------------------------||
	||                                    OUTPUT CORRELATION                                    ||
	||------------------------------------------------------------------------------------------||
	||  1.00000 | 0.16348 | 0.25189 | 0.36184 | 0.25779 | 0.16449 |-0.00324 | 0.04128 | 0.10936 ||
	||  0.16348 | 1.00000 |-0.00247 |-0.00182 | 0.00900 |-0.00122 | 0.00236 |-0.00126 |-0.00076 ||
	||  0.25189 |-0.00247 | 1.00000 | 0.00382 |-0.00053 |-0.00419 |-0.00086 | 0.00715 |-0.00263 ||
	||  0.36184 |-0.00182 | 0.00382 | 1.00000 | 0.00123 | 0.00193 |-0.00102 |-0.00199 |-0.00368 ||
	||  0.25779 | 0.00900 |-0.00053 | 0.00123 | 1.00000 |-0.00146 |-0.00390 | 0.00456 |-0.00238 ||
	||  0.16449 |-0.00122 |-0.00419 | 0.00193 |-0.00146 | 1.00000 | 0.00149 |-0.00212 |-0.00191 ||
	|| -0.00324 | 0.00236 |-0.00086 |-0.00102 |-0.00390 | 0.00149 | 1.00000 |-0.00212 |-0.00094 ||
	||  0.04128 |-0.00126 | 0.00715 |-0.00199 | 0.00456 |-0.00212 |-0.00212 | 1.00000 |-0.00638 ||
	||  0.10936 |-0.00076 |-0.00263 |-0.00368 |-0.00238 |-0.00191 |-0.00094 |-0.00638 | 1.00000 ||
	||------------------------------------------------------------------------------------------||

	||------------------------------------------------------------------------------------------||
	||                                    OUTPUT COVARIANCE                                     ||
	||------------------------------------------------------------------------------------------||
	||  0.99996 | 0.16347 | 0.25189 | 0.36182 | 0.25777 | 0.16448 |-0.00324 | 0.04128 | 0.10936 ||
	||  0.16347 | 0.99997 |-0.00247 |-0.00182 | 0.00900 |-0.00122 | 0.00236 |-0.00126 |-0.00076 ||
	||  0.25189 |-0.00247 | 0.99998 | 0.00382 |-0.00053 |-0.00419 |-0.00086 | 0.00715 |-0.00263 ||
	||  0.36182 |-0.00182 | 0.00382 | 0.99996 | 0.00123 | 0.00193 |-0.00102 |-0.00199 |-0.00368 ||
	||  0.25777 | 0.00900 |-0.00053 | 0.00123 | 0.99990 |-0.00146 |-0.00390 | 0.00456 |-0.00238 ||
	||  0.16448 |-0.00122 |-0.00419 | 0.00193 |-0.00146 | 0.99993 | 0.00149 |-0.00212 |-0.00191 ||
	|| -0.00324 | 0.00236 |-0.00086 |-0.00102 |-0.00390 | 0.00149 | 0.99998 |-0.00212 |-0.00094 ||
	||  0.04128 |-0.00126 | 0.00715 |-0.00199 | 0.00456 |-0.00212 |-0.00212 | 0.99997 |-0.00638 ||
	||  0.10936 |-0.00076 |-0.00263 |-0.00368 |-0.00238 |-0.00191 |-0.00094 |-0.00638 | 0.99996 ||
	||------------------------------------------------------------------------------------------||

</pre>
</span>
</div>
</div>
<div id="footer">
<p>
<div>
<label class="hidden" id="label-for-line-wrapping-toggle" for="line-wrapping-toggle">Wrap lines
<input id="line-wrapping-toggle" type="checkbox" autocomplete="off"/>
</label>
</div>Generated by 
<a href="http://www.gradle.org">Gradle 3.5</a> at Nov 21, 2019 9:46:24 PM</p>
</div>
</div>
</body>
</html>
