<!DOCTYPE html>
<html>
<head>
<meta http-equiv="Content-Type" content="text/html; charset=utf-8"/>
<meta http-equiv="x-ua-compatible" content="IE=edge"/>
<title>Test results - Class org.drip.coverage.sequence.Statistics</title>
<link href="../css/base-style.css" rel="stylesheet" type="text/css"/>
<link href="../css/style.css" rel="stylesheet" type="text/css"/>
<script src="../js/report.js" type="text/javascript"></script>
</head>
<body>
<div id="content">
<h1>Class org.drip.coverage.sequence.Statistics</h1>
<div class="breadcrumbs">
<a href="../index.html">all</a> &gt; 
<a href="../packages/org.drip.coverage.sequence.html">org.drip.coverage.sequence</a> &gt; Statistics</div>
<div id="summary">
<table>
<tr>
<td>
<div class="summaryGroup">
<table>
<tr>
<td>
<div class="infoBox" id="tests">
<div class="counter">1</div>
<p>tests</p>
</div>
</td>
<td>
<div class="infoBox" id="failures">
<div class="counter">0</div>
<p>failures</p>
</div>
</td>
<td>
<div class="infoBox" id="ignored">
<div class="counter">0</div>
<p>ignored</p>
</div>
</td>
<td>
<div class="infoBox" id="duration">
<div class="counter">9.451s</div>
<p>duration</p>
</div>
</td>
</tr>
</table>
</div>
</td>
<td>
<div class="infoBox success" id="successRate">
<div class="percent">100%</div>
<p>successful</p>
</div>
</td>
</tr>
</table>
</div>
<div id="tabs">
<ul class="tabLinks">
<li>
<a href="#tab0">Tests</a>
</li>
<li>
<a href="#tab1">Standard output</a>
</li>
</ul>
<div id="tab0" class="tab">
<h2>Tests</h2>
<table>
<thead>
<tr>
<th>Test</th>
<th>Duration</th>
<th>Result</th>
</tr>
</thead>
<tr>
<td class="success">codeCoverageTest</td>
<td>9.451s</td>
<td class="success">passed</td>
</tr>
</table>
</div>
<div id="tab1" class="tab">
<h2>Standard output</h2>
<span class="code">
<pre>
	|-----------------------------------------------------------------|
	|    Copyright (C) 2011-2019 (DRIP, DROP)
	|-----------------------------------------------------------------|
	|    Build Version  =&gt; 3.95.0 multi mode
	|    Build JVM (TM) =&gt; 1.8.0_112
	|    Build Snap     =&gt; Wed Dec 19 15:54:46 EST 2018
	|    Start Time     =&gt; Wed Dec 19 22:08:29 EST 2018
	|    Setup Time     =&gt; Wed Dec 19 22:08:29 EST 2018
	|    Setup Duration =&gt; 0 ms
	|-----------------------------------------------------------------|


	||-------------------------------------------||
	||                R^1 METRICS                ||
	||-------------------------------------------||
	||    L -&gt; R:                                ||
	||            - Mean                         ||
	||            - Error                        ||
	||            - Variance                     ||
	||            - Standard Deviation           ||
	||-------------------------------------------||
	||  0.00099 |  0.80079 |  1.00300 |  1.00150 ||
	||  0.00587 |  0.79995 |  1.00525 |  1.00262 ||
	|| -0.00826 |  0.80178 |  1.00970 |  1.00484 ||
	||  0.00932 |  0.80280 |  1.01099 |  1.00548 ||
	||  0.00572 |  0.79859 |  1.00427 |  1.00213 ||
	||  0.00199 |  0.79830 |  1.00285 |  1.00143 ||
	||  0.00471 |  0.79534 |  0.99520 |  0.99760 ||
	||  0.00060 |  0.79813 |  1.00013 |  1.00007 ||
	||  0.00402 |  0.79600 |  0.99512 |  0.99756 ||
	||-------------------------------------------||

	||------------------------------------------------------------------------------------------||
	||                                     INPUT CORRELATION                                    ||
	||------------------------------------------------------------------------------------------||
	||  1.00000 | 0.16100 | 0.24500 | 0.35200 | 0.25900 | 0.16600 | 0.00300 | 0.03800 | 0.11400 ||
	||  0.16100 | 1.00000 | 0.00000 | 0.00000 | 0.00000 | 0.00000 | 0.00000 | 0.00000 | 0.00000 ||
	||  0.24500 | 0.00000 | 1.00000 | 0.00000 | 0.00000 | 0.00000 | 0.00000 | 0.00000 | 0.00000 ||
	||  0.35200 | 0.00000 | 0.00000 | 1.00000 | 0.00000 | 0.00000 | 0.00000 | 0.00000 | 0.00000 ||
	||  0.25900 | 0.00000 | 0.00000 | 0.00000 | 1.00000 | 0.00000 | 0.00000 | 0.00000 | 0.00000 ||
	||  0.16600 | 0.00000 | 0.00000 | 0.00000 | 0.00000 | 1.00000 | 0.00000 | 0.00000 | 0.00000 ||
	||  0.00300 | 0.00000 | 0.00000 | 0.00000 | 0.00000 | 0.00000 | 1.00000 | 0.00000 | 0.00000 ||
	||  0.03800 | 0.00000 | 0.00000 | 0.00000 | 0.00000 | 0.00000 | 0.00000 | 1.00000 | 0.00000 ||
	||  0.11400 | 0.00000 | 0.00000 | 0.00000 | 0.00000 | 0.00000 | 0.00000 | 0.00000 | 1.00000 ||
	||------------------------------------------------------------------------------------------||

	||------------------------------------------------------------------------------------------||
	||                                    OUTPUT CORRELATION                                    ||
	||------------------------------------------------------------------------------------------||
	||  1.00000 | 0.16017 | 0.24572 | 0.35583 | 0.25491 | 0.16241 | 0.00316 | 0.04261 | 0.11670 ||
	||  0.16017 | 1.00000 |-0.00356 | 0.00061 |-0.00287 | 0.00803 | 0.00139 | 0.00354 |-0.00025 ||
	||  0.24572 |-0.00356 | 1.00000 |-0.00224 | 0.00065 | 0.00360 |-0.00282 | 0.00019 | 0.00100 ||
	||  0.35583 | 0.00061 |-0.00224 | 1.00000 | 0.00231 |-0.00587 |-0.00158 |-0.00670 |-0.00146 ||
	||  0.25491 |-0.00287 | 0.00065 | 0.00231 | 1.00000 |-0.00415 | 0.01302 | 0.00803 | 0.00261 ||
	||  0.16241 | 0.00803 | 0.00360 |-0.00587 |-0.00415 | 1.00000 | 0.00437 | 0.00686 |-0.00413 ||
	||  0.00316 | 0.00139 |-0.00282 |-0.00158 | 0.01302 | 0.00437 | 1.00000 | 0.00371 | 0.00103 ||
	||  0.04261 | 0.00354 | 0.00019 |-0.00670 | 0.00803 | 0.00686 | 0.00371 | 1.00000 |-0.00098 ||
	||  0.11670 |-0.00025 | 0.00100 |-0.00146 | 0.00261 |-0.00413 | 0.00103 |-0.00098 | 1.00000 ||
	||------------------------------------------------------------------------------------------||

	||------------------------------------------------------------------------------------------||
	||                                    OUTPUT COVARIANCE                                     ||
	||------------------------------------------------------------------------------------------||
	||  1.00300 | 0.16083 | 0.24728 | 0.35832 | 0.25584 | 0.16289 | 0.00315 | 0.04268 | 0.11659 ||
	||  0.16083 | 1.00525 |-0.00358 | 0.00062 |-0.00288 | 0.00806 | 0.00139 | 0.00355 |-0.00025 ||
	||  0.24728 |-0.00358 | 1.00970 |-0.00226 | 0.00066 | 0.00363 |-0.00283 | 0.00019 | 0.00100 ||
	||  0.35832 | 0.00062 |-0.00226 | 1.01099 | 0.00233 |-0.00591 |-0.00159 |-0.00674 |-0.00146 ||
	||  0.25584 |-0.00288 | 0.00066 | 0.00233 | 1.00427 |-0.00417 | 0.01302 | 0.00805 | 0.00261 ||
	||  0.16289 | 0.00806 | 0.00363 |-0.00591 |-0.00417 | 1.00285 | 0.00436 | 0.00687 |-0.00412 ||
	||  0.00315 | 0.00139 |-0.00283 |-0.00159 | 0.01302 | 0.00436 | 0.99520 | 0.00370 | 0.00103 ||
	||  0.04268 | 0.00355 | 0.00019 |-0.00674 | 0.00805 | 0.00687 | 0.00370 | 1.00013 |-0.00098 ||
	||  0.11659 |-0.00025 | 0.00100 |-0.00146 | 0.00261 |-0.00412 | 0.00103 |-0.00098 | 0.99512 ||
	||------------------------------------------------------------------------------------------||


	|-----------------------------------------------------------------|
	|    Copyright (C) 2011-2019 (DRIP, DROP)
	|-----------------------------------------------------------------|
	|    Build Version  =&gt; 3.95.0 multi mode
	|    Build JVM (TM) =&gt; 1.8.0_112
	|    Build Snap     =&gt; Wed Dec 19 15:54:46 EST 2018
	|    Start Time     =&gt; Wed Dec 19 22:08:31 EST 2018
	|    Setup Time     =&gt; Wed Dec 19 22:08:31 EST 2018
	|    Setup Duration =&gt; 0 ms
	|-----------------------------------------------------------------|


	||-------------------------------------------||
	||                R^1 METRICS                ||
	||-------------------------------------------||
	||    L -&gt; R:                                ||
	||            - Mean                         ||
	||            - Error                        ||
	||            - Variance                     ||
	||            - Standard Deviation           ||
	||-------------------------------------------||
	|| -0.00389 |  0.79575 |  0.99266 |  0.99632 ||
	||  0.00150 |  0.80031 |  1.00759 |  1.00379 ||
	|| -0.00160 |  0.79620 |  0.99784 |  0.99892 ||
	||  0.00156 |  0.80218 |  1.00967 |  1.00482 ||
	||  0.00279 |  0.80300 |  1.01494 |  1.00744 ||
	|| -0.00201 |  0.79850 |  1.00150 |  1.00075 ||
	|| -0.00251 |  0.79998 |  1.00761 |  1.00380 ||
	|| -0.00682 |  0.79723 |  1.00156 |  1.00078 ||
	|| -0.00933 |  0.80086 |  1.00848 |  1.00423 ||
	||-------------------------------------------||

	||------------------------------------------------------------------------------------------||
	||                                     INPUT CORRELATION                                    ||
	||------------------------------------------------------------------------------------------||
	||  1.00000 | 0.16100 | 0.24500 | 0.35200 | 0.25900 | 0.16600 | 0.00300 | 0.03800 | 0.11400 ||
	||  0.16100 | 1.00000 | 0.00000 | 0.00000 | 0.00000 | 0.00000 | 0.00000 | 0.00000 | 0.00000 ||
	||  0.24500 | 0.00000 | 1.00000 | 0.00000 | 0.00000 | 0.00000 | 0.00000 | 0.00000 | 0.00000 ||
	||  0.35200 | 0.00000 | 0.00000 | 1.00000 | 0.00000 | 0.00000 | 0.00000 | 0.00000 | 0.00000 ||
	||  0.25900 | 0.00000 | 0.00000 | 0.00000 | 1.00000 | 0.00000 | 0.00000 | 0.00000 | 0.00000 ||
	||  0.16600 | 0.00000 | 0.00000 | 0.00000 | 0.00000 | 1.00000 | 0.00000 | 0.00000 | 0.00000 ||
	||  0.00300 | 0.00000 | 0.00000 | 0.00000 | 0.00000 | 0.00000 | 1.00000 | 0.00000 | 0.00000 ||
	||  0.03800 | 0.00000 | 0.00000 | 0.00000 | 0.00000 | 0.00000 | 0.00000 | 1.00000 | 0.00000 ||
	||  0.11400 | 0.00000 | 0.00000 | 0.00000 | 0.00000 | 0.00000 | 0.00000 | 0.00000 | 1.00000 ||
	||------------------------------------------------------------------------------------------||

	||------------------------------------------------------------------------------------------||
	||                                    OUTPUT CORRELATION                                    ||
	||------------------------------------------------------------------------------------------||
	||  1.00000 | 0.15811 | 0.24633 | 0.35231 | 0.25520 | 0.16767 | 0.00573 | 0.03113 | 0.11911 ||
	||  0.15811 | 1.00000 | 0.00411 | 0.00509 |-0.00217 |-0.00813 | 0.00574 | 0.00318 | 0.00140 ||
	||  0.24633 | 0.00411 | 1.00000 | 0.00930 |-0.00269 | 0.00057 | 0.00004 |-0.00648 |-0.00069 ||
	||  0.35231 | 0.00509 | 0.00930 | 1.00000 |-0.00276 | 0.00032 | 0.00160 |-0.00576 | 0.00391 ||
	||  0.25520 |-0.00217 |-0.00269 |-0.00276 | 1.00000 |-0.00815 |-0.00338 | 0.00083 |-0.00365 ||
	||  0.16767 |-0.00813 | 0.00057 | 0.00032 |-0.00815 | 1.00000 | 0.00823 |-0.00261 | 0.00070 ||
	||  0.00573 | 0.00574 | 0.00004 | 0.00160 |-0.00338 | 0.00823 | 1.00000 |-0.00318 | 0.00178 ||
	||  0.03113 | 0.00318 |-0.00648 |-0.00576 | 0.00083 |-0.00261 |-0.00318 | 1.00000 |-0.00736 ||
	||  0.11911 | 0.00140 |-0.00069 | 0.00391 |-0.00365 | 0.00070 | 0.00178 |-0.00736 | 1.00000 ||
	||------------------------------------------------------------------------------------------||

	||------------------------------------------------------------------------------------------||
	||                                    OUTPUT COVARIANCE                                     ||
	||------------------------------------------------------------------------------------------||
	||  0.99266 | 0.15813 | 0.24516 | 0.35270 | 0.25616 | 0.16718 | 0.00573 | 0.03104 | 0.11918 ||
	||  0.15813 | 1.00759 | 0.00412 | 0.00513 |-0.00220 |-0.00817 | 0.00579 | 0.00319 | 0.00141 ||
	||  0.24516 | 0.00412 | 0.99784 | 0.00934 |-0.00271 | 0.00057 | 0.00004 |-0.00648 |-0.00069 ||
	||  0.35270 | 0.00513 | 0.00934 | 1.00967 |-0.00280 | 0.00032 | 0.00162 |-0.00579 | 0.00394 ||
	||  0.25616 |-0.00220 |-0.00271 |-0.00280 | 1.01494 |-0.00822 |-0.00342 | 0.00084 |-0.00369 ||
	||  0.16718 |-0.00817 | 0.00057 | 0.00032 |-0.00822 | 1.00150 | 0.00827 |-0.00261 | 0.00071 ||
	||  0.00573 | 0.00579 | 0.00004 | 0.00162 |-0.00342 | 0.00827 | 1.00761 |-0.00319 | 0.00179 ||
	||  0.03104 | 0.00319 |-0.00648 |-0.00579 | 0.00084 |-0.00261 |-0.00319 | 1.00156 |-0.00740 ||
	||  0.11918 | 0.00141 |-0.00069 | 0.00394 |-0.00369 | 0.00071 | 0.00179 |-0.00740 | 1.00848 ||
	||------------------------------------------------------------------------------------------||


	|-----------------------------------------------------------------|
	|    Copyright (C) 2011-2019 (DRIP, DROP)
	|-----------------------------------------------------------------|
	|    Build Version  =&gt; 3.95.0 multi mode
	|    Build JVM (TM) =&gt; 1.8.0_112
	|    Build Snap     =&gt; Wed Dec 19 15:54:46 EST 2018
	|    Start Time     =&gt; Wed Dec 19 22:08:34 EST 2018
	|    Setup Time     =&gt; Wed Dec 19 22:08:34 EST 2018
	|    Setup Duration =&gt; 0 ms
	|-----------------------------------------------------------------|


	||-------------------------------------------||
	||                R^1 METRICS                ||
	||-------------------------------------------||
	||    L -&gt; R:                                ||
	||            - Mean                         ||
	||            - Error                        ||
	||            - Variance                     ||
	||            - Standard Deviation           ||
	||-------------------------------------------||
	||  0.00141 |  0.79859 |  1.00000 |  1.00000 ||
	|| -0.00593 |  0.79838 |  0.99996 |  0.99998 ||
	|| -0.00212 |  0.79647 |  1.00000 |  1.00000 ||
	||  0.00405 |  0.79821 |  0.99998 |  0.99999 ||
	|| -0.00253 |  0.79721 |  0.99999 |  1.00000 ||
	|| -0.00951 |  0.79749 |  0.99991 |  0.99995 ||
	|| -0.00095 |  0.79816 |  1.00000 |  1.00000 ||
	||  0.00562 |  0.79908 |  0.99997 |  0.99998 ||
	||  0.00080 |  0.79936 |  1.00000 |  1.00000 ||
	||-------------------------------------------||

	||------------------------------------------------------------------------------------------||
	||                                     INPUT CORRELATION                                    ||
	||------------------------------------------------------------------------------------------||
	||  1.00000 | 0.16100 | 0.24500 | 0.35200 | 0.25900 | 0.16600 | 0.00300 | 0.03800 | 0.11400 ||
	||  0.16100 | 1.00000 | 0.00000 | 0.00000 | 0.00000 | 0.00000 | 0.00000 | 0.00000 | 0.00000 ||
	||  0.24500 | 0.00000 | 1.00000 | 0.00000 | 0.00000 | 0.00000 | 0.00000 | 0.00000 | 0.00000 ||
	||  0.35200 | 0.00000 | 0.00000 | 1.00000 | 0.00000 | 0.00000 | 0.00000 | 0.00000 | 0.00000 ||
	||  0.25900 | 0.00000 | 0.00000 | 0.00000 | 1.00000 | 0.00000 | 0.00000 | 0.00000 | 0.00000 ||
	||  0.16600 | 0.00000 | 0.00000 | 0.00000 | 0.00000 | 1.00000 | 0.00000 | 0.00000 | 0.00000 ||
	||  0.00300 | 0.00000 | 0.00000 | 0.00000 | 0.00000 | 0.00000 | 1.00000 | 0.00000 | 0.00000 ||
	||  0.03800 | 0.00000 | 0.00000 | 0.00000 | 0.00000 | 0.00000 | 0.00000 | 1.00000 | 0.00000 ||
	||  0.11400 | 0.00000 | 0.00000 | 0.00000 | 0.00000 | 0.00000 | 0.00000 | 0.00000 | 1.00000 ||
	||------------------------------------------------------------------------------------------||

	||------------------------------------------------------------------------------------------||
	||                                    OUTPUT CORRELATION                                    ||
	||------------------------------------------------------------------------------------------||
	||  1.00000 | 0.16352 | 0.25042 | 0.35636 | 0.26471 | 0.16114 | 0.00838 | 0.03869 | 0.11321 ||
	||  0.16352 | 1.00000 | 0.00174 |-0.00032 | 0.00491 |-0.00254 | 0.00622 |-0.00009 | 0.00146 ||
	||  0.25042 | 0.00174 | 1.00000 | 0.00901 | 0.00355 | 0.00058 | 0.00364 | 0.00006 | 0.00507 ||
	||  0.35636 |-0.00032 | 0.00901 | 1.00000 | 0.00682 | 0.00290 |-0.00268 |-0.00016 |-0.00179 ||
	||  0.26471 | 0.00491 | 0.00355 | 0.00682 | 1.00000 |-0.00118 |-0.00113 |-0.00526 | 0.00417 ||
	||  0.16114 |-0.00254 | 0.00058 | 0.00290 |-0.00118 | 1.00000 | 0.00185 |-0.00417 |-0.00156 ||
	||  0.00838 | 0.00622 | 0.00364 |-0.00268 |-0.00113 | 0.00185 | 1.00000 | 0.00053 | 0.00111 ||
	||  0.03869 |-0.00009 | 0.00006 |-0.00016 |-0.00526 |-0.00417 | 0.00053 | 1.00000 |-0.00473 ||
	||  0.11321 | 0.00146 | 0.00507 |-0.00179 | 0.00417 |-0.00156 | 0.00111 |-0.00473 | 1.00000 ||
	||------------------------------------------------------------------------------------------||

	||------------------------------------------------------------------------------------------||
	||                                    OUTPUT COVARIANCE                                     ||
	||------------------------------------------------------------------------------------------||
	||  1.00000 | 0.16351 | 0.25042 | 0.35635 | 0.26471 | 0.16113 | 0.00838 | 0.03869 | 0.11321 ||
	||  0.16351 | 0.99996 | 0.00174 |-0.00032 | 0.00491 |-0.00254 | 0.00622 |-0.00009 | 0.00146 ||
	||  0.25042 | 0.00174 | 1.00000 | 0.00901 | 0.00355 | 0.00058 | 0.00364 | 0.00006 | 0.00507 ||
	||  0.35635 |-0.00032 | 0.00901 | 0.99998 | 0.00682 | 0.00290 |-0.00268 |-0.00016 |-0.00179 ||
	||  0.26471 | 0.00491 | 0.00355 | 0.00682 | 0.99999 |-0.00118 |-0.00113 |-0.00526 | 0.00417 ||
	||  0.16113 |-0.00254 | 0.00058 | 0.00290 |-0.00118 | 0.99991 | 0.00185 |-0.00417 |-0.00156 ||
	||  0.00838 | 0.00622 | 0.00364 |-0.00268 |-0.00113 | 0.00185 | 1.00000 | 0.00053 | 0.00111 ||
	||  0.03869 |-0.00009 | 0.00006 |-0.00016 |-0.00526 |-0.00417 | 0.00053 | 0.99997 |-0.00473 ||
	||  0.11321 | 0.00146 | 0.00507 |-0.00179 | 0.00417 |-0.00156 | 0.00111 |-0.00473 | 1.00000 ||
	||------------------------------------------------------------------------------------------||


	|-----------------------------------------------------------------|
	|    Copyright (C) 2011-2019 (DRIP, DROP)
	|-----------------------------------------------------------------|
	|    Build Version  =&gt; 3.95.0 multi mode
	|    Build JVM (TM) =&gt; 1.8.0_112
	|    Build Snap     =&gt; Wed Dec 19 15:54:46 EST 2018
	|    Start Time     =&gt; Wed Dec 19 22:08:36 EST 2018
	|    Setup Time     =&gt; Wed Dec 19 22:08:36 EST 2018
	|    Setup Duration =&gt; 0 ms
	|-----------------------------------------------------------------|


	||-------------------------------------------||
	||                R^1 METRICS                ||
	||-------------------------------------------||
	||    L -&gt; R:                                ||
	||            - Mean                         ||
	||            - Error                        ||
	||            - Variance                     ||
	||            - Standard Deviation           ||
	||-------------------------------------------||
	||  0.00667 |  0.79693 |  0.99994 |  0.99997 ||
	|| -0.00109 |  0.79748 |  0.99998 |  0.99999 ||
	|| -0.00169 |  0.79750 |  0.99998 |  0.99999 ||
	||  0.00978 |  0.79847 |  0.99988 |  0.99994 ||
	|| -0.00245 |  0.79852 |  0.99997 |  0.99999 ||
	|| -0.00005 |  0.79801 |  0.99998 |  0.99999 ||
	||  0.00523 |  0.79728 |  0.99995 |  0.99998 ||
	||  0.00047 |  0.79763 |  0.99998 |  0.99999 ||
	||  0.00605 |  0.79878 |  0.99994 |  0.99997 ||
	||-------------------------------------------||

	||------------------------------------------------------------------------------------------||
	||                                     INPUT CORRELATION                                    ||
	||------------------------------------------------------------------------------------------||
	||  1.00000 | 0.16100 | 0.24500 | 0.35200 | 0.25900 | 0.16600 | 0.00300 | 0.03800 | 0.11400 ||
	||  0.16100 | 1.00000 | 0.00000 | 0.00000 | 0.00000 | 0.00000 | 0.00000 | 0.00000 | 0.00000 ||
	||  0.24500 | 0.00000 | 1.00000 | 0.00000 | 0.00000 | 0.00000 | 0.00000 | 0.00000 | 0.00000 ||
	||  0.35200 | 0.00000 | 0.00000 | 1.00000 | 0.00000 | 0.00000 | 0.00000 | 0.00000 | 0.00000 ||
	||  0.25900 | 0.00000 | 0.00000 | 0.00000 | 1.00000 | 0.00000 | 0.00000 | 0.00000 | 0.00000 ||
	||  0.16600 | 0.00000 | 0.00000 | 0.00000 | 0.00000 | 1.00000 | 0.00000 | 0.00000 | 0.00000 ||
	||  0.00300 | 0.00000 | 0.00000 | 0.00000 | 0.00000 | 0.00000 | 1.00000 | 0.00000 | 0.00000 ||
	||  0.03800 | 0.00000 | 0.00000 | 0.00000 | 0.00000 | 0.00000 | 0.00000 | 1.00000 | 0.00000 ||
	||  0.11400 | 0.00000 | 0.00000 | 0.00000 | 0.00000 | 0.00000 | 0.00000 | 0.00000 | 1.00000 ||
	||------------------------------------------------------------------------------------------||

	||------------------------------------------------------------------------------------------||
	||                                    OUTPUT CORRELATION                                    ||
	||------------------------------------------------------------------------------------------||
	||  1.00000 | 0.16587 | 0.24875 | 0.35479 | 0.25759 | 0.16213 | 0.00088 | 0.04062 | 0.10880 ||
	||  0.16587 | 1.00000 | 0.00249 | 0.00299 | 0.00309 | 0.00223 |-0.00393 | 0.00165 | 0.00415 ||
	||  0.24875 | 0.00249 | 1.00000 | 0.00094 |-0.00162 |-0.00376 | 0.00213 |-0.00527 |-0.00215 ||
	||  0.35479 | 0.00299 | 0.00094 | 1.00000 |-0.00517 |-0.00003 | 0.00206 | 0.00113 | 0.00680 ||
	||  0.25759 | 0.00309 |-0.00162 |-0.00517 | 1.00000 | 0.00142 |-0.00131 |-0.00324 |-0.00393 ||
	||  0.16213 | 0.00223 |-0.00376 |-0.00003 | 0.00142 | 1.00000 |-0.00280 | 0.00207 | 0.00481 ||
	||  0.00088 |-0.00393 | 0.00213 | 0.00206 |-0.00131 |-0.00280 | 1.00000 | 0.00445 | 0.00324 ||
	||  0.04062 | 0.00165 |-0.00527 | 0.00113 |-0.00324 | 0.00207 | 0.00445 | 1.00000 | 0.00671 ||
	||  0.10880 | 0.00415 |-0.00215 | 0.00680 |-0.00393 | 0.00481 | 0.00324 | 0.00671 | 1.00000 ||
	||------------------------------------------------------------------------------------------||

	||------------------------------------------------------------------------------------------||
	||                                    OUTPUT COVARIANCE                                     ||
	||------------------------------------------------------------------------------------------||
	||  0.99994 | 0.16586 | 0.24874 | 0.35476 | 0.25757 | 0.16212 | 0.00088 | 0.04062 | 0.10879 ||
	||  0.16586 | 0.99998 | 0.00249 | 0.00299 | 0.00309 | 0.00223 |-0.00393 | 0.00165 | 0.00415 ||
	||  0.24874 | 0.00249 | 0.99998 | 0.00094 |-0.00162 |-0.00376 | 0.00213 |-0.00527 |-0.00215 ||
	||  0.35476 | 0.00299 | 0.00094 | 0.99988 |-0.00517 |-0.00003 | 0.00206 | 0.00113 | 0.00680 ||
	||  0.25757 | 0.00309 |-0.00162 |-0.00517 | 0.99997 | 0.00142 |-0.00131 |-0.00324 |-0.00393 ||
	||  0.16212 | 0.00223 |-0.00376 |-0.00003 | 0.00142 | 0.99998 |-0.00280 | 0.00207 | 0.00481 ||
	||  0.00088 |-0.00393 | 0.00213 | 0.00206 |-0.00131 |-0.00280 | 0.99995 | 0.00445 | 0.00324 ||
	||  0.04062 | 0.00165 |-0.00527 | 0.00113 |-0.00324 | 0.00207 | 0.00445 | 0.99998 | 0.00671 ||
	||  0.10879 | 0.00415 |-0.00215 | 0.00680 |-0.00393 | 0.00481 | 0.00324 | 0.00671 | 0.99994 ||
	||------------------------------------------------------------------------------------------||

</pre>
</span>
</div>
</div>
<div id="footer">
<p>
<div>
<label class="hidden" id="label-for-line-wrapping-toggle" for="line-wrapping-toggle">Wrap lines
<input id="line-wrapping-toggle" type="checkbox" autocomplete="off"/>
</label>
</div>Generated by 
<a href="http://www.gradle.org">Gradle 3.5</a> at Dec 19, 2018 10:34:31 PM</p>
</div>
</div>
</body>
</html>
