<!DOCTYPE html>
<html>
<head>
<meta http-equiv="Content-Type" content="text/html; charset=utf-8"/>
<meta http-equiv="x-ua-compatible" content="IE=edge"/>
<title>Test results - Class org.drip.coverage.sequence.Statistics</title>
<link href="../css/base-style.css" rel="stylesheet" type="text/css"/>
<link href="../css/style.css" rel="stylesheet" type="text/css"/>
<script src="../js/report.js" type="text/javascript"></script>
</head>
<body>
<div id="content">
<h1>Class org.drip.coverage.sequence.Statistics</h1>
<div class="breadcrumbs">
<a href="../index.html">all</a> &gt; 
<a href="../packages/org.drip.coverage.sequence.html">org.drip.coverage.sequence</a> &gt; Statistics</div>
<div id="summary">
<table>
<tr>
<td>
<div class="summaryGroup">
<table>
<tr>
<td>
<div class="infoBox" id="tests">
<div class="counter">1</div>
<p>tests</p>
</div>
</td>
<td>
<div class="infoBox" id="failures">
<div class="counter">0</div>
<p>failures</p>
</div>
</td>
<td>
<div class="infoBox" id="ignored">
<div class="counter">0</div>
<p>ignored</p>
</div>
</td>
<td>
<div class="infoBox" id="duration">
<div class="counter">19.909s</div>
<p>duration</p>
</div>
</td>
</tr>
</table>
</div>
</td>
<td>
<div class="infoBox success" id="successRate">
<div class="percent">100%</div>
<p>successful</p>
</div>
</td>
</tr>
</table>
</div>
<div id="tabs">
<ul class="tabLinks">
<li>
<a href="#tab0">Tests</a>
</li>
<li>
<a href="#tab1">Standard output</a>
</li>
</ul>
<div id="tab0" class="tab">
<h2>Tests</h2>
<table>
<thead>
<tr>
<th>Test</th>
<th>Duration</th>
<th>Result</th>
</tr>
</thead>
<tr>
<td class="success">codeCoverageTest</td>
<td>19.909s</td>
<td class="success">passed</td>
</tr>
</table>
</div>
<div id="tab1" class="tab">
<h2>Standard output</h2>
<span class="code">
<pre>
	|-----------------------------------------------------------------|
	|    Copyright (C) 2011-2018 (DRIP)
	|-----------------------------------------------------------------|
	|    Build Version  =&gt; 3.26.0 multi mode
	|    Build JVM (TM) =&gt; 1.8.0_112
	|    Build Snap     =&gt; Mon Jan 08 18:01:41 EST 2017
	|    Start Time     =&gt; Mon Jan 08 19:43:31 EST 2018
	|    Setup Time     =&gt; Mon Jan 08 19:43:31 EST 2018
	|    Setup Duration =&gt; 0 ms
	|-----------------------------------------------------------------|


	||-------------------------------------------||
	||                R^1 METRICS                ||
	||-------------------------------------------||
	||    L -&gt; R:                                ||
	||            - Mean                         ||
	||            - Error                        ||
	||            - Variance                     ||
	||            - Standard Deviation           ||
	||-------------------------------------------||
	|| -0.00615 |  0.79785 |  1.00213 |  1.00107 ||
	|| -0.00443 |  0.79482 |  0.98982 |  0.99490 ||
	|| -0.00519 |  0.79470 |  0.98832 |  0.99414 ||
	|| -0.00486 |  0.80057 |  1.00692 |  1.00346 ||
	|| -0.00060 |  0.80045 |  1.00585 |  1.00292 ||
	|| -0.00003 |  0.79726 |  1.00091 |  1.00045 ||
	|| -0.00294 |  0.79915 |  1.00270 |  1.00135 ||
	|| -0.00184 |  0.79688 |  0.99989 |  0.99995 ||
	|| -0.00087 |  0.79647 |  0.99209 |  0.99603 ||
	||-------------------------------------------||

	||------------------------------------------------------------------------------------------||
	||                                     INPUT CORRELATION                                    ||
	||------------------------------------------------------------------------------------------||
	||  1.00000 | 0.16100 | 0.24500 | 0.35200 | 0.25900 | 0.16600 | 0.00300 | 0.03800 | 0.11400 ||
	||  0.16100 | 1.00000 | 0.00000 | 0.00000 | 0.00000 | 0.00000 | 0.00000 | 0.00000 | 0.00000 ||
	||  0.24500 | 0.00000 | 1.00000 | 0.00000 | 0.00000 | 0.00000 | 0.00000 | 0.00000 | 0.00000 ||
	||  0.35200 | 0.00000 | 0.00000 | 1.00000 | 0.00000 | 0.00000 | 0.00000 | 0.00000 | 0.00000 ||
	||  0.25900 | 0.00000 | 0.00000 | 0.00000 | 1.00000 | 0.00000 | 0.00000 | 0.00000 | 0.00000 ||
	||  0.16600 | 0.00000 | 0.00000 | 0.00000 | 0.00000 | 1.00000 | 0.00000 | 0.00000 | 0.00000 ||
	||  0.00300 | 0.00000 | 0.00000 | 0.00000 | 0.00000 | 0.00000 | 1.00000 | 0.00000 | 0.00000 ||
	||  0.03800 | 0.00000 | 0.00000 | 0.00000 | 0.00000 | 0.00000 | 0.00000 | 1.00000 | 0.00000 ||
	||  0.11400 | 0.00000 | 0.00000 | 0.00000 | 0.00000 | 0.00000 | 0.00000 | 0.00000 | 1.00000 ||
	||------------------------------------------------------------------------------------------||

	||------------------------------------------------------------------------------------------||
	||                                    OUTPUT CORRELATION                                    ||
	||------------------------------------------------------------------------------------------||
	||  1.00000 | 0.15586 | 0.24650 | 0.35569 | 0.26321 | 0.16052 | 0.00400 | 0.04360 | 0.11290 ||
	||  0.15586 | 1.00000 |-0.00504 | 0.00255 | 0.00394 | 0.00285 |-0.00199 | 0.00206 | 0.00681 ||
	||  0.24650 |-0.00504 | 1.00000 |-0.00137 | 0.00739 | 0.01011 | 0.00093 | 0.00213 | 0.00166 ||
	||  0.35569 | 0.00255 |-0.00137 | 1.00000 | 0.00764 |-0.00501 |-0.00205 | 0.01062 | 0.00193 ||
	||  0.26321 | 0.00394 | 0.00739 | 0.00764 | 1.00000 | 0.00189 |-0.00804 | 0.00081 | 0.00260 ||
	||  0.16052 | 0.00285 | 0.01011 |-0.00501 | 0.00189 | 1.00000 |-0.00074 | 0.00250 | 0.00192 ||
	||  0.00400 |-0.00199 | 0.00093 |-0.00205 |-0.00804 |-0.00074 | 1.00000 | 0.00177 | 0.00153 ||
	||  0.04360 | 0.00206 | 0.00213 | 0.01062 | 0.00081 | 0.00250 | 0.00177 | 1.00000 | 0.00197 ||
	||  0.11290 | 0.00681 | 0.00166 | 0.00193 | 0.00260 | 0.00192 | 0.00153 | 0.00197 | 1.00000 ||
	||------------------------------------------------------------------------------------------||

	||------------------------------------------------------------------------------------------||
	||                                    OUTPUT COVARIANCE                                     ||
	||------------------------------------------------------------------------------------------||
	||  1.00213 | 0.15523 | 0.24531 | 0.35730 | 0.26426 | 0.16076 | 0.00401 | 0.04364 | 0.11257 ||
	||  0.15523 | 0.98982 |-0.00498 | 0.00254 | 0.00393 | 0.00284 |-0.00199 | 0.00205 | 0.00674 ||
	||  0.24531 |-0.00498 | 0.98832 |-0.00137 | 0.00737 | 0.01006 | 0.00093 | 0.00212 | 0.00164 ||
	||  0.35730 | 0.00254 |-0.00137 | 1.00692 | 0.00769 |-0.00503 |-0.00206 | 0.01066 | 0.00193 ||
	||  0.26426 | 0.00393 | 0.00737 | 0.00769 | 1.00585 | 0.00189 |-0.00808 | 0.00081 | 0.00260 ||
	||  0.16076 | 0.00284 | 0.01006 |-0.00503 | 0.00189 | 1.00091 |-0.00074 | 0.00250 | 0.00191 ||
	||  0.00401 |-0.00199 | 0.00093 |-0.00206 |-0.00808 |-0.00074 | 1.00270 | 0.00177 | 0.00153 ||
	||  0.04364 | 0.00205 | 0.00212 | 0.01066 | 0.00081 | 0.00250 | 0.00177 | 0.99989 | 0.00196 ||
	||  0.11257 | 0.00674 | 0.00164 | 0.00193 | 0.00260 | 0.00191 | 0.00153 | 0.00196 | 0.99209 ||
	||------------------------------------------------------------------------------------------||


	|-----------------------------------------------------------------|
	|    Copyright (C) 2011-2018 (DRIP)
	|-----------------------------------------------------------------|
	|    Build Version  =&gt; 3.26.0 multi mode
	|    Build JVM (TM) =&gt; 1.8.0_112
	|    Build Snap     =&gt; Mon Jan 08 18:01:41 EST 2017
	|    Start Time     =&gt; Mon Jan 08 19:43:36 EST 2018
	|    Setup Time     =&gt; Mon Jan 08 19:43:36 EST 2018
	|    Setup Duration =&gt; 0 ms
	|-----------------------------------------------------------------|


	||-------------------------------------------||
	||                R^1 METRICS                ||
	||-------------------------------------------||
	||    L -&gt; R:                                ||
	||            - Mean                         ||
	||            - Error                        ||
	||            - Variance                     ||
	||            - Standard Deviation           ||
	||-------------------------------------------||
	|| -0.00002 |  0.79777 |  1.00343 |  1.00171 ||
	||  0.00145 |  0.79905 |  1.00499 |  1.00249 ||
	|| -0.00098 |  0.79938 |  1.00079 |  1.00040 ||
	||  0.00637 |  0.79685 |  0.99592 |  0.99796 ||
	|| -0.00089 |  0.79786 |  1.00021 |  1.00010 ||
	|| -0.00166 |  0.80026 |  1.00271 |  1.00135 ||
	||  0.00439 |  0.79450 |  0.99272 |  0.99636 ||
	|| -0.01269 |  0.79855 |  1.00126 |  1.00063 ||
	||  0.00260 |  0.79754 |  0.99688 |  0.99844 ||
	||-------------------------------------------||

	||------------------------------------------------------------------------------------------||
	||                                     INPUT CORRELATION                                    ||
	||------------------------------------------------------------------------------------------||
	||  1.00000 | 0.16100 | 0.24500 | 0.35200 | 0.25900 | 0.16600 | 0.00300 | 0.03800 | 0.11400 ||
	||  0.16100 | 1.00000 | 0.00000 | 0.00000 | 0.00000 | 0.00000 | 0.00000 | 0.00000 | 0.00000 ||
	||  0.24500 | 0.00000 | 1.00000 | 0.00000 | 0.00000 | 0.00000 | 0.00000 | 0.00000 | 0.00000 ||
	||  0.35200 | 0.00000 | 0.00000 | 1.00000 | 0.00000 | 0.00000 | 0.00000 | 0.00000 | 0.00000 ||
	||  0.25900 | 0.00000 | 0.00000 | 0.00000 | 1.00000 | 0.00000 | 0.00000 | 0.00000 | 0.00000 ||
	||  0.16600 | 0.00000 | 0.00000 | 0.00000 | 0.00000 | 1.00000 | 0.00000 | 0.00000 | 0.00000 ||
	||  0.00300 | 0.00000 | 0.00000 | 0.00000 | 0.00000 | 0.00000 | 1.00000 | 0.00000 | 0.00000 ||
	||  0.03800 | 0.00000 | 0.00000 | 0.00000 | 0.00000 | 0.00000 | 0.00000 | 1.00000 | 0.00000 ||
	||  0.11400 | 0.00000 | 0.00000 | 0.00000 | 0.00000 | 0.00000 | 0.00000 | 0.00000 | 1.00000 ||
	||------------------------------------------------------------------------------------------||

	||------------------------------------------------------------------------------------------||
	||                                    OUTPUT CORRELATION                                    ||
	||------------------------------------------------------------------------------------------||
	||  1.00000 | 0.16081 | 0.24375 | 0.34248 | 0.26513 | 0.16435 | 0.00662 | 0.04274 | 0.11330 ||
	||  0.16081 | 1.00000 |-0.00032 |-0.00380 | 0.00132 |-0.00208 |-0.00290 | 0.00167 | 0.00653 ||
	||  0.24375 |-0.00032 | 1.00000 | 0.00028 |-0.00396 |-0.00377 | 0.00698 | 0.00505 |-0.00299 ||
	||  0.34248 |-0.00380 | 0.00028 | 1.00000 | 0.00303 |-0.00025 | 0.00433 |-0.00374 |-0.00217 ||
	||  0.26513 | 0.00132 |-0.00396 | 0.00303 | 1.00000 | 0.00436 |-0.00574 | 0.00779 |-0.00662 ||
	||  0.16435 |-0.00208 |-0.00377 |-0.00025 | 0.00436 | 1.00000 | 0.00117 |-0.00331 | 0.00471 ||
	||  0.00662 |-0.00290 | 0.00698 | 0.00433 |-0.00574 | 0.00117 | 1.00000 | 0.00356 | 0.00231 ||
	||  0.04274 | 0.00167 | 0.00505 |-0.00374 | 0.00779 |-0.00331 | 0.00356 | 1.00000 | 0.00440 ||
	||  0.11330 | 0.00653 |-0.00299 |-0.00217 |-0.00662 | 0.00471 | 0.00231 | 0.00440 | 1.00000 ||
	||------------------------------------------------------------------------------------------||

	||------------------------------------------------------------------------------------------||
	||                                    OUTPUT COVARIANCE                                     ||
	||------------------------------------------------------------------------------------------||
	||  1.00343 | 0.16148 | 0.24427 | 0.34237 | 0.26561 | 0.16486 | 0.00661 | 0.04284 | 0.11332 ||
	||  0.16148 | 1.00499 |-0.00032 |-0.00381 | 0.00132 |-0.00209 |-0.00290 | 0.00167 | 0.00653 ||
	||  0.24427 |-0.00032 | 1.00079 | 0.00028 |-0.00396 |-0.00377 | 0.00696 | 0.00506 |-0.00299 ||
	||  0.34237 |-0.00381 | 0.00028 | 0.99592 | 0.00303 |-0.00025 | 0.00431 |-0.00374 |-0.00217 ||
	||  0.26561 | 0.00132 |-0.00396 | 0.00303 | 1.00021 | 0.00437 |-0.00572 | 0.00779 |-0.00661 ||
	||  0.16486 |-0.00209 |-0.00377 |-0.00025 | 0.00437 | 1.00271 | 0.00116 |-0.00332 | 0.00471 ||
	||  0.00661 |-0.00290 | 0.00696 | 0.00431 |-0.00572 | 0.00116 | 0.99272 | 0.00355 | 0.00230 ||
	||  0.04284 | 0.00167 | 0.00506 |-0.00374 | 0.00779 |-0.00332 | 0.00355 | 1.00126 | 0.00439 ||
	||  0.11332 | 0.00653 |-0.00299 |-0.00217 |-0.00661 | 0.00471 | 0.00230 | 0.00439 | 0.99688 ||
	||------------------------------------------------------------------------------------------||


	|-----------------------------------------------------------------|
	|    Copyright (C) 2011-2018 (DRIP)
	|-----------------------------------------------------------------|
	|    Build Version  =&gt; 3.26.0 multi mode
	|    Build JVM (TM) =&gt; 1.8.0_112
	|    Build Snap     =&gt; Mon Jan 08 18:01:41 EST 2017
	|    Start Time     =&gt; Mon Jan 08 19:43:41 EST 2018
	|    Setup Time     =&gt; Mon Jan 08 19:43:41 EST 2018
	|    Setup Duration =&gt; 0 ms
	|-----------------------------------------------------------------|


	||-------------------------------------------||
	||                R^1 METRICS                ||
	||-------------------------------------------||
	||    L -&gt; R:                                ||
	||            - Mean                         ||
	||            - Error                        ||
	||            - Variance                     ||
	||            - Standard Deviation           ||
	||-------------------------------------------||
	||  0.00071 |  0.79956 |  1.00000 |  1.00000 ||
	|| -0.00301 |  0.79904 |  0.99999 |  1.00000 ||
	|| -0.00270 |  0.79829 |  0.99999 |  1.00000 ||
	|| -0.00261 |  0.79802 |  0.99999 |  1.00000 ||
	|| -0.00024 |  0.79745 |  1.00000 |  1.00000 ||
	|| -0.00335 |  0.79821 |  0.99999 |  0.99999 ||
	|| -0.00277 |  0.80003 |  0.99999 |  1.00000 ||
	|| -0.00399 |  0.79916 |  0.99998 |  0.99999 ||
	||  0.00502 |  0.79721 |  0.99997 |  0.99999 ||
	||-------------------------------------------||

	||------------------------------------------------------------------------------------------||
	||                                     INPUT CORRELATION                                    ||
	||------------------------------------------------------------------------------------------||
	||  1.00000 | 0.16100 | 0.24500 | 0.35200 | 0.25900 | 0.16600 | 0.00300 | 0.03800 | 0.11400 ||
	||  0.16100 | 1.00000 | 0.00000 | 0.00000 | 0.00000 | 0.00000 | 0.00000 | 0.00000 | 0.00000 ||
	||  0.24500 | 0.00000 | 1.00000 | 0.00000 | 0.00000 | 0.00000 | 0.00000 | 0.00000 | 0.00000 ||
	||  0.35200 | 0.00000 | 0.00000 | 1.00000 | 0.00000 | 0.00000 | 0.00000 | 0.00000 | 0.00000 ||
	||  0.25900 | 0.00000 | 0.00000 | 0.00000 | 1.00000 | 0.00000 | 0.00000 | 0.00000 | 0.00000 ||
	||  0.16600 | 0.00000 | 0.00000 | 0.00000 | 0.00000 | 1.00000 | 0.00000 | 0.00000 | 0.00000 ||
	||  0.00300 | 0.00000 | 0.00000 | 0.00000 | 0.00000 | 0.00000 | 1.00000 | 0.00000 | 0.00000 ||
	||  0.03800 | 0.00000 | 0.00000 | 0.00000 | 0.00000 | 0.00000 | 0.00000 | 1.00000 | 0.00000 ||
	||  0.11400 | 0.00000 | 0.00000 | 0.00000 | 0.00000 | 0.00000 | 0.00000 | 0.00000 | 1.00000 ||
	||------------------------------------------------------------------------------------------||

	||------------------------------------------------------------------------------------------||
	||                                    OUTPUT CORRELATION                                    ||
	||------------------------------------------------------------------------------------------||
	||  1.00000 | 0.16184 | 0.24548 | 0.35318 | 0.26077 | 0.16458 | 0.01040 | 0.04098 | 0.11877 ||
	||  0.16184 | 1.00000 | 0.00357 | 0.00405 | 0.00454 |-0.00071 | 0.00505 |-0.00398 | 0.01119 ||
	||  0.24548 | 0.00357 | 1.00000 |-0.00194 | 0.00509 |-0.00118 |-0.00094 |-0.00407 |-0.00381 ||
	||  0.35318 | 0.00405 |-0.00194 | 1.00000 |-0.00009 |-0.00056 |-0.00099 |-0.00039 | 0.00730 ||
	||  0.26077 | 0.00454 | 0.00509 |-0.00009 | 1.00000 | 0.00093 |-0.00270 | 0.01011 | 0.00062 ||
	||  0.16458 |-0.00071 |-0.00118 |-0.00056 | 0.00093 | 1.00000 | 0.00209 | 0.00096 |-0.00075 ||
	||  0.01040 | 0.00505 |-0.00094 |-0.00099 |-0.00270 | 0.00209 | 1.00000 |-0.00404 | 0.00089 ||
	||  0.04098 |-0.00398 |-0.00407 |-0.00039 | 0.01011 | 0.00096 |-0.00404 | 1.00000 |-0.00493 ||
	||  0.11877 | 0.01119 |-0.00381 | 0.00730 | 0.00062 |-0.00075 | 0.00089 |-0.00493 | 1.00000 ||
	||------------------------------------------------------------------------------------------||

	||------------------------------------------------------------------------------------------||
	||                                    OUTPUT COVARIANCE                                     ||
	||------------------------------------------------------------------------------------------||
	||  1.00000 | 0.16184 | 0.24548 | 0.35318 | 0.26077 | 0.16458 | 0.01040 | 0.04098 | 0.11877 ||
	||  0.16184 | 0.99999 | 0.00357 | 0.00405 | 0.00454 |-0.00071 | 0.00505 |-0.00398 | 0.01119 ||
	||  0.24548 | 0.00357 | 0.99999 |-0.00194 | 0.00509 |-0.00118 |-0.00094 |-0.00407 |-0.00381 ||
	||  0.35318 | 0.00405 |-0.00194 | 0.99999 |-0.00009 |-0.00056 |-0.00099 |-0.00039 | 0.00730 ||
	||  0.26077 | 0.00454 | 0.00509 |-0.00009 | 1.00000 | 0.00093 |-0.00270 | 0.01011 | 0.00062 ||
	||  0.16458 |-0.00071 |-0.00118 |-0.00056 | 0.00093 | 0.99999 | 0.00209 | 0.00096 |-0.00075 ||
	||  0.01040 | 0.00505 |-0.00094 |-0.00099 |-0.00270 | 0.00209 | 0.99999 |-0.00404 | 0.00089 ||
	||  0.04098 |-0.00398 |-0.00407 |-0.00039 | 0.01011 | 0.00096 |-0.00404 | 0.99998 |-0.00492 ||
	||  0.11877 | 0.01119 |-0.00381 | 0.00730 | 0.00062 |-0.00075 | 0.00089 |-0.00492 | 0.99997 ||
	||------------------------------------------------------------------------------------------||


	|-----------------------------------------------------------------|
	|    Copyright (C) 2011-2018 (DRIP)
	|-----------------------------------------------------------------|
	|    Build Version  =&gt; 3.26.0 multi mode
	|    Build JVM (TM) =&gt; 1.8.0_112
	|    Build Snap     =&gt; Mon Jan 08 18:01:41 EST 2017
	|    Start Time     =&gt; Mon Jan 08 19:43:46 EST 2018
	|    Setup Time     =&gt; Mon Jan 08 19:43:46 EST 2018
	|    Setup Duration =&gt; 0 ms
	|-----------------------------------------------------------------|


	||-------------------------------------------||
	||                R^1 METRICS                ||
	||-------------------------------------------||
	||    L -&gt; R:                                ||
	||            - Mean                         ||
	||            - Error                        ||
	||            - Variance                     ||
	||            - Standard Deviation           ||
	||-------------------------------------------||
	|| -0.00018 |  0.79638 |  0.99998 |  0.99999 ||
	||  0.00027 |  0.79794 |  0.99998 |  0.99999 ||
	|| -0.00385 |  0.79893 |  0.99997 |  0.99998 ||
	|| -0.00402 |  0.79679 |  0.99996 |  0.99998 ||
	||  0.00675 |  0.79686 |  0.99993 |  0.99997 ||
	||  0.00512 |  0.79842 |  0.99995 |  0.99998 ||
	|| -0.00183 |  0.79654 |  0.99998 |  0.99999 ||
	|| -0.00326 |  0.79931 |  0.99997 |  0.99998 ||
	||  0.00247 |  0.79686 |  0.99997 |  0.99999 ||
	||-------------------------------------------||

	||------------------------------------------------------------------------------------------||
	||                                     INPUT CORRELATION                                    ||
	||------------------------------------------------------------------------------------------||
	||  1.00000 | 0.16100 | 0.24500 | 0.35200 | 0.25900 | 0.16600 | 0.00300 | 0.03800 | 0.11400 ||
	||  0.16100 | 1.00000 | 0.00000 | 0.00000 | 0.00000 | 0.00000 | 0.00000 | 0.00000 | 0.00000 ||
	||  0.24500 | 0.00000 | 1.00000 | 0.00000 | 0.00000 | 0.00000 | 0.00000 | 0.00000 | 0.00000 ||
	||  0.35200 | 0.00000 | 0.00000 | 1.00000 | 0.00000 | 0.00000 | 0.00000 | 0.00000 | 0.00000 ||
	||  0.25900 | 0.00000 | 0.00000 | 0.00000 | 1.00000 | 0.00000 | 0.00000 | 0.00000 | 0.00000 ||
	||  0.16600 | 0.00000 | 0.00000 | 0.00000 | 0.00000 | 1.00000 | 0.00000 | 0.00000 | 0.00000 ||
	||  0.00300 | 0.00000 | 0.00000 | 0.00000 | 0.00000 | 0.00000 | 1.00000 | 0.00000 | 0.00000 ||
	||  0.03800 | 0.00000 | 0.00000 | 0.00000 | 0.00000 | 0.00000 | 0.00000 | 1.00000 | 0.00000 ||
	||  0.11400 | 0.00000 | 0.00000 | 0.00000 | 0.00000 | 0.00000 | 0.00000 | 0.00000 | 1.00000 ||
	||------------------------------------------------------------------------------------------||

	||------------------------------------------------------------------------------------------||
	||                                    OUTPUT CORRELATION                                    ||
	||------------------------------------------------------------------------------------------||
	||  1.00000 | 0.16856 | 0.24473 | 0.35213 | 0.25943 | 0.16211 | 0.00316 | 0.04619 | 0.11586 ||
	||  0.16856 | 1.00000 | 0.00101 | 0.00728 | 0.00157 | 0.00952 |-0.00830 |-0.00024 | 0.00101 ||
	||  0.24473 | 0.00101 | 1.00000 |-0.00165 | 0.00069 |-0.00137 | 0.00004 |-0.00067 | 0.01163 ||
	||  0.35213 | 0.00728 |-0.00165 | 1.00000 | 0.00195 |-0.00051 |-0.00246 |-0.00243 |-0.00163 ||
	||  0.25943 | 0.00157 | 0.00069 | 0.00195 | 1.00000 |-0.00377 | 0.00588 | 0.00420 | 0.00406 ||
	||  0.16211 | 0.00952 |-0.00137 |-0.00051 |-0.00377 | 1.00000 | 0.00127 | 0.00592 | 0.00408 ||
	||  0.00316 |-0.00830 | 0.00004 |-0.00246 | 0.00588 | 0.00127 | 1.00000 |-0.00069 |-0.00552 ||
	||  0.04619 |-0.00024 |-0.00067 |-0.00243 | 0.00420 | 0.00592 |-0.00069 | 1.00000 |-0.00017 ||
	||  0.11586 | 0.00101 | 0.01163 |-0.00163 | 0.00406 | 0.00408 |-0.00552 |-0.00017 | 1.00000 ||
	||------------------------------------------------------------------------------------------||

	||------------------------------------------------------------------------------------------||
	||                                    OUTPUT COVARIANCE                                     ||
	||------------------------------------------------------------------------------------------||
	||  0.99998 | 0.16855 | 0.24472 | 0.35212 | 0.25942 | 0.16211 | 0.00316 | 0.04619 | 0.11586 ||
	||  0.16855 | 0.99998 | 0.00101 | 0.00728 | 0.00157 | 0.00952 |-0.00830 |-0.00024 | 0.00101 ||
	||  0.24472 | 0.00101 | 0.99997 |-0.00165 | 0.00069 |-0.00137 | 0.00004 |-0.00067 | 0.01163 ||
	||  0.35212 | 0.00728 |-0.00165 | 0.99996 | 0.00195 |-0.00051 |-0.00246 |-0.00243 |-0.00163 ||
	||  0.25942 | 0.00157 | 0.00069 | 0.00195 | 0.99993 |-0.00377 | 0.00588 | 0.00420 | 0.00406 ||
	||  0.16211 | 0.00952 |-0.00137 |-0.00051 |-0.00377 | 0.99995 | 0.00127 | 0.00592 | 0.00408 ||
	||  0.00316 |-0.00830 | 0.00004 |-0.00246 | 0.00588 | 0.00127 | 0.99998 |-0.00069 |-0.00552 ||
	||  0.04619 |-0.00024 |-0.00067 |-0.00243 | 0.00420 | 0.00592 |-0.00069 | 0.99997 |-0.00017 ||
	||  0.11586 | 0.00101 | 0.01163 |-0.00163 | 0.00406 | 0.00408 |-0.00552 |-0.00017 | 0.99997 ||
	||------------------------------------------------------------------------------------------||

</pre>
</span>
</div>
</div>
<div id="footer">
<p>
<div>
<label class="hidden" id="label-for-line-wrapping-toggle" for="line-wrapping-toggle">Wrap lines
<input id="line-wrapping-toggle" type="checkbox" autocomplete="off"/>
</label>
</div>Generated by 
<a href="http://www.gradle.org">Gradle 3.5</a> at Jan 8, 2018 9:26:20 PM</p>
</div>
</div>
</body>
</html>
