<!DOCTYPE html>
<html>
<head>
<meta http-equiv="Content-Type" content="text/html; charset=utf-8"/>
<meta http-equiv="x-ua-compatible" content="IE=edge"/>
<title>Test results - Class org.drip.coverage.sequence.Statistics</title>
<link href="../css/base-style.css" rel="stylesheet" type="text/css"/>
<link href="../css/style.css" rel="stylesheet" type="text/css"/>
<script src="../js/report.js" type="text/javascript"></script>
</head>
<body>
<div id="content">
<h1>Class org.drip.coverage.sequence.Statistics</h1>
<div class="breadcrumbs">
<a href="../index.html">all</a> &gt; 
<a href="../packages/org.drip.coverage.sequence.html">org.drip.coverage.sequence</a> &gt; Statistics</div>
<div id="summary">
<table>
<tr>
<td>
<div class="summaryGroup">
<table>
<tr>
<td>
<div class="infoBox" id="tests">
<div class="counter">1</div>
<p>tests</p>
</div>
</td>
<td>
<div class="infoBox" id="failures">
<div class="counter">0</div>
<p>failures</p>
</div>
</td>
<td>
<div class="infoBox" id="ignored">
<div class="counter">0</div>
<p>ignored</p>
</div>
</td>
<td>
<div class="infoBox" id="duration">
<div class="counter">10.341s</div>
<p>duration</p>
</div>
</td>
</tr>
</table>
</div>
</td>
<td>
<div class="infoBox success" id="successRate">
<div class="percent">100%</div>
<p>successful</p>
</div>
</td>
</tr>
</table>
</div>
<div id="tabs">
<ul class="tabLinks">
<li>
<a href="#tab0">Tests</a>
</li>
<li>
<a href="#tab1">Standard output</a>
</li>
</ul>
<div id="tab0" class="tab">
<h2>Tests</h2>
<table>
<thead>
<tr>
<th>Test</th>
<th>Duration</th>
<th>Result</th>
</tr>
</thead>
<tr>
<td class="success">codeCoverageTest</td>
<td>10.341s</td>
<td class="success">passed</td>
</tr>
</table>
</div>
<div id="tab1" class="tab">
<h2>Standard output</h2>
<span class="code">
<pre>
	|-----------------------------------------------------------------|
	|    Copyright (C) 2011-2019 (DRIP, DROP)
	|-----------------------------------------------------------------|
	|    Build Version  =&gt; 4.19.0 multi mode
	|    Build JVM (TM) =&gt; 1.8.0_112
	|    Build Snap     =&gt; Thu Jul 04 22:11:11 EST 2019
	|    Start Time     =&gt; Mon Oct 14 00:00:50 EDT 2019
	|    Setup Time     =&gt; Mon Oct 14 00:00:50 EDT 2019
	|    Setup Duration =&gt; 0 ms
	|-----------------------------------------------------------------|


	||-------------------------------------------||
	||                R^1 METRICS                ||
	||-------------------------------------------||
	||    L -&gt; R:                                ||
	||            - Mean                         ||
	||            - Error                        ||
	||            - Variance                     ||
	||            - Standard Deviation           ||
	||-------------------------------------------||
	||  0.00389 |  0.79910 |  1.00178 |  1.00089 ||
	|| -0.00060 |  0.79959 |  1.00403 |  1.00201 ||
	||  0.00813 |  0.80076 |  1.00520 |  1.00260 ||
	|| -0.00173 |  0.79692 |  0.99501 |  0.99750 ||
	||  0.00387 |  0.80254 |  1.01584 |  1.00789 ||
	||  0.00612 |  0.79672 |  0.99962 |  0.99981 ||
	||  0.00026 |  0.79859 |  1.00159 |  1.00079 ||
	||  0.00018 |  0.79281 |  0.98921 |  0.99459 ||
	||  0.00315 |  0.79787 |  0.99765 |  0.99883 ||
	||-------------------------------------------||

	||------------------------------------------------------------------------------------------||
	||                                     INPUT CORRELATION                                    ||
	||------------------------------------------------------------------------------------------||
	||  1.00000 | 0.16100 | 0.24500 | 0.35200 | 0.25900 | 0.16600 | 0.00300 | 0.03800 | 0.11400 ||
	||  0.16100 | 1.00000 | 0.00000 | 0.00000 | 0.00000 | 0.00000 | 0.00000 | 0.00000 | 0.00000 ||
	||  0.24500 | 0.00000 | 1.00000 | 0.00000 | 0.00000 | 0.00000 | 0.00000 | 0.00000 | 0.00000 ||
	||  0.35200 | 0.00000 | 0.00000 | 1.00000 | 0.00000 | 0.00000 | 0.00000 | 0.00000 | 0.00000 ||
	||  0.25900 | 0.00000 | 0.00000 | 0.00000 | 1.00000 | 0.00000 | 0.00000 | 0.00000 | 0.00000 ||
	||  0.16600 | 0.00000 | 0.00000 | 0.00000 | 0.00000 | 1.00000 | 0.00000 | 0.00000 | 0.00000 ||
	||  0.00300 | 0.00000 | 0.00000 | 0.00000 | 0.00000 | 0.00000 | 1.00000 | 0.00000 | 0.00000 ||
	||  0.03800 | 0.00000 | 0.00000 | 0.00000 | 0.00000 | 0.00000 | 0.00000 | 1.00000 | 0.00000 ||
	||  0.11400 | 0.00000 | 0.00000 | 0.00000 | 0.00000 | 0.00000 | 0.00000 | 0.00000 | 1.00000 ||
	||------------------------------------------------------------------------------------------||

	||------------------------------------------------------------------------------------------||
	||                                    OUTPUT CORRELATION                                    ||
	||------------------------------------------------------------------------------------------||
	||  1.00000 | 0.15946 | 0.25156 | 0.35359 | 0.26442 | 0.16408 | 0.00614 | 0.03686 | 0.10839 ||
	||  0.15946 | 1.00000 | 0.00068 | 0.00318 | 0.00426 |-0.00503 | 0.01073 | 0.00630 |-0.00472 ||
	||  0.25156 | 0.00068 | 1.00000 | 0.00301 | 0.00157 | 0.00130 | 0.00320 | 0.00327 | 0.00617 ||
	||  0.35359 | 0.00318 | 0.00301 | 1.00000 | 0.00423 | 0.00034 |-0.00289 | 0.00550 | 0.00480 ||
	||  0.26442 | 0.00426 | 0.00157 | 0.00423 | 1.00000 |-0.01048 | 0.00069 |-0.00254 |-0.00552 ||
	||  0.16408 |-0.00503 | 0.00130 | 0.00034 |-0.01048 | 1.00000 |-0.00210 | 0.00088 |-0.00382 ||
	||  0.00614 | 0.01073 | 0.00320 |-0.00289 | 0.00069 |-0.00210 | 1.00000 |-0.00132 | 0.00008 ||
	||  0.03686 | 0.00630 | 0.00327 | 0.00550 |-0.00254 | 0.00088 |-0.00132 | 1.00000 | 0.00292 ||
	||  0.10839 |-0.00472 | 0.00617 | 0.00480 |-0.00552 |-0.00382 | 0.00008 | 0.00292 | 1.00000 ||
	||------------------------------------------------------------------------------------------||

	||------------------------------------------------------------------------------------------||
	||                                    OUTPUT COVARIANCE                                     ||
	||------------------------------------------------------------------------------------------||
	||  1.00178 | 0.15992 | 0.25243 | 0.35302 | 0.26674 | 0.16420 | 0.00615 | 0.03669 | 0.10835 ||
	||  0.15992 | 1.00403 | 0.00068 | 0.00318 | 0.00430 |-0.00504 | 0.01076 | 0.00628 |-0.00473 ||
	||  0.25243 | 0.00068 | 1.00520 | 0.00301 | 0.00159 | 0.00130 | 0.00321 | 0.00326 | 0.00618 ||
	||  0.35302 | 0.00318 | 0.00301 | 0.99501 | 0.00425 | 0.00033 |-0.00288 | 0.00546 | 0.00478 ||
	||  0.26674 | 0.00430 | 0.00159 | 0.00425 | 1.01584 |-0.01056 | 0.00069 |-0.00255 |-0.00556 ||
	||  0.16420 |-0.00504 | 0.00130 | 0.00033 |-0.01056 | 0.99962 |-0.00210 | 0.00087 |-0.00382 ||
	||  0.00615 | 0.01076 | 0.00321 |-0.00288 | 0.00069 |-0.00210 | 1.00159 |-0.00131 | 0.00008 ||
	||  0.03669 | 0.00628 | 0.00326 | 0.00546 |-0.00255 | 0.00087 |-0.00131 | 0.98921 | 0.00291 ||
	||  0.10835 |-0.00473 | 0.00618 | 0.00478 |-0.00556 |-0.00382 | 0.00008 | 0.00291 | 0.99765 ||
	||------------------------------------------------------------------------------------------||


	|-----------------------------------------------------------------|
	|    Copyright (C) 2011-2019 (DRIP, DROP)
	|-----------------------------------------------------------------|
	|    Build Version  =&gt; 4.19.0 multi mode
	|    Build JVM (TM) =&gt; 1.8.0_112
	|    Build Snap     =&gt; Thu Jul 04 22:11:11 EST 2019
	|    Start Time     =&gt; Mon Oct 14 00:00:53 EDT 2019
	|    Setup Time     =&gt; Mon Oct 14 00:00:53 EDT 2019
	|    Setup Duration =&gt; 0 ms
	|-----------------------------------------------------------------|


	||-------------------------------------------||
	||                R^1 METRICS                ||
	||-------------------------------------------||
	||    L -&gt; R:                                ||
	||            - Mean                         ||
	||            - Error                        ||
	||            - Variance                     ||
	||            - Standard Deviation           ||
	||-------------------------------------------||
	|| -0.00027 |  0.79853 |  1.00204 |  1.00102 ||
	|| -0.00148 |  0.80224 |  1.00729 |  1.00364 ||
	||  0.00534 |  0.80058 |  1.00208 |  1.00104 ||
	||  0.00606 |  0.80041 |  1.00395 |  1.00197 ||
	|| -0.00703 |  0.79671 |  0.99947 |  0.99973 ||
	||  0.00215 |  0.79738 |  0.99867 |  0.99933 ||
	||  0.00443 |  0.79445 |  0.99334 |  0.99667 ||
	|| -0.00605 |  0.79801 |  0.99852 |  0.99926 ||
	||  0.00650 |  0.79572 |  0.99397 |  0.99698 ||
	||-------------------------------------------||

	||------------------------------------------------------------------------------------------||
	||                                     INPUT CORRELATION                                    ||
	||------------------------------------------------------------------------------------------||
	||  1.00000 | 0.16100 | 0.24500 | 0.35200 | 0.25900 | 0.16600 | 0.00300 | 0.03800 | 0.11400 ||
	||  0.16100 | 1.00000 | 0.00000 | 0.00000 | 0.00000 | 0.00000 | 0.00000 | 0.00000 | 0.00000 ||
	||  0.24500 | 0.00000 | 1.00000 | 0.00000 | 0.00000 | 0.00000 | 0.00000 | 0.00000 | 0.00000 ||
	||  0.35200 | 0.00000 | 0.00000 | 1.00000 | 0.00000 | 0.00000 | 0.00000 | 0.00000 | 0.00000 ||
	||  0.25900 | 0.00000 | 0.00000 | 0.00000 | 1.00000 | 0.00000 | 0.00000 | 0.00000 | 0.00000 ||
	||  0.16600 | 0.00000 | 0.00000 | 0.00000 | 0.00000 | 1.00000 | 0.00000 | 0.00000 | 0.00000 ||
	||  0.00300 | 0.00000 | 0.00000 | 0.00000 | 0.00000 | 0.00000 | 1.00000 | 0.00000 | 0.00000 ||
	||  0.03800 | 0.00000 | 0.00000 | 0.00000 | 0.00000 | 0.00000 | 0.00000 | 1.00000 | 0.00000 ||
	||  0.11400 | 0.00000 | 0.00000 | 0.00000 | 0.00000 | 0.00000 | 0.00000 | 0.00000 | 1.00000 ||
	||------------------------------------------------------------------------------------------||

	||------------------------------------------------------------------------------------------||
	||                                    OUTPUT CORRELATION                                    ||
	||------------------------------------------------------------------------------------------||
	||  1.00000 | 0.15774 | 0.24345 | 0.35044 | 0.25679 | 0.16913 | 0.00625 | 0.03466 | 0.10537 ||
	||  0.15774 | 1.00000 |-0.00468 |-0.00073 | 0.00316 | 0.00464 |-0.00558 |-0.00025 |-0.01012 ||
	||  0.24345 |-0.00468 | 1.00000 | 0.00345 |-0.00038 |-0.00231 | 0.00257 |-0.00086 | 0.00090 ||
	||  0.35044 |-0.00073 | 0.00345 | 1.00000 | 0.00378 |-0.00353 | 0.00181 |-0.00077 |-0.00976 ||
	||  0.25679 | 0.00316 |-0.00038 | 0.00378 | 1.00000 | 0.00132 | 0.00068 | 0.00423 |-0.00533 ||
	||  0.16913 | 0.00464 |-0.00231 |-0.00353 | 0.00132 | 1.00000 | 0.00001 |-0.00032 |-0.00524 ||
	||  0.00625 |-0.00558 | 0.00257 | 0.00181 | 0.00068 | 0.00001 | 1.00000 |-0.00615 | 0.00311 ||
	||  0.03466 |-0.00025 |-0.00086 |-0.00077 | 0.00423 |-0.00032 |-0.00615 | 1.00000 |-0.00701 ||
	||  0.10537 |-0.01012 | 0.00090 |-0.00976 |-0.00533 |-0.00524 | 0.00311 |-0.00701 | 1.00000 ||
	||------------------------------------------------------------------------------------------||

	||------------------------------------------------------------------------------------------||
	||                                    OUTPUT COVARIANCE                                     ||
	||------------------------------------------------------------------------------------------||
	||  1.00204 | 0.15848 | 0.24395 | 0.35149 | 0.25698 | 0.16919 | 0.00624 | 0.03467 | 0.10516 ||
	||  0.15848 | 1.00729 |-0.00470 |-0.00074 | 0.00317 | 0.00465 |-0.00558 |-0.00026 |-0.01013 ||
	||  0.24395 |-0.00470 | 1.00208 | 0.00346 |-0.00038 |-0.00231 | 0.00256 |-0.00086 | 0.00090 ||
	||  0.35149 |-0.00074 | 0.00346 | 1.00395 | 0.00379 |-0.00354 | 0.00181 |-0.00078 |-0.00975 ||
	||  0.25698 | 0.00317 |-0.00038 | 0.00379 | 0.99947 | 0.00131 | 0.00067 | 0.00423 |-0.00531 ||
	||  0.16919 | 0.00465 |-0.00231 |-0.00354 | 0.00131 | 0.99867 | 0.00001 |-0.00032 |-0.00522 ||
	||  0.00624 |-0.00558 | 0.00256 | 0.00181 | 0.00067 | 0.00001 | 0.99334 |-0.00612 | 0.00309 ||
	||  0.03467 |-0.00026 |-0.00086 |-0.00078 | 0.00423 |-0.00032 |-0.00612 | 0.99852 |-0.00699 ||
	||  0.10516 |-0.01013 | 0.00090 |-0.00975 |-0.00531 |-0.00522 | 0.00309 |-0.00699 | 0.99397 ||
	||------------------------------------------------------------------------------------------||


	|-----------------------------------------------------------------|
	|    Copyright (C) 2011-2019 (DRIP, DROP)
	|-----------------------------------------------------------------|
	|    Build Version  =&gt; 4.19.0 multi mode
	|    Build JVM (TM) =&gt; 1.8.0_112
	|    Build Snap     =&gt; Thu Jul 04 22:11:11 EST 2019
	|    Start Time     =&gt; Mon Oct 14 00:00:55 EDT 2019
	|    Setup Time     =&gt; Mon Oct 14 00:00:55 EDT 2019
	|    Setup Duration =&gt; 0 ms
	|-----------------------------------------------------------------|


	||-------------------------------------------||
	||                R^1 METRICS                ||
	||-------------------------------------------||
	||    L -&gt; R:                                ||
	||            - Mean                         ||
	||            - Error                        ||
	||            - Variance                     ||
	||            - Standard Deviation           ||
	||-------------------------------------------||
	||  0.00035 |  0.79747 |  1.00000 |  1.00000 ||
	|| -0.00109 |  0.79776 |  1.00000 |  1.00000 ||
	||  0.00384 |  0.79738 |  0.99999 |  0.99999 ||
	|| -0.01279 |  0.79760 |  0.99984 |  0.99992 ||
	||  0.00619 |  0.79713 |  0.99996 |  0.99998 ||
	|| -0.00174 |  0.79734 |  1.00000 |  1.00000 ||
	|| -0.00089 |  0.79707 |  1.00000 |  1.00000 ||
	|| -0.00425 |  0.79921 |  0.99998 |  0.99999 ||
	||  0.00439 |  0.79835 |  0.99998 |  0.99999 ||
	||-------------------------------------------||

	||------------------------------------------------------------------------------------------||
	||                                     INPUT CORRELATION                                    ||
	||------------------------------------------------------------------------------------------||
	||  1.00000 | 0.16100 | 0.24500 | 0.35200 | 0.25900 | 0.16600 | 0.00300 | 0.03800 | 0.11400 ||
	||  0.16100 | 1.00000 | 0.00000 | 0.00000 | 0.00000 | 0.00000 | 0.00000 | 0.00000 | 0.00000 ||
	||  0.24500 | 0.00000 | 1.00000 | 0.00000 | 0.00000 | 0.00000 | 0.00000 | 0.00000 | 0.00000 ||
	||  0.35200 | 0.00000 | 0.00000 | 1.00000 | 0.00000 | 0.00000 | 0.00000 | 0.00000 | 0.00000 ||
	||  0.25900 | 0.00000 | 0.00000 | 0.00000 | 1.00000 | 0.00000 | 0.00000 | 0.00000 | 0.00000 ||
	||  0.16600 | 0.00000 | 0.00000 | 0.00000 | 0.00000 | 1.00000 | 0.00000 | 0.00000 | 0.00000 ||
	||  0.00300 | 0.00000 | 0.00000 | 0.00000 | 0.00000 | 0.00000 | 1.00000 | 0.00000 | 0.00000 ||
	||  0.03800 | 0.00000 | 0.00000 | 0.00000 | 0.00000 | 0.00000 | 0.00000 | 1.00000 | 0.00000 ||
	||  0.11400 | 0.00000 | 0.00000 | 0.00000 | 0.00000 | 0.00000 | 0.00000 | 0.00000 | 1.00000 ||
	||------------------------------------------------------------------------------------------||

	||------------------------------------------------------------------------------------------||
	||                                    OUTPUT CORRELATION                                    ||
	||------------------------------------------------------------------------------------------||
	||  1.00000 | 0.16442 | 0.24775 | 0.35189 | 0.25843 | 0.16770 | 0.00659 | 0.04196 | 0.11664 ||
	||  0.16442 | 1.00000 | 0.00050 |-0.00021 |-0.00271 | 0.00353 | 0.00923 | 0.00797 | 0.00368 ||
	||  0.24775 | 0.00050 | 1.00000 | 0.00422 | 0.00136 | 0.00075 |-0.00241 |-0.00181 |-0.00329 ||
	||  0.35189 |-0.00021 | 0.00422 | 1.00000 | 0.00163 | 0.00513 | 0.00227 |-0.00526 |-0.00031 ||
	||  0.25843 |-0.00271 | 0.00136 | 0.00163 | 1.00000 | 0.00125 | 0.00053 |-0.01175 |-0.00149 ||
	||  0.16770 | 0.00353 | 0.00075 | 0.00513 | 0.00125 | 1.00000 |-0.00011 | 0.00002 |-0.00483 ||
	||  0.00659 | 0.00923 |-0.00241 | 0.00227 | 0.00053 |-0.00011 | 1.00000 | 0.00069 | 0.00954 ||
	||  0.04196 | 0.00797 |-0.00181 |-0.00526 |-0.01175 | 0.00002 | 0.00069 | 1.00000 |-0.00280 ||
	||  0.11664 | 0.00368 |-0.00329 |-0.00031 |-0.00149 |-0.00483 | 0.00954 |-0.00280 | 1.00000 ||
	||------------------------------------------------------------------------------------------||

	||------------------------------------------------------------------------------------------||
	||                                    OUTPUT COVARIANCE                                     ||
	||------------------------------------------------------------------------------------------||
	||  1.00000 | 0.16442 | 0.24775 | 0.35187 | 0.25843 | 0.16770 | 0.00659 | 0.04195 | 0.11663 ||
	||  0.16442 | 1.00000 | 0.00050 |-0.00021 |-0.00271 | 0.00353 | 0.00923 | 0.00797 | 0.00368 ||
	||  0.24775 | 0.00050 | 0.99999 | 0.00422 | 0.00136 | 0.00075 |-0.00241 |-0.00181 |-0.00329 ||
	||  0.35187 |-0.00021 | 0.00422 | 0.99984 | 0.00163 | 0.00513 | 0.00227 |-0.00526 |-0.00031 ||
	||  0.25843 |-0.00271 | 0.00136 | 0.00163 | 0.99996 | 0.00125 | 0.00053 |-0.01175 |-0.00149 ||
	||  0.16770 | 0.00353 | 0.00075 | 0.00513 | 0.00125 | 1.00000 |-0.00011 | 0.00002 |-0.00483 ||
	||  0.00659 | 0.00923 |-0.00241 | 0.00227 | 0.00053 |-0.00011 | 1.00000 | 0.00069 | 0.00954 ||
	||  0.04195 | 0.00797 |-0.00181 |-0.00526 |-0.01175 | 0.00002 | 0.00069 | 0.99998 |-0.00280 ||
	||  0.11663 | 0.00368 |-0.00329 |-0.00031 |-0.00149 |-0.00483 | 0.00954 |-0.00280 | 0.99998 ||
	||------------------------------------------------------------------------------------------||


	|-----------------------------------------------------------------|
	|    Copyright (C) 2011-2019 (DRIP, DROP)
	|-----------------------------------------------------------------|
	|    Build Version  =&gt; 4.19.0 multi mode
	|    Build JVM (TM) =&gt; 1.8.0_112
	|    Build Snap     =&gt; Thu Jul 04 22:11:11 EST 2019
	|    Start Time     =&gt; Mon Oct 14 00:00:58 EDT 2019
	|    Setup Time     =&gt; Mon Oct 14 00:00:58 EDT 2019
	|    Setup Duration =&gt; 0 ms
	|-----------------------------------------------------------------|


	||-------------------------------------------||
	||                R^1 METRICS                ||
	||-------------------------------------------||
	||    L -&gt; R:                                ||
	||            - Mean                         ||
	||            - Error                        ||
	||            - Variance                     ||
	||            - Standard Deviation           ||
	||-------------------------------------------||
	||  0.00170 |  0.79772 |  0.99998 |  0.99999 ||
	|| -0.00042 |  0.79708 |  0.99998 |  0.99999 ||
	|| -0.00956 |  0.79829 |  0.99989 |  0.99994 ||
	|| -0.00169 |  0.79694 |  0.99998 |  0.99999 ||
	||  0.00117 |  0.79855 |  0.99998 |  0.99999 ||
	||  0.00049 |  0.79826 |  0.99998 |  0.99999 ||
	|| -0.01241 |  0.79727 |  0.99983 |  0.99991 ||
	|| -0.00155 |  0.79785 |  0.99998 |  0.99999 ||
	|| -0.00619 |  0.79930 |  0.99994 |  0.99997 ||
	||-------------------------------------------||

	||------------------------------------------------------------------------------------------||
	||                                     INPUT CORRELATION                                    ||
	||------------------------------------------------------------------------------------------||
	||  1.00000 | 0.16100 | 0.24500 | 0.35200 | 0.25900 | 0.16600 | 0.00300 | 0.03800 | 0.11400 ||
	||  0.16100 | 1.00000 | 0.00000 | 0.00000 | 0.00000 | 0.00000 | 0.00000 | 0.00000 | 0.00000 ||
	||  0.24500 | 0.00000 | 1.00000 | 0.00000 | 0.00000 | 0.00000 | 0.00000 | 0.00000 | 0.00000 ||
	||  0.35200 | 0.00000 | 0.00000 | 1.00000 | 0.00000 | 0.00000 | 0.00000 | 0.00000 | 0.00000 ||
	||  0.25900 | 0.00000 | 0.00000 | 0.00000 | 1.00000 | 0.00000 | 0.00000 | 0.00000 | 0.00000 ||
	||  0.16600 | 0.00000 | 0.00000 | 0.00000 | 0.00000 | 1.00000 | 0.00000 | 0.00000 | 0.00000 ||
	||  0.00300 | 0.00000 | 0.00000 | 0.00000 | 0.00000 | 0.00000 | 1.00000 | 0.00000 | 0.00000 ||
	||  0.03800 | 0.00000 | 0.00000 | 0.00000 | 0.00000 | 0.00000 | 0.00000 | 1.00000 | 0.00000 ||
	||  0.11400 | 0.00000 | 0.00000 | 0.00000 | 0.00000 | 0.00000 | 0.00000 | 0.00000 | 1.00000 ||
	||------------------------------------------------------------------------------------------||

	||------------------------------------------------------------------------------------------||
	||                                    OUTPUT CORRELATION                                    ||
	||------------------------------------------------------------------------------------------||
	||  1.00000 | 0.15725 | 0.24990 | 0.35282 | 0.26365 | 0.16685 | 0.00642 | 0.03729 | 0.11497 ||
	||  0.15725 | 1.00000 |-0.00486 |-0.00165 | 0.00084 | 0.00475 | 0.00114 |-0.00616 | 0.00840 ||
	||  0.24990 |-0.00486 | 1.00000 |-0.00090 |-0.00016 | 0.00087 | 0.00401 | 0.00270 |-0.00142 ||
	||  0.35282 |-0.00165 |-0.00090 | 1.00000 | 0.00202 |-0.00448 |-0.00464 | 0.00406 | 0.00213 ||
	||  0.26365 | 0.00084 |-0.00016 | 0.00202 | 1.00000 |-0.00045 | 0.00696 |-0.00474 |-0.00279 ||
	||  0.16685 | 0.00475 | 0.00087 |-0.00448 |-0.00045 | 1.00000 | 0.00089 |-0.00124 | 0.00012 ||
	||  0.00642 | 0.00114 | 0.00401 |-0.00464 | 0.00696 | 0.00089 | 1.00000 | 0.00511 | 0.00092 ||
	||  0.03729 |-0.00616 | 0.00270 | 0.00406 |-0.00474 |-0.00124 | 0.00511 | 1.00000 |-0.00044 ||
	||  0.11497 | 0.00840 |-0.00142 | 0.00213 |-0.00279 | 0.00012 | 0.00092 |-0.00044 | 1.00000 ||
	||------------------------------------------------------------------------------------------||

	||------------------------------------------------------------------------------------------||
	||                                    OUTPUT COVARIANCE                                     ||
	||------------------------------------------------------------------------------------------||
	||  0.99998 | 0.15724 | 0.24988 | 0.35281 | 0.26365 | 0.16685 | 0.00642 | 0.03729 | 0.11497 ||
	||  0.15724 | 0.99998 |-0.00486 |-0.00165 | 0.00084 | 0.00475 | 0.00114 |-0.00616 | 0.00840 ||
	||  0.24988 |-0.00486 | 0.99989 |-0.00090 |-0.00016 | 0.00087 | 0.00401 | 0.00269 |-0.00142 ||
	||  0.35281 |-0.00165 |-0.00090 | 0.99998 | 0.00202 |-0.00448 |-0.00464 | 0.00406 | 0.00213 ||
	||  0.26365 | 0.00084 |-0.00016 | 0.00202 | 0.99998 |-0.00045 | 0.00696 |-0.00474 |-0.00278 ||
	||  0.16685 | 0.00475 | 0.00087 |-0.00448 |-0.00045 | 0.99998 | 0.00089 |-0.00124 | 0.00012 ||
	||  0.00642 | 0.00114 | 0.00401 |-0.00464 | 0.00696 | 0.00089 | 0.99983 | 0.00511 | 0.00092 ||
	||  0.03729 |-0.00616 | 0.00269 | 0.00406 |-0.00474 |-0.00124 | 0.00511 | 0.99998 |-0.00044 ||
	||  0.11497 | 0.00840 |-0.00142 | 0.00213 |-0.00278 | 0.00012 | 0.00092 |-0.00044 | 0.99994 ||
	||------------------------------------------------------------------------------------------||

</pre>
</span>
</div>
</div>
<div id="footer">
<p>
<div>
<label class="hidden" id="label-for-line-wrapping-toggle" for="line-wrapping-toggle">Wrap lines
<input id="line-wrapping-toggle" type="checkbox" autocomplete="off"/>
</label>
</div>Generated by 
<a href="http://www.gradle.org">Gradle 3.5</a> at Oct 14, 2019 12:29:01 AM</p>
</div>
</div>
</body>
</html>
