<!DOCTYPE html>
<html>
<head>
<meta http-equiv="Content-Type" content="text/html; charset=utf-8"/>
<meta http-equiv="x-ua-compatible" content="IE=edge"/>
<title>Test results - Class org.drip.coverage.sequence.Statistics</title>
<link href="../css/base-style.css" rel="stylesheet" type="text/css"/>
<link href="../css/style.css" rel="stylesheet" type="text/css"/>
<script src="../js/report.js" type="text/javascript"></script>
</head>
<body>
<div id="content">
<h1>Class org.drip.coverage.sequence.Statistics</h1>
<div class="breadcrumbs">
<a href="../index.html">all</a> &gt; 
<a href="../packages/org.drip.coverage.sequence.html">org.drip.coverage.sequence</a> &gt; Statistics</div>
<div id="summary">
<table>
<tr>
<td>
<div class="summaryGroup">
<table>
<tr>
<td>
<div class="infoBox" id="tests">
<div class="counter">1</div>
<p>tests</p>
</div>
</td>
<td>
<div class="infoBox" id="failures">
<div class="counter">0</div>
<p>failures</p>
</div>
</td>
<td>
<div class="infoBox" id="ignored">
<div class="counter">0</div>
<p>ignored</p>
</div>
</td>
<td>
<div class="infoBox" id="duration">
<div class="counter">9.592s</div>
<p>duration</p>
</div>
</td>
</tr>
</table>
</div>
</td>
<td>
<div class="infoBox success" id="successRate">
<div class="percent">100%</div>
<p>successful</p>
</div>
</td>
</tr>
</table>
</div>
<div id="tabs">
<ul class="tabLinks">
<li>
<a href="#tab0">Tests</a>
</li>
<li>
<a href="#tab1">Standard output</a>
</li>
</ul>
<div id="tab0" class="tab">
<h2>Tests</h2>
<table>
<thead>
<tr>
<th>Test</th>
<th>Duration</th>
<th>Result</th>
</tr>
</thead>
<tr>
<td class="success">codeCoverageTest</td>
<td>9.592s</td>
<td class="success">passed</td>
</tr>
</table>
</div>
<div id="tab1" class="tab">
<h2>Standard output</h2>
<span class="code">
<pre>
	|-----------------------------------------------------------------|
	|    Copyright (C) 2011-2018 (DRIP)
	|-----------------------------------------------------------------|
	|    Build Version  =&gt; 3.52.0 multi mode
	|    Build JVM (TM) =&gt; 1.8.0_112
	|    Build Snap     =&gt; Wed Jun 02 11:42:46 EST 2018
	|    Start Time     =&gt; Fri Jun 15 22:34:40 EDT 2018
	|    Setup Time     =&gt; Fri Jun 15 22:34:40 EDT 2018
	|    Setup Duration =&gt; 0 ms
	|-----------------------------------------------------------------|


	||-------------------------------------------||
	||                R^1 METRICS                ||
	||-------------------------------------------||
	||    L -&gt; R:                                ||
	||            - Mean                         ||
	||            - Error                        ||
	||            - Variance                     ||
	||            - Standard Deviation           ||
	||-------------------------------------------||
	|| -0.00467 |  0.79935 |  1.00369 |  1.00184 ||
	||  0.00652 |  0.80236 |  1.00987 |  1.00492 ||
	|| -0.01302 |  0.79629 |  0.99236 |  0.99617 ||
	|| -0.00429 |  0.79903 |  1.00387 |  1.00193 ||
	|| -0.00247 |  0.79612 |  0.99762 |  0.99881 ||
	|| -0.00930 |  0.79719 |  0.99464 |  0.99732 ||
	|| -0.00353 |  0.79291 |  0.98944 |  0.99470 ||
	|| -0.00339 |  0.79635 |  0.99627 |  0.99813 ||
	||  0.00766 |  0.80082 |  1.00176 |  1.00088 ||
	||-------------------------------------------||

	||------------------------------------------------------------------------------------------||
	||                                     INPUT CORRELATION                                    ||
	||------------------------------------------------------------------------------------------||
	||  1.00000 | 0.16100 | 0.24500 | 0.35200 | 0.25900 | 0.16600 | 0.00300 | 0.03800 | 0.11400 ||
	||  0.16100 | 1.00000 | 0.00000 | 0.00000 | 0.00000 | 0.00000 | 0.00000 | 0.00000 | 0.00000 ||
	||  0.24500 | 0.00000 | 1.00000 | 0.00000 | 0.00000 | 0.00000 | 0.00000 | 0.00000 | 0.00000 ||
	||  0.35200 | 0.00000 | 0.00000 | 1.00000 | 0.00000 | 0.00000 | 0.00000 | 0.00000 | 0.00000 ||
	||  0.25900 | 0.00000 | 0.00000 | 0.00000 | 1.00000 | 0.00000 | 0.00000 | 0.00000 | 0.00000 ||
	||  0.16600 | 0.00000 | 0.00000 | 0.00000 | 0.00000 | 1.00000 | 0.00000 | 0.00000 | 0.00000 ||
	||  0.00300 | 0.00000 | 0.00000 | 0.00000 | 0.00000 | 0.00000 | 1.00000 | 0.00000 | 0.00000 ||
	||  0.03800 | 0.00000 | 0.00000 | 0.00000 | 0.00000 | 0.00000 | 0.00000 | 1.00000 | 0.00000 ||
	||  0.11400 | 0.00000 | 0.00000 | 0.00000 | 0.00000 | 0.00000 | 0.00000 | 0.00000 | 1.00000 ||
	||------------------------------------------------------------------------------------------||

	||------------------------------------------------------------------------------------------||
	||                                    OUTPUT CORRELATION                                    ||
	||------------------------------------------------------------------------------------------||
	||  1.00000 | 0.16974 | 0.24531 | 0.35465 | 0.25593 | 0.16757 | 0.00068 | 0.03772 | 0.11424 ||
	||  0.16974 | 1.00000 |-0.00138 | 0.00571 |-0.00595 | 0.00633 |-0.00423 | 0.00164 |-0.00089 ||
	||  0.24531 |-0.00138 | 1.00000 | 0.00079 |-0.00815 |-0.00131 | 0.00135 | 0.00699 |-0.00041 ||
	||  0.35465 | 0.00571 | 0.00079 | 1.00000 |-0.00335 |-0.00201 |-0.00541 |-0.00186 | 0.00137 ||
	||  0.25593 |-0.00595 |-0.00815 |-0.00335 | 1.00000 | 0.00192 |-0.00993 |-0.00164 | 0.00452 ||
	||  0.16757 | 0.00633 |-0.00131 |-0.00201 | 0.00192 | 1.00000 |-0.00388 |-0.00021 | 0.00312 ||
	||  0.00068 |-0.00423 | 0.00135 |-0.00541 |-0.00993 |-0.00388 | 1.00000 | 0.00338 | 0.00200 ||
	||  0.03772 | 0.00164 | 0.00699 |-0.00186 |-0.00164 |-0.00021 | 0.00338 | 1.00000 |-0.00166 ||
	||  0.11424 |-0.00089 |-0.00041 | 0.00137 | 0.00452 | 0.00312 | 0.00200 |-0.00166 | 1.00000 ||
	||------------------------------------------------------------------------------------------||

	||------------------------------------------------------------------------------------------||
	||                                    OUTPUT COVARIANCE                                     ||
	||------------------------------------------------------------------------------------------||
	||  1.00369 | 0.17089 | 0.24482 | 0.35599 | 0.25609 | 0.16743 | 0.00067 | 0.03772 | 0.11455 ||
	||  0.17089 | 1.00987 |-0.00139 | 0.00575 |-0.00597 | 0.00635 |-0.00423 | 0.00165 |-0.00089 ||
	||  0.24482 |-0.00139 | 0.99236 | 0.00079 |-0.00811 |-0.00131 | 0.00133 | 0.00695 |-0.00041 ||
	||  0.35599 | 0.00575 | 0.00079 | 1.00387 |-0.00335 |-0.00201 |-0.00539 |-0.00186 | 0.00138 ||
	||  0.25609 |-0.00597 |-0.00811 |-0.00335 | 0.99762 | 0.00191 |-0.00987 |-0.00163 | 0.00452 ||
	||  0.16743 | 0.00635 |-0.00131 |-0.00201 | 0.00191 | 0.99464 |-0.00385 |-0.00021 | 0.00312 ||
	||  0.00067 |-0.00423 | 0.00133 |-0.00539 |-0.00987 |-0.00385 | 0.98944 | 0.00336 | 0.00200 ||
	||  0.03772 | 0.00165 | 0.00695 |-0.00186 |-0.00163 |-0.00021 | 0.00336 | 0.99627 |-0.00166 ||
	||  0.11455 |-0.00089 |-0.00041 | 0.00138 | 0.00452 | 0.00312 | 0.00200 |-0.00166 | 1.00176 ||
	||------------------------------------------------------------------------------------------||


	|-----------------------------------------------------------------|
	|    Copyright (C) 2011-2018 (DRIP)
	|-----------------------------------------------------------------|
	|    Build Version  =&gt; 3.52.0 multi mode
	|    Build JVM (TM) =&gt; 1.8.0_112
	|    Build Snap     =&gt; Wed Jun 02 11:42:46 EST 2018
	|    Start Time     =&gt; Fri Jun 15 22:34:42 EDT 2018
	|    Setup Time     =&gt; Fri Jun 15 22:34:42 EDT 2018
	|    Setup Duration =&gt; 0 ms
	|-----------------------------------------------------------------|


	||-------------------------------------------||
	||                R^1 METRICS                ||
	||-------------------------------------------||
	||    L -&gt; R:                                ||
	||            - Mean                         ||
	||            - Error                        ||
	||            - Variance                     ||
	||            - Standard Deviation           ||
	||-------------------------------------------||
	||  0.00680 |  0.79689 |  0.99701 |  0.99850 ||
	|| -0.00075 |  0.79568 |  0.99322 |  0.99660 ||
	||  0.00845 |  0.79454 |  0.99283 |  0.99641 ||
	||  0.00415 |  0.79736 |  0.99584 |  0.99792 ||
	||  0.00039 |  0.79244 |  0.98581 |  0.99288 ||
	||  0.00293 |  0.79994 |  1.00543 |  1.00271 ||
	||  0.00213 |  0.80035 |  1.00515 |  1.00257 ||
	||  0.00293 |  0.79922 |  1.00121 |  1.00061 ||
	||  0.00239 |  0.80159 |  1.00744 |  1.00371 ||
	||-------------------------------------------||

	||------------------------------------------------------------------------------------------||
	||                                     INPUT CORRELATION                                    ||
	||------------------------------------------------------------------------------------------||
	||  1.00000 | 0.16100 | 0.24500 | 0.35200 | 0.25900 | 0.16600 | 0.00300 | 0.03800 | 0.11400 ||
	||  0.16100 | 1.00000 | 0.00000 | 0.00000 | 0.00000 | 0.00000 | 0.00000 | 0.00000 | 0.00000 ||
	||  0.24500 | 0.00000 | 1.00000 | 0.00000 | 0.00000 | 0.00000 | 0.00000 | 0.00000 | 0.00000 ||
	||  0.35200 | 0.00000 | 0.00000 | 1.00000 | 0.00000 | 0.00000 | 0.00000 | 0.00000 | 0.00000 ||
	||  0.25900 | 0.00000 | 0.00000 | 0.00000 | 1.00000 | 0.00000 | 0.00000 | 0.00000 | 0.00000 ||
	||  0.16600 | 0.00000 | 0.00000 | 0.00000 | 0.00000 | 1.00000 | 0.00000 | 0.00000 | 0.00000 ||
	||  0.00300 | 0.00000 | 0.00000 | 0.00000 | 0.00000 | 0.00000 | 1.00000 | 0.00000 | 0.00000 ||
	||  0.03800 | 0.00000 | 0.00000 | 0.00000 | 0.00000 | 0.00000 | 0.00000 | 1.00000 | 0.00000 ||
	||  0.11400 | 0.00000 | 0.00000 | 0.00000 | 0.00000 | 0.00000 | 0.00000 | 0.00000 | 1.00000 ||
	||------------------------------------------------------------------------------------------||

	||------------------------------------------------------------------------------------------||
	||                                    OUTPUT CORRELATION                                    ||
	||------------------------------------------------------------------------------------------||
	||  1.00000 | 0.15711 | 0.24903 | 0.34137 | 0.26062 | 0.17176 | 0.00124 | 0.04769 | 0.11296 ||
	||  0.15711 | 1.00000 | 0.00280 | 0.00117 | 0.00015 | 0.00285 |-0.00050 |-0.00176 |-0.00090 ||
	||  0.24903 | 0.00280 | 1.00000 |-0.00501 | 0.00610 | 0.00391 | 0.00321 | 0.00852 |-0.00272 ||
	||  0.34137 | 0.00117 |-0.00501 | 1.00000 |-0.00075 | 0.00442 |-0.00204 | 0.00836 | 0.00655 ||
	||  0.26062 | 0.00015 | 0.00610 |-0.00075 | 1.00000 | 0.01060 |-0.00465 | 0.00334 | 0.00187 ||
	||  0.17176 | 0.00285 | 0.00391 | 0.00442 | 0.01060 | 1.00000 | 0.00304 | 0.00215 |-0.00060 ||
	||  0.00124 |-0.00050 | 0.00321 |-0.00204 |-0.00465 | 0.00304 | 1.00000 | 0.00041 | 0.00977 ||
	||  0.04769 |-0.00176 | 0.00852 | 0.00836 | 0.00334 | 0.00215 | 0.00041 | 1.00000 | 0.00192 ||
	||  0.11296 |-0.00090 |-0.00272 | 0.00655 | 0.00187 |-0.00060 | 0.00977 | 0.00192 | 1.00000 ||
	||------------------------------------------------------------------------------------------||

	||------------------------------------------------------------------------------------------||
	||                                    OUTPUT COVARIANCE                                     ||
	||------------------------------------------------------------------------------------------||
	||  0.99701 | 0.15634 | 0.24777 | 0.34015 | 0.25837 | 0.17197 | 0.00124 | 0.04764 | 0.11321 ||
	||  0.15634 | 0.99322 | 0.00278 | 0.00116 | 0.00015 | 0.00285 |-0.00050 |-0.00176 |-0.00090 ||
	||  0.24777 | 0.00278 | 0.99283 |-0.00498 | 0.00604 | 0.00391 | 0.00320 | 0.00849 |-0.00272 ||
	||  0.34015 | 0.00116 |-0.00498 | 0.99584 |-0.00075 | 0.00443 |-0.00204 | 0.00834 | 0.00656 ||
	||  0.25837 | 0.00015 | 0.00604 |-0.00075 | 0.98581 | 0.01055 |-0.00463 | 0.00332 | 0.00187 ||
	||  0.17197 | 0.00285 | 0.00391 | 0.00443 | 0.01055 | 1.00543 | 0.00305 | 0.00215 |-0.00061 ||
	||  0.00124 |-0.00050 | 0.00320 |-0.00204 |-0.00463 | 0.00305 | 1.00515 | 0.00041 | 0.00983 ||
	||  0.04764 |-0.00176 | 0.00849 | 0.00834 | 0.00332 | 0.00215 | 0.00041 | 1.00121 | 0.00193 ||
	||  0.11321 |-0.00090 |-0.00272 | 0.00656 | 0.00187 |-0.00061 | 0.00983 | 0.00193 | 1.00744 ||
	||------------------------------------------------------------------------------------------||


	|-----------------------------------------------------------------|
	|    Copyright (C) 2011-2018 (DRIP)
	|-----------------------------------------------------------------|
	|    Build Version  =&gt; 3.52.0 multi mode
	|    Build JVM (TM) =&gt; 1.8.0_112
	|    Build Snap     =&gt; Wed Jun 02 11:42:46 EST 2018
	|    Start Time     =&gt; Fri Jun 15 22:34:44 EDT 2018
	|    Setup Time     =&gt; Fri Jun 15 22:34:44 EDT 2018
	|    Setup Duration =&gt; 0 ms
	|-----------------------------------------------------------------|


	||-------------------------------------------||
	||                R^1 METRICS                ||
	||-------------------------------------------||
	||    L -&gt; R:                                ||
	||            - Mean                         ||
	||            - Error                        ||
	||            - Variance                     ||
	||            - Standard Deviation           ||
	||-------------------------------------------||
	||  0.00277 |  0.79846 |  0.99999 |  1.00000 ||
	|| -0.00229 |  0.79724 |  0.99999 |  1.00000 ||
	||  0.00004 |  0.79578 |  1.00000 |  1.00000 ||
	|| -0.00403 |  0.79655 |  0.99998 |  0.99999 ||
	||  0.00416 |  0.79879 |  0.99998 |  0.99999 ||
	|| -0.00172 |  0.79815 |  1.00000 |  1.00000 ||
	||  0.00553 |  0.79788 |  0.99997 |  0.99998 ||
	|| -0.00729 |  0.79888 |  0.99995 |  0.99997 ||
	||  0.00239 |  0.79901 |  0.99999 |  1.00000 ||
	||-------------------------------------------||

	||------------------------------------------------------------------------------------------||
	||                                     INPUT CORRELATION                                    ||
	||------------------------------------------------------------------------------------------||
	||  1.00000 | 0.16100 | 0.24500 | 0.35200 | 0.25900 | 0.16600 | 0.00300 | 0.03800 | 0.11400 ||
	||  0.16100 | 1.00000 | 0.00000 | 0.00000 | 0.00000 | 0.00000 | 0.00000 | 0.00000 | 0.00000 ||
	||  0.24500 | 0.00000 | 1.00000 | 0.00000 | 0.00000 | 0.00000 | 0.00000 | 0.00000 | 0.00000 ||
	||  0.35200 | 0.00000 | 0.00000 | 1.00000 | 0.00000 | 0.00000 | 0.00000 | 0.00000 | 0.00000 ||
	||  0.25900 | 0.00000 | 0.00000 | 0.00000 | 1.00000 | 0.00000 | 0.00000 | 0.00000 | 0.00000 ||
	||  0.16600 | 0.00000 | 0.00000 | 0.00000 | 0.00000 | 1.00000 | 0.00000 | 0.00000 | 0.00000 ||
	||  0.00300 | 0.00000 | 0.00000 | 0.00000 | 0.00000 | 0.00000 | 1.00000 | 0.00000 | 0.00000 ||
	||  0.03800 | 0.00000 | 0.00000 | 0.00000 | 0.00000 | 0.00000 | 0.00000 | 1.00000 | 0.00000 ||
	||  0.11400 | 0.00000 | 0.00000 | 0.00000 | 0.00000 | 0.00000 | 0.00000 | 0.00000 | 1.00000 ||
	||------------------------------------------------------------------------------------------||

	||------------------------------------------------------------------------------------------||
	||                                    OUTPUT CORRELATION                                    ||
	||------------------------------------------------------------------------------------------||
	||  1.00000 | 0.16163 | 0.24228 | 0.35458 | 0.25596 | 0.16324 | 0.00307 | 0.03803 | 0.10603 ||
	||  0.16163 | 1.00000 |-0.00565 | 0.00197 |-0.00008 |-0.00078 | 0.00083 | 0.00196 | 0.00099 ||
	||  0.24228 |-0.00565 | 1.00000 | 0.00330 | 0.00424 | 0.00316 | 0.00199 | 0.00471 |-0.00188 ||
	||  0.35458 | 0.00197 | 0.00330 | 1.00000 |-0.00073 |-0.00557 | 0.00528 |-0.00045 |-0.00344 ||
	||  0.25596 |-0.00008 | 0.00424 |-0.00073 | 1.00000 |-0.00431 |-0.00003 |-0.00036 |-0.00323 ||
	||  0.16324 |-0.00078 | 0.00316 |-0.00557 |-0.00431 | 1.00000 |-0.00157 |-0.00845 | 0.00640 ||
	||  0.00307 | 0.00083 | 0.00199 | 0.00528 |-0.00003 |-0.00157 | 1.00000 |-0.00264 | 0.00544 ||
	||  0.03803 | 0.00196 | 0.00471 |-0.00045 |-0.00036 |-0.00845 |-0.00264 | 1.00000 | 0.00144 ||
	||  0.10603 | 0.00099 |-0.00188 |-0.00344 |-0.00323 | 0.00640 | 0.00544 | 0.00144 | 1.00000 ||
	||------------------------------------------------------------------------------------------||

	||------------------------------------------------------------------------------------------||
	||                                    OUTPUT COVARIANCE                                     ||
	||------------------------------------------------------------------------------------------||
	||  0.99999 | 0.16163 | 0.24228 | 0.35458 | 0.25596 | 0.16323 | 0.00307 | 0.03803 | 0.10603 ||
	||  0.16163 | 0.99999 |-0.00565 | 0.00197 |-0.00008 |-0.00078 | 0.00083 | 0.00196 | 0.00099 ||
	||  0.24228 |-0.00565 | 1.00000 | 0.00330 | 0.00424 | 0.00316 | 0.00199 | 0.00471 |-0.00188 ||
	||  0.35458 | 0.00197 | 0.00330 | 0.99998 |-0.00073 |-0.00557 | 0.00528 |-0.00045 |-0.00344 ||
	||  0.25596 |-0.00008 | 0.00424 |-0.00073 | 0.99998 |-0.00431 |-0.00003 |-0.00036 |-0.00323 ||
	||  0.16323 |-0.00078 | 0.00316 |-0.00557 |-0.00431 | 1.00000 |-0.00157 |-0.00845 | 0.00640 ||
	||  0.00307 | 0.00083 | 0.00199 | 0.00528 |-0.00003 |-0.00157 | 0.99997 |-0.00264 | 0.00544 ||
	||  0.03803 | 0.00196 | 0.00471 |-0.00045 |-0.00036 |-0.00845 |-0.00264 | 0.99995 | 0.00144 ||
	||  0.10603 | 0.00099 |-0.00188 |-0.00344 |-0.00323 | 0.00640 | 0.00544 | 0.00144 | 0.99999 ||
	||------------------------------------------------------------------------------------------||


	|-----------------------------------------------------------------|
	|    Copyright (C) 2011-2018 (DRIP)
	|-----------------------------------------------------------------|
	|    Build Version  =&gt; 3.52.0 multi mode
	|    Build JVM (TM) =&gt; 1.8.0_112
	|    Build Snap     =&gt; Wed Jun 02 11:42:46 EST 2018
	|    Start Time     =&gt; Fri Jun 15 22:34:47 EDT 2018
	|    Setup Time     =&gt; Fri Jun 15 22:34:47 EDT 2018
	|    Setup Duration =&gt; 0 ms
	|-----------------------------------------------------------------|


	||-------------------------------------------||
	||                R^1 METRICS                ||
	||-------------------------------------------||
	||    L -&gt; R:                                ||
	||            - Mean                         ||
	||            - Error                        ||
	||            - Variance                     ||
	||            - Standard Deviation           ||
	||-------------------------------------------||
	|| -0.00733 |  0.79763 |  0.99993 |  0.99996 ||
	||  0.00267 |  0.79820 |  0.99997 |  0.99999 ||
	|| -0.00178 |  0.79798 |  0.99998 |  0.99999 ||
	|| -0.00495 |  0.79749 |  0.99996 |  0.99998 ||
	|| -0.00665 |  0.79850 |  0.99994 |  0.99997 ||
	||  0.00214 |  0.79753 |  0.99998 |  0.99999 ||
	||  0.00330 |  0.79783 |  0.99997 |  0.99998 ||
	|| -0.00227 |  0.79884 |  0.99997 |  0.99999 ||
	||  0.00028 |  0.79788 |  0.99998 |  0.99999 ||
	||-------------------------------------------||

	||------------------------------------------------------------------------------------------||
	||                                     INPUT CORRELATION                                    ||
	||------------------------------------------------------------------------------------------||
	||  1.00000 | 0.16100 | 0.24500 | 0.35200 | 0.25900 | 0.16600 | 0.00300 | 0.03800 | 0.11400 ||
	||  0.16100 | 1.00000 | 0.00000 | 0.00000 | 0.00000 | 0.00000 | 0.00000 | 0.00000 | 0.00000 ||
	||  0.24500 | 0.00000 | 1.00000 | 0.00000 | 0.00000 | 0.00000 | 0.00000 | 0.00000 | 0.00000 ||
	||  0.35200 | 0.00000 | 0.00000 | 1.00000 | 0.00000 | 0.00000 | 0.00000 | 0.00000 | 0.00000 ||
	||  0.25900 | 0.00000 | 0.00000 | 0.00000 | 1.00000 | 0.00000 | 0.00000 | 0.00000 | 0.00000 ||
	||  0.16600 | 0.00000 | 0.00000 | 0.00000 | 0.00000 | 1.00000 | 0.00000 | 0.00000 | 0.00000 ||
	||  0.00300 | 0.00000 | 0.00000 | 0.00000 | 0.00000 | 0.00000 | 1.00000 | 0.00000 | 0.00000 ||
	||  0.03800 | 0.00000 | 0.00000 | 0.00000 | 0.00000 | 0.00000 | 0.00000 | 1.00000 | 0.00000 ||
	||  0.11400 | 0.00000 | 0.00000 | 0.00000 | 0.00000 | 0.00000 | 0.00000 | 0.00000 | 1.00000 ||
	||------------------------------------------------------------------------------------------||

	||------------------------------------------------------------------------------------------||
	||                                    OUTPUT CORRELATION                                    ||
	||------------------------------------------------------------------------------------------||
	||  1.00000 | 0.15981 | 0.25269 | 0.35630 | 0.25959 | 0.16279 | 0.01079 | 0.03762 | 0.11190 ||
	||  0.15981 | 1.00000 |-0.00355 | 0.00414 |-0.00212 |-0.00370 |-0.00819 | 0.01061 | 0.00010 ||
	||  0.25269 |-0.00355 | 1.00000 | 0.00567 | 0.00049 | 0.00432 |-0.00011 |-0.00027 |-0.00035 ||
	||  0.35630 | 0.00414 | 0.00567 | 1.00000 | 0.00540 | 0.00005 |-0.00026 |-0.00096 | 0.00056 ||
	||  0.25959 |-0.00212 | 0.00049 | 0.00540 | 1.00000 | 0.00583 | 0.00335 |-0.00230 |-0.00093 ||
	||  0.16279 |-0.00370 | 0.00432 | 0.00005 | 0.00583 | 1.00000 |-0.00030 | 0.00408 |-0.00997 ||
	||  0.01079 |-0.00819 |-0.00011 |-0.00026 | 0.00335 |-0.00030 | 1.00000 |-0.00669 |-0.00231 ||
	||  0.03762 | 0.01061 |-0.00027 |-0.00096 |-0.00230 | 0.00408 |-0.00669 | 1.00000 |-0.00402 ||
	||  0.11190 | 0.00010 |-0.00035 | 0.00056 |-0.00093 |-0.00997 |-0.00231 |-0.00402 | 1.00000 ||
	||------------------------------------------------------------------------------------------||

	||------------------------------------------------------------------------------------------||
	||                                    OUTPUT COVARIANCE                                     ||
	||------------------------------------------------------------------------------------------||
	||  0.99993 | 0.15980 | 0.25268 | 0.35627 | 0.25958 | 0.16278 | 0.01079 | 0.03762 | 0.11190 ||
	||  0.15980 | 0.99997 |-0.00355 | 0.00414 |-0.00212 |-0.00370 |-0.00819 | 0.01061 | 0.00010 ||
	||  0.25268 |-0.00355 | 0.99998 | 0.00567 | 0.00049 | 0.00432 |-0.00011 |-0.00027 |-0.00035 ||
	||  0.35627 | 0.00414 | 0.00567 | 0.99996 | 0.00540 | 0.00005 |-0.00026 |-0.00096 | 0.00056 ||
	||  0.25958 |-0.00212 | 0.00049 | 0.00540 | 0.99994 | 0.00583 | 0.00335 |-0.00230 |-0.00093 ||
	||  0.16278 |-0.00370 | 0.00432 | 0.00005 | 0.00583 | 0.99998 |-0.00030 | 0.00408 |-0.00997 ||
	||  0.01079 |-0.00819 |-0.00011 |-0.00026 | 0.00335 |-0.00030 | 0.99997 |-0.00669 |-0.00231 ||
	||  0.03762 | 0.01061 |-0.00027 |-0.00096 |-0.00230 | 0.00408 |-0.00669 | 0.99997 |-0.00402 ||
	||  0.11190 | 0.00010 |-0.00035 | 0.00056 |-0.00093 |-0.00997 |-0.00231 |-0.00402 | 0.99998 ||
	||------------------------------------------------------------------------------------------||

</pre>
</span>
</div>
</div>
<div id="footer">
<p>
<div>
<label class="hidden" id="label-for-line-wrapping-toggle" for="line-wrapping-toggle">Wrap lines
<input id="line-wrapping-toggle" type="checkbox" autocomplete="off"/>
</label>
</div>Generated by 
<a href="http://www.gradle.org">Gradle 3.5</a> at Jun 15, 2018 11:01:57 PM</p>
</div>
</div>
</body>
</html>
