<!DOCTYPE html>
<html>
<head>
<meta http-equiv="Content-Type" content="text/html; charset=utf-8"/>
<meta http-equiv="x-ua-compatible" content="IE=edge"/>
<title>Test results - Class org.drip.coverage.sequence.Statistics</title>
<link href="../css/base-style.css" rel="stylesheet" type="text/css"/>
<link href="../css/style.css" rel="stylesheet" type="text/css"/>
<script src="../js/report.js" type="text/javascript"></script>
</head>
<body>
<div id="content">
<h1>Class org.drip.coverage.sequence.Statistics</h1>
<div class="breadcrumbs">
<a href="../index.html">all</a> &gt; 
<a href="../packages/org.drip.coverage.sequence.html">org.drip.coverage.sequence</a> &gt; Statistics</div>
<div id="summary">
<table>
<tr>
<td>
<div class="summaryGroup">
<table>
<tr>
<td>
<div class="infoBox" id="tests">
<div class="counter">1</div>
<p>tests</p>
</div>
</td>
<td>
<div class="infoBox" id="failures">
<div class="counter">0</div>
<p>failures</p>
</div>
</td>
<td>
<div class="infoBox" id="ignored">
<div class="counter">0</div>
<p>ignored</p>
</div>
</td>
<td>
<div class="infoBox" id="duration">
<div class="counter">9.644s</div>
<p>duration</p>
</div>
</td>
</tr>
</table>
</div>
</td>
<td>
<div class="infoBox success" id="successRate">
<div class="percent">100%</div>
<p>successful</p>
</div>
</td>
</tr>
</table>
</div>
<div id="tabs">
<ul class="tabLinks">
<li>
<a href="#tab0">Tests</a>
</li>
<li>
<a href="#tab1">Standard output</a>
</li>
</ul>
<div id="tab0" class="tab">
<h2>Tests</h2>
<table>
<thead>
<tr>
<th>Test</th>
<th>Duration</th>
<th>Result</th>
</tr>
</thead>
<tr>
<td class="success">codeCoverageTest</td>
<td>9.644s</td>
<td class="success">passed</td>
</tr>
</table>
</div>
<div id="tab1" class="tab">
<h2>Standard output</h2>
<span class="code">
<pre>
	|-----------------------------------------------------------------|
	|    Copyright (C) 2011-2018 (DRIP)
	|-----------------------------------------------------------------|
	|    Build Version  =&gt; 3.30.0 multi mode
	|    Build JVM (TM) =&gt; 1.8.0_112
	|    Build Snap     =&gt; Mon Jan 29 18:28:41 EST 2018
	|    Start Time     =&gt; Tue Feb 06 00:27:57 EST 2018
	|    Setup Time     =&gt; Tue Feb 06 00:27:57 EST 2018
	|    Setup Duration =&gt; 0 ms
	|-----------------------------------------------------------------|


	||-------------------------------------------||
	||                R^1 METRICS                ||
	||-------------------------------------------||
	||    L -&gt; R:                                ||
	||            - Mean                         ||
	||            - Error                        ||
	||            - Variance                     ||
	||            - Standard Deviation           ||
	||-------------------------------------------||
	|| -0.00172 |  0.79359 |  0.98866 |  0.99432 ||
	|| -0.00007 |  0.79954 |  1.00252 |  1.00126 ||
	||  0.00115 |  0.79984 |  1.00704 |  1.00351 ||
	|| -0.00445 |  0.80109 |  1.00917 |  1.00457 ||
	||  0.00031 |  0.79816 |  1.00311 |  1.00155 ||
	||  0.00231 |  0.79667 |  1.00169 |  1.00085 ||
	||  0.00162 |  0.79559 |  0.99301 |  0.99650 ||
	|| -0.00069 |  0.80262 |  1.01468 |  1.00731 ||
	|| -0.00327 |  0.79866 |  1.00019 |  1.00009 ||
	||-------------------------------------------||

	||------------------------------------------------------------------------------------------||
	||                                     INPUT CORRELATION                                    ||
	||------------------------------------------------------------------------------------------||
	||  1.00000 | 0.16100 | 0.24500 | 0.35200 | 0.25900 | 0.16600 | 0.00300 | 0.03800 | 0.11400 ||
	||  0.16100 | 1.00000 | 0.00000 | 0.00000 | 0.00000 | 0.00000 | 0.00000 | 0.00000 | 0.00000 ||
	||  0.24500 | 0.00000 | 1.00000 | 0.00000 | 0.00000 | 0.00000 | 0.00000 | 0.00000 | 0.00000 ||
	||  0.35200 | 0.00000 | 0.00000 | 1.00000 | 0.00000 | 0.00000 | 0.00000 | 0.00000 | 0.00000 ||
	||  0.25900 | 0.00000 | 0.00000 | 0.00000 | 1.00000 | 0.00000 | 0.00000 | 0.00000 | 0.00000 ||
	||  0.16600 | 0.00000 | 0.00000 | 0.00000 | 0.00000 | 1.00000 | 0.00000 | 0.00000 | 0.00000 ||
	||  0.00300 | 0.00000 | 0.00000 | 0.00000 | 0.00000 | 0.00000 | 1.00000 | 0.00000 | 0.00000 ||
	||  0.03800 | 0.00000 | 0.00000 | 0.00000 | 0.00000 | 0.00000 | 0.00000 | 1.00000 | 0.00000 ||
	||  0.11400 | 0.00000 | 0.00000 | 0.00000 | 0.00000 | 0.00000 | 0.00000 | 0.00000 | 1.00000 ||
	||------------------------------------------------------------------------------------------||

	||------------------------------------------------------------------------------------------||
	||                                    OUTPUT CORRELATION                                    ||
	||------------------------------------------------------------------------------------------||
	||  1.00000 | 0.15684 | 0.24565 | 0.35948 | 0.24742 | 0.17054 |-0.00014 | 0.02824 | 0.10255 ||
	||  0.15684 | 1.00000 |-0.00578 | 0.00001 |-0.00076 |-0.00452 | 0.00287 |-0.00322 |-0.00560 ||
	||  0.24565 |-0.00578 | 1.00000 | 0.00192 |-0.00210 |-0.00019 | 0.00438 | 0.00369 | 0.00442 ||
	||  0.35948 | 0.00001 | 0.00192 | 1.00000 | 0.00157 |-0.00039 |-0.00260 |-0.00059 |-0.00792 ||
	||  0.24742 |-0.00076 |-0.00210 | 0.00157 | 1.00000 |-0.00030 |-0.00022 |-0.00273 |-0.00695 ||
	||  0.17054 |-0.00452 |-0.00019 |-0.00039 |-0.00030 | 1.00000 |-0.00440 |-0.00338 |-0.00079 ||
	|| -0.00014 | 0.00287 | 0.00438 |-0.00260 |-0.00022 |-0.00440 | 1.00000 | 0.00109 |-0.00080 ||
	||  0.02824 |-0.00322 | 0.00369 |-0.00059 |-0.00273 |-0.00338 | 0.00109 | 1.00000 |-0.00581 ||
	||  0.10255 |-0.00560 | 0.00442 |-0.00792 |-0.00695 |-0.00079 |-0.00080 |-0.00581 | 1.00000 ||
	||------------------------------------------------------------------------------------------||

	||------------------------------------------------------------------------------------------||
	||                                    OUTPUT COVARIANCE                                     ||
	||------------------------------------------------------------------------------------------||
	||  0.98866 | 0.15614 | 0.24511 | 0.35907 | 0.24640 | 0.16971 |-0.00014 | 0.02828 | 0.10198 ||
	||  0.15614 | 1.00252 |-0.00580 | 0.00001 |-0.00076 |-0.00453 | 0.00287 |-0.00324 |-0.00561 ||
	||  0.24511 |-0.00580 | 1.00704 | 0.00194 |-0.00211 |-0.00019 | 0.00438 | 0.00373 | 0.00443 ||
	||  0.35907 | 0.00001 | 0.00194 | 1.00917 | 0.00158 |-0.00039 |-0.00260 |-0.00060 |-0.00795 ||
	||  0.24640 |-0.00076 |-0.00211 | 0.00158 | 1.00311 |-0.00030 |-0.00022 |-0.00276 |-0.00696 ||
	||  0.16971 |-0.00453 |-0.00019 |-0.00039 |-0.00030 | 1.00169 |-0.00438 |-0.00341 |-0.00079 ||
	|| -0.00014 | 0.00287 | 0.00438 |-0.00260 |-0.00022 |-0.00438 | 0.99301 | 0.00109 |-0.00080 ||
	||  0.02828 |-0.00324 | 0.00373 |-0.00060 |-0.00276 |-0.00341 | 0.00109 | 1.01468 |-0.00586 ||
	||  0.10198 |-0.00561 | 0.00443 |-0.00795 |-0.00696 |-0.00079 |-0.00080 |-0.00586 | 1.00019 ||
	||------------------------------------------------------------------------------------------||


	|-----------------------------------------------------------------|
	|    Copyright (C) 2011-2018 (DRIP)
	|-----------------------------------------------------------------|
	|    Build Version  =&gt; 3.30.0 multi mode
	|    Build JVM (TM) =&gt; 1.8.0_112
	|    Build Snap     =&gt; Mon Jan 29 18:28:41 EST 2018
	|    Start Time     =&gt; Tue Feb 06 00:27:59 EST 2018
	|    Setup Time     =&gt; Tue Feb 06 00:27:59 EST 2018
	|    Setup Duration =&gt; 0 ms
	|-----------------------------------------------------------------|


	||-------------------------------------------||
	||                R^1 METRICS                ||
	||-------------------------------------------||
	||    L -&gt; R:                                ||
	||            - Mean                         ||
	||            - Error                        ||
	||            - Variance                     ||
	||            - Standard Deviation           ||
	||-------------------------------------------||
	||  0.00224 |  0.80024 |  1.00472 |  1.00236 ||
	|| -0.00220 |  0.80251 |  1.00950 |  1.00474 ||
	||  0.00058 |  0.79978 |  1.00303 |  1.00152 ||
	||  0.01113 |  0.79686 |  0.99963 |  0.99981 ||
	|| -0.00381 |  0.79401 |  0.99513 |  0.99756 ||
	||  0.00993 |  0.80007 |  1.00154 |  1.00077 ||
	||  0.00788 |  0.79786 |  0.99892 |  0.99946 ||
	|| -0.00125 |  0.79784 |  0.99535 |  0.99767 ||
	||  0.00235 |  0.80073 |  1.00248 |  1.00124 ||
	||-------------------------------------------||

	||------------------------------------------------------------------------------------------||
	||                                     INPUT CORRELATION                                    ||
	||------------------------------------------------------------------------------------------||
	||  1.00000 | 0.16100 | 0.24500 | 0.35200 | 0.25900 | 0.16600 | 0.00300 | 0.03800 | 0.11400 ||
	||  0.16100 | 1.00000 | 0.00000 | 0.00000 | 0.00000 | 0.00000 | 0.00000 | 0.00000 | 0.00000 ||
	||  0.24500 | 0.00000 | 1.00000 | 0.00000 | 0.00000 | 0.00000 | 0.00000 | 0.00000 | 0.00000 ||
	||  0.35200 | 0.00000 | 0.00000 | 1.00000 | 0.00000 | 0.00000 | 0.00000 | 0.00000 | 0.00000 ||
	||  0.25900 | 0.00000 | 0.00000 | 0.00000 | 1.00000 | 0.00000 | 0.00000 | 0.00000 | 0.00000 ||
	||  0.16600 | 0.00000 | 0.00000 | 0.00000 | 0.00000 | 1.00000 | 0.00000 | 0.00000 | 0.00000 ||
	||  0.00300 | 0.00000 | 0.00000 | 0.00000 | 0.00000 | 0.00000 | 1.00000 | 0.00000 | 0.00000 ||
	||  0.03800 | 0.00000 | 0.00000 | 0.00000 | 0.00000 | 0.00000 | 0.00000 | 1.00000 | 0.00000 ||
	||  0.11400 | 0.00000 | 0.00000 | 0.00000 | 0.00000 | 0.00000 | 0.00000 | 0.00000 | 1.00000 ||
	||------------------------------------------------------------------------------------------||

	||------------------------------------------------------------------------------------------||
	||                                    OUTPUT CORRELATION                                    ||
	||------------------------------------------------------------------------------------------||
	||  1.00000 | 0.16102 | 0.24325 | 0.35701 | 0.25726 | 0.16780 | 0.00410 | 0.04031 | 0.11949 ||
	||  0.16102 | 1.00000 |-0.00358 |-0.00297 | 0.00440 | 0.00742 |-0.00185 | 0.00467 | 0.00680 ||
	||  0.24325 |-0.00358 | 1.00000 | 0.00915 | 0.00124 | 0.00384 | 0.00137 |-0.01058 |-0.00277 ||
	||  0.35701 |-0.00297 | 0.00915 | 1.00000 | 0.00424 | 0.00184 |-0.00206 | 0.00369 | 0.00104 ||
	||  0.25726 | 0.00440 | 0.00124 | 0.00424 | 1.00000 |-0.00861 |-0.00320 | 0.00149 |-0.00377 ||
	||  0.16780 | 0.00742 | 0.00384 | 0.00184 |-0.00861 | 1.00000 |-0.00486 | 0.00376 | 0.00314 ||
	||  0.00410 |-0.00185 | 0.00137 |-0.00206 |-0.00320 |-0.00486 | 1.00000 | 0.00405 |-0.00587 ||
	||  0.04031 | 0.00467 |-0.01058 | 0.00369 | 0.00149 | 0.00376 | 0.00405 | 1.00000 | 0.00392 ||
	||  0.11949 | 0.00680 |-0.00277 | 0.00104 |-0.00377 | 0.00314 |-0.00587 | 0.00392 | 1.00000 ||
	||------------------------------------------------------------------------------------------||

	||------------------------------------------------------------------------------------------||
	||                                    OUTPUT COVARIANCE                                     ||
	||------------------------------------------------------------------------------------------||
	||  1.00472 | 0.16217 | 0.24420 | 0.35778 | 0.25723 | 0.16833 | 0.00410 | 0.04031 | 0.11992 ||
	||  0.16217 | 1.00950 |-0.00360 |-0.00299 | 0.00441 | 0.00746 |-0.00186 | 0.00469 | 0.00685 ||
	||  0.24420 |-0.00360 | 1.00303 | 0.00916 | 0.00124 | 0.00385 | 0.00137 |-0.01057 |-0.00278 ||
	||  0.35778 |-0.00299 | 0.00916 | 0.99963 | 0.00423 | 0.00184 |-0.00206 | 0.00368 | 0.00104 ||
	||  0.25723 | 0.00441 | 0.00124 | 0.00423 | 0.99513 |-0.00860 |-0.00319 | 0.00148 |-0.00377 ||
	||  0.16833 | 0.00746 | 0.00385 | 0.00184 |-0.00860 | 1.00154 |-0.00486 | 0.00375 | 0.00314 ||
	||  0.00410 |-0.00186 | 0.00137 |-0.00206 |-0.00319 |-0.00486 | 0.99892 | 0.00404 |-0.00587 ||
	||  0.04031 | 0.00469 |-0.01057 | 0.00368 | 0.00148 | 0.00375 | 0.00404 | 0.99535 | 0.00392 ||
	||  0.11992 | 0.00685 |-0.00278 | 0.00104 |-0.00377 | 0.00314 |-0.00587 | 0.00392 | 1.00248 ||
	||------------------------------------------------------------------------------------------||


	|-----------------------------------------------------------------|
	|    Copyright (C) 2011-2018 (DRIP)
	|-----------------------------------------------------------------|
	|    Build Version  =&gt; 3.30.0 multi mode
	|    Build JVM (TM) =&gt; 1.8.0_112
	|    Build Snap     =&gt; Mon Jan 29 18:28:41 EST 2018
	|    Start Time     =&gt; Tue Feb 06 00:28:02 EST 2018
	|    Setup Time     =&gt; Tue Feb 06 00:28:02 EST 2018
	|    Setup Duration =&gt; 0 ms
	|-----------------------------------------------------------------|


	||-------------------------------------------||
	||                R^1 METRICS                ||
	||-------------------------------------------||
	||    L -&gt; R:                                ||
	||            - Mean                         ||
	||            - Error                        ||
	||            - Variance                     ||
	||            - Standard Deviation           ||
	||-------------------------------------------||
	||  0.01137 |  0.79812 |  0.99987 |  0.99994 ||
	||  0.01069 |  0.79832 |  0.99989 |  0.99994 ||
	|| -0.00225 |  0.79792 |  0.99999 |  1.00000 ||
	||  0.00013 |  0.79807 |  1.00000 |  1.00000 ||
	||  0.00409 |  0.79917 |  0.99998 |  0.99999 ||
	||  0.00018 |  0.79738 |  1.00000 |  1.00000 ||
	|| -0.00748 |  0.79855 |  0.99994 |  0.99997 ||
	|| -0.00063 |  0.79735 |  1.00000 |  1.00000 ||
	||  0.00501 |  0.79844 |  0.99997 |  0.99999 ||
	||-------------------------------------------||

	||------------------------------------------------------------------------------------------||
	||                                     INPUT CORRELATION                                    ||
	||------------------------------------------------------------------------------------------||
	||  1.00000 | 0.16100 | 0.24500 | 0.35200 | 0.25900 | 0.16600 | 0.00300 | 0.03800 | 0.11400 ||
	||  0.16100 | 1.00000 | 0.00000 | 0.00000 | 0.00000 | 0.00000 | 0.00000 | 0.00000 | 0.00000 ||
	||  0.24500 | 0.00000 | 1.00000 | 0.00000 | 0.00000 | 0.00000 | 0.00000 | 0.00000 | 0.00000 ||
	||  0.35200 | 0.00000 | 0.00000 | 1.00000 | 0.00000 | 0.00000 | 0.00000 | 0.00000 | 0.00000 ||
	||  0.25900 | 0.00000 | 0.00000 | 0.00000 | 1.00000 | 0.00000 | 0.00000 | 0.00000 | 0.00000 ||
	||  0.16600 | 0.00000 | 0.00000 | 0.00000 | 0.00000 | 1.00000 | 0.00000 | 0.00000 | 0.00000 ||
	||  0.00300 | 0.00000 | 0.00000 | 0.00000 | 0.00000 | 0.00000 | 1.00000 | 0.00000 | 0.00000 ||
	||  0.03800 | 0.00000 | 0.00000 | 0.00000 | 0.00000 | 0.00000 | 0.00000 | 1.00000 | 0.00000 ||
	||  0.11400 | 0.00000 | 0.00000 | 0.00000 | 0.00000 | 0.00000 | 0.00000 | 0.00000 | 1.00000 ||
	||------------------------------------------------------------------------------------------||

	||------------------------------------------------------------------------------------------||
	||                                    OUTPUT CORRELATION                                    ||
	||------------------------------------------------------------------------------------------||
	||  1.00000 | 0.15822 | 0.24339 | 0.35323 | 0.25482 | 0.16133 |-0.00531 | 0.03633 | 0.11214 ||
	||  0.15822 | 1.00000 | 0.00172 |-0.00108 | 0.00464 |-0.00565 |-0.00225 |-0.00444 | 0.00189 ||
	||  0.24339 | 0.00172 | 1.00000 |-0.00398 | 0.00579 | 0.00075 |-0.00152 | 0.00236 | 0.00176 ||
	||  0.35323 |-0.00108 |-0.00398 | 1.00000 |-0.00155 |-0.00176 |-0.00312 | 0.00074 | 0.00141 ||
	||  0.25482 | 0.00464 | 0.00579 |-0.00155 | 1.00000 | 0.00005 | 0.00027 |-0.00097 | 0.00278 ||
	||  0.16133 |-0.00565 | 0.00075 |-0.00176 | 0.00005 | 1.00000 |-0.00255 | 0.01478 | 0.00274 ||
	|| -0.00531 |-0.00225 |-0.00152 |-0.00312 | 0.00027 |-0.00255 | 1.00000 | 0.00173 |-0.00263 ||
	||  0.03633 |-0.00444 | 0.00236 | 0.00074 |-0.00097 | 0.01478 | 0.00173 | 1.00000 | 0.00625 ||
	||  0.11214 | 0.00189 | 0.00176 | 0.00141 | 0.00278 | 0.00274 |-0.00263 | 0.00625 | 1.00000 ||
	||------------------------------------------------------------------------------------------||

	||------------------------------------------------------------------------------------------||
	||                                    OUTPUT COVARIANCE                                     ||
	||------------------------------------------------------------------------------------------||
	||  0.99987 | 0.15820 | 0.24337 | 0.35321 | 0.25480 | 0.16132 |-0.00531 | 0.03633 | 0.11213 ||
	||  0.15820 | 0.99989 | 0.00172 |-0.00107 | 0.00464 |-0.00565 |-0.00225 |-0.00444 | 0.00189 ||
	||  0.24337 | 0.00172 | 0.99999 |-0.00398 | 0.00579 | 0.00075 |-0.00152 | 0.00236 | 0.00176 ||
	||  0.35321 |-0.00107 |-0.00398 | 1.00000 |-0.00155 |-0.00176 |-0.00312 | 0.00074 | 0.00141 ||
	||  0.25480 | 0.00464 | 0.00579 |-0.00155 | 0.99998 | 0.00005 | 0.00027 |-0.00097 | 0.00278 ||
	||  0.16132 |-0.00565 | 0.00075 |-0.00176 | 0.00005 | 1.00000 |-0.00255 | 0.01478 | 0.00274 ||
	|| -0.00531 |-0.00225 |-0.00152 |-0.00312 | 0.00027 |-0.00255 | 0.99994 | 0.00173 |-0.00263 ||
	||  0.03633 |-0.00444 | 0.00236 | 0.00074 |-0.00097 | 0.01478 | 0.00173 | 1.00000 | 0.00625 ||
	||  0.11213 | 0.00189 | 0.00176 | 0.00141 | 0.00278 | 0.00274 |-0.00263 | 0.00625 | 0.99997 ||
	||------------------------------------------------------------------------------------------||


	|-----------------------------------------------------------------|
	|    Copyright (C) 2011-2018 (DRIP)
	|-----------------------------------------------------------------|
	|    Build Version  =&gt; 3.30.0 multi mode
	|    Build JVM (TM) =&gt; 1.8.0_112
	|    Build Snap     =&gt; Mon Jan 29 18:28:41 EST 2018
	|    Start Time     =&gt; Tue Feb 06 00:28:04 EST 2018
	|    Setup Time     =&gt; Tue Feb 06 00:28:04 EST 2018
	|    Setup Duration =&gt; 0 ms
	|-----------------------------------------------------------------|


	||-------------------------------------------||
	||                R^1 METRICS                ||
	||-------------------------------------------||
	||    L -&gt; R:                                ||
	||            - Mean                         ||
	||            - Error                        ||
	||            - Variance                     ||
	||            - Standard Deviation           ||
	||-------------------------------------------||
	||  0.00090 |  0.79764 |  0.99998 |  0.99999 ||
	||  0.00527 |  0.79861 |  0.99995 |  0.99998 ||
	|| -0.00428 |  0.79702 |  0.99996 |  0.99998 ||
	|| -0.01101 |  0.79732 |  0.99986 |  0.99993 ||
	||  0.00139 |  0.79645 |  0.99998 |  0.99999 ||
	||  0.00549 |  0.79750 |  0.99995 |  0.99997 ||
	|| -0.00737 |  0.79747 |  0.99993 |  0.99996 ||
	|| -0.00330 |  0.79682 |  0.99997 |  0.99998 ||
	|| -0.00113 |  0.80016 |  0.99998 |  0.99999 ||
	||-------------------------------------------||

	||------------------------------------------------------------------------------------------||
	||                                     INPUT CORRELATION                                    ||
	||------------------------------------------------------------------------------------------||
	||  1.00000 | 0.16100 | 0.24500 | 0.35200 | 0.25900 | 0.16600 | 0.00300 | 0.03800 | 0.11400 ||
	||  0.16100 | 1.00000 | 0.00000 | 0.00000 | 0.00000 | 0.00000 | 0.00000 | 0.00000 | 0.00000 ||
	||  0.24500 | 0.00000 | 1.00000 | 0.00000 | 0.00000 | 0.00000 | 0.00000 | 0.00000 | 0.00000 ||
	||  0.35200 | 0.00000 | 0.00000 | 1.00000 | 0.00000 | 0.00000 | 0.00000 | 0.00000 | 0.00000 ||
	||  0.25900 | 0.00000 | 0.00000 | 0.00000 | 1.00000 | 0.00000 | 0.00000 | 0.00000 | 0.00000 ||
	||  0.16600 | 0.00000 | 0.00000 | 0.00000 | 0.00000 | 1.00000 | 0.00000 | 0.00000 | 0.00000 ||
	||  0.00300 | 0.00000 | 0.00000 | 0.00000 | 0.00000 | 0.00000 | 1.00000 | 0.00000 | 0.00000 ||
	||  0.03800 | 0.00000 | 0.00000 | 0.00000 | 0.00000 | 0.00000 | 0.00000 | 1.00000 | 0.00000 ||
	||  0.11400 | 0.00000 | 0.00000 | 0.00000 | 0.00000 | 0.00000 | 0.00000 | 0.00000 | 1.00000 ||
	||------------------------------------------------------------------------------------------||

	||------------------------------------------------------------------------------------------||
	||                                    OUTPUT CORRELATION                                    ||
	||------------------------------------------------------------------------------------------||
	||  1.00000 | 0.16134 | 0.24289 | 0.34606 | 0.25167 | 0.16259 | 0.00502 | 0.03248 | 0.11530 ||
	||  0.16134 | 1.00000 | 0.00736 |-0.01261 |-0.00462 | 0.00162 |-0.01048 |-0.00368 |-0.00666 ||
	||  0.24289 | 0.00736 | 1.00000 | 0.00037 |-0.00110 |-0.00199 |-0.00156 |-0.00350 | 0.00198 ||
	||  0.34606 |-0.01261 | 0.00037 | 1.00000 |-0.01709 |-0.00370 | 0.00483 |-0.00544 |-0.00007 ||
	||  0.25167 |-0.00462 |-0.00110 |-0.01709 | 1.00000 |-0.00145 | 0.00309 |-0.00316 | 0.00061 ||
	||  0.16259 | 0.00162 |-0.00199 |-0.00370 |-0.00145 | 1.00000 | 0.01439 | 0.00663 | 0.00159 ||
	||  0.00502 |-0.01048 |-0.00156 | 0.00483 | 0.00309 | 0.01439 | 1.00000 |-0.00013 | 0.00650 ||
	||  0.03248 |-0.00368 |-0.00350 |-0.00544 |-0.00316 | 0.00663 |-0.00013 | 1.00000 | 0.00024 ||
	||  0.11530 |-0.00666 | 0.00198 |-0.00007 | 0.00061 | 0.00159 | 0.00650 | 0.00024 | 1.00000 ||
	||------------------------------------------------------------------------------------------||

	||------------------------------------------------------------------------------------------||
	||                                    OUTPUT COVARIANCE                                     ||
	||------------------------------------------------------------------------------------------||
	||  0.99998 | 0.16133 | 0.24289 | 0.34604 | 0.25166 | 0.16259 | 0.00502 | 0.03248 | 0.11530 ||
	||  0.16133 | 0.99995 | 0.00736 |-0.01261 |-0.00462 | 0.00162 |-0.01048 |-0.00368 |-0.00666 ||
	||  0.24289 | 0.00736 | 0.99996 | 0.00037 |-0.00110 |-0.00199 |-0.00156 |-0.00350 | 0.00198 ||
	||  0.34604 |-0.01261 | 0.00037 | 0.99986 |-0.01709 |-0.00370 | 0.00483 |-0.00544 |-0.00007 ||
	||  0.25166 |-0.00462 |-0.00110 |-0.01709 | 0.99998 |-0.00145 | 0.00309 |-0.00316 | 0.00061 ||
	||  0.16259 | 0.00162 |-0.00199 |-0.00370 |-0.00145 | 0.99995 | 0.01439 | 0.00663 | 0.00159 ||
	||  0.00502 |-0.01048 |-0.00156 | 0.00483 | 0.00309 | 0.01439 | 0.99993 |-0.00013 | 0.00650 ||
	||  0.03248 |-0.00368 |-0.00350 |-0.00544 |-0.00316 | 0.00663 |-0.00013 | 0.99997 | 0.00024 ||
	||  0.11530 |-0.00666 | 0.00198 |-0.00007 | 0.00061 | 0.00159 | 0.00650 | 0.00024 | 0.99998 ||
	||------------------------------------------------------------------------------------------||

</pre>
</span>
</div>
</div>
<div id="footer">
<p>
<div>
<label class="hidden" id="label-for-line-wrapping-toggle" for="line-wrapping-toggle">Wrap lines
<input id="line-wrapping-toggle" type="checkbox" autocomplete="off"/>
</label>
</div>Generated by 
<a href="http://www.gradle.org">Gradle 3.5</a> at Feb 6, 2018 1:05:17 AM</p>
</div>
</div>
</body>
</html>
