<!DOCTYPE html>
<html>
<head>
<meta http-equiv="Content-Type" content="text/html; charset=utf-8"/>
<meta http-equiv="x-ua-compatible" content="IE=edge"/>
<title>Test results - Class org.drip.coverage.sequence.Statistics</title>
<link href="../css/base-style.css" rel="stylesheet" type="text/css"/>
<link href="../css/style.css" rel="stylesheet" type="text/css"/>
<script src="../js/report.js" type="text/javascript"></script>
</head>
<body>
<div id="content">
<h1>Class org.drip.coverage.sequence.Statistics</h1>
<div class="breadcrumbs">
<a href="../index.html">all</a> &gt; 
<a href="../packages/org.drip.coverage.sequence.html">org.drip.coverage.sequence</a> &gt; Statistics</div>
<div id="summary">
<table>
<tr>
<td>
<div class="summaryGroup">
<table>
<tr>
<td>
<div class="infoBox" id="tests">
<div class="counter">1</div>
<p>tests</p>
</div>
</td>
<td>
<div class="infoBox" id="failures">
<div class="counter">0</div>
<p>failures</p>
</div>
</td>
<td>
<div class="infoBox" id="ignored">
<div class="counter">0</div>
<p>ignored</p>
</div>
</td>
<td>
<div class="infoBox" id="duration">
<div class="counter">9.638s</div>
<p>duration</p>
</div>
</td>
</tr>
</table>
</div>
</td>
<td>
<div class="infoBox success" id="successRate">
<div class="percent">100%</div>
<p>successful</p>
</div>
</td>
</tr>
</table>
</div>
<div id="tabs">
<ul class="tabLinks">
<li>
<a href="#tab0">Tests</a>
</li>
<li>
<a href="#tab1">Standard output</a>
</li>
</ul>
<div id="tab0" class="tab">
<h2>Tests</h2>
<table>
<thead>
<tr>
<th>Test</th>
<th>Duration</th>
<th>Result</th>
</tr>
</thead>
<tr>
<td class="success">codeCoverageTest</td>
<td>9.638s</td>
<td class="success">passed</td>
</tr>
</table>
</div>
<div id="tab1" class="tab">
<h2>Standard output</h2>
<span class="code">
<pre>
	|-----------------------------------------------------------------|
	|    Copyright (C) 2011-2019 (DRIP, DROP)
	|-----------------------------------------------------------------|
	|    Build Version  =&gt; 4.16.0 multi mode
	|    Build JVM (TM) =&gt; 1.8.0_112
	|    Build Snap     =&gt; Sat Apr 27 20:53:19 EST 2019
	|    Start Time     =&gt; Sat Apr 27 21:58:29 EDT 2019
	|    Setup Time     =&gt; Sat Apr 27 21:58:29 EDT 2019
	|    Setup Duration =&gt; 0 ms
	|-----------------------------------------------------------------|


	||-------------------------------------------||
	||                R^1 METRICS                ||
	||-------------------------------------------||
	||    L -&gt; R:                                ||
	||            - Mean                         ||
	||            - Error                        ||
	||            - Variance                     ||
	||            - Standard Deviation           ||
	||-------------------------------------------||
	|| -0.00013 |  0.79775 |  0.99959 |  0.99980 ||
	||  0.00048 |  0.80150 |  1.01036 |  1.00517 ||
	|| -0.00000 |  0.79724 |  0.99770 |  0.99885 ||
	|| -0.00026 |  0.79372 |  0.99345 |  0.99672 ||
	|| -0.00447 |  0.79817 |  1.00515 |  1.00257 ||
	|| -0.00538 |  0.79652 |  0.99586 |  0.99793 ||
	|| -0.00517 |  0.79686 |  0.99605 |  0.99802 ||
	|| -0.00008 |  0.79456 |  0.99288 |  0.99643 ||
	||  0.00258 |  0.79396 |  0.99124 |  0.99561 ||
	||-------------------------------------------||

	||------------------------------------------------------------------------------------------||
	||                                     INPUT CORRELATION                                    ||
	||------------------------------------------------------------------------------------------||
	||  1.00000 | 0.16100 | 0.24500 | 0.35200 | 0.25900 | 0.16600 | 0.00300 | 0.03800 | 0.11400 ||
	||  0.16100 | 1.00000 | 0.00000 | 0.00000 | 0.00000 | 0.00000 | 0.00000 | 0.00000 | 0.00000 ||
	||  0.24500 | 0.00000 | 1.00000 | 0.00000 | 0.00000 | 0.00000 | 0.00000 | 0.00000 | 0.00000 ||
	||  0.35200 | 0.00000 | 0.00000 | 1.00000 | 0.00000 | 0.00000 | 0.00000 | 0.00000 | 0.00000 ||
	||  0.25900 | 0.00000 | 0.00000 | 0.00000 | 1.00000 | 0.00000 | 0.00000 | 0.00000 | 0.00000 ||
	||  0.16600 | 0.00000 | 0.00000 | 0.00000 | 0.00000 | 1.00000 | 0.00000 | 0.00000 | 0.00000 ||
	||  0.00300 | 0.00000 | 0.00000 | 0.00000 | 0.00000 | 0.00000 | 1.00000 | 0.00000 | 0.00000 ||
	||  0.03800 | 0.00000 | 0.00000 | 0.00000 | 0.00000 | 0.00000 | 0.00000 | 1.00000 | 0.00000 ||
	||  0.11400 | 0.00000 | 0.00000 | 0.00000 | 0.00000 | 0.00000 | 0.00000 | 0.00000 | 1.00000 ||
	||------------------------------------------------------------------------------------------||

	||------------------------------------------------------------------------------------------||
	||                                    OUTPUT CORRELATION                                    ||
	||------------------------------------------------------------------------------------------||
	||  1.00000 | 0.15976 | 0.24867 | 0.35140 | 0.26221 | 0.16050 | 0.00026 | 0.02964 | 0.10973 ||
	||  0.15976 | 1.00000 |-0.00114 | 0.00107 |-0.00144 |-0.00227 | 0.00428 | 0.00210 |-0.00430 ||
	||  0.24867 |-0.00114 | 1.00000 |-0.00064 |-0.00318 | 0.01201 | 0.00040 |-0.00020 |-0.00511 ||
	||  0.35140 | 0.00107 |-0.00064 | 1.00000 |-0.00186 |-0.00915 |-0.00072 |-0.00008 | 0.00377 ||
	||  0.26221 |-0.00144 |-0.00318 |-0.00186 | 1.00000 |-0.00609 | 0.00123 | 0.00478 | 0.00342 ||
	||  0.16050 |-0.00227 | 0.01201 |-0.00915 |-0.00609 | 1.00000 | 0.00370 |-0.01091 | 0.00134 ||
	||  0.00026 | 0.00428 | 0.00040 |-0.00072 | 0.00123 | 0.00370 | 1.00000 |-0.00577 |-0.00668 ||
	||  0.02964 | 0.00210 |-0.00020 |-0.00008 | 0.00478 |-0.01091 |-0.00577 | 1.00000 |-0.00521 ||
	||  0.10973 |-0.00430 |-0.00511 | 0.00377 | 0.00342 | 0.00134 |-0.00668 |-0.00521 | 1.00000 ||
	||------------------------------------------------------------------------------------------||

	||------------------------------------------------------------------------------------------||
	||                                    OUTPUT COVARIANCE                                     ||
	||------------------------------------------------------------------------------------------||
	||  0.99959 | 0.16056 | 0.24833 | 0.35018 | 0.26284 | 0.16013 | 0.00026 | 0.02953 | 0.10922 ||
	||  0.16056 | 1.01036 |-0.00114 | 0.00107 |-0.00145 |-0.00228 | 0.00429 | 0.00210 |-0.00430 ||
	||  0.24833 |-0.00114 | 0.99770 |-0.00063 |-0.00318 | 0.01197 | 0.00040 |-0.00020 |-0.00508 ||
	||  0.35018 | 0.00107 |-0.00063 | 0.99345 |-0.00186 |-0.00910 |-0.00072 |-0.00008 | 0.00374 ||
	||  0.26284 |-0.00145 |-0.00318 |-0.00186 | 1.00515 |-0.00609 | 0.00123 | 0.00478 | 0.00341 ||
	||  0.16013 |-0.00228 | 0.01197 |-0.00910 |-0.00609 | 0.99586 | 0.00369 |-0.01085 | 0.00133 ||
	||  0.00026 | 0.00429 | 0.00040 |-0.00072 | 0.00123 | 0.00369 | 0.99605 |-0.00574 |-0.00664 ||
	||  0.02953 | 0.00210 |-0.00020 |-0.00008 | 0.00478 |-0.01085 |-0.00574 | 0.99288 |-0.00517 ||
	||  0.10922 |-0.00430 |-0.00508 | 0.00374 | 0.00341 | 0.00133 |-0.00664 |-0.00517 | 0.99124 ||
	||------------------------------------------------------------------------------------------||


	|-----------------------------------------------------------------|
	|    Copyright (C) 2011-2019 (DRIP, DROP)
	|-----------------------------------------------------------------|
	|    Build Version  =&gt; 4.16.0 multi mode
	|    Build JVM (TM) =&gt; 1.8.0_112
	|    Build Snap     =&gt; Sat Apr 27 20:53:19 EST 2019
	|    Start Time     =&gt; Sat Apr 27 21:58:32 EDT 2019
	|    Setup Time     =&gt; Sat Apr 27 21:58:32 EDT 2019
	|    Setup Duration =&gt; 0 ms
	|-----------------------------------------------------------------|


	||-------------------------------------------||
	||                R^1 METRICS                ||
	||-------------------------------------------||
	||    L -&gt; R:                                ||
	||            - Mean                         ||
	||            - Error                        ||
	||            - Variance                     ||
	||            - Standard Deviation           ||
	||-------------------------------------------||
	||  0.00094 |  0.79948 |  1.00656 |  1.00327 ||
	|| -0.00361 |  0.79672 |  0.99828 |  0.99914 ||
	||  0.00624 |  0.79888 |  1.00052 |  1.00026 ||
	|| -0.00246 |  0.79576 |  0.99523 |  0.99761 ||
	|| -0.00062 |  0.79882 |  1.00227 |  1.00113 ||
	|| -0.00702 |  0.80401 |  1.00926 |  1.00462 ||
	||  0.00711 |  0.79555 |  0.99355 |  0.99677 ||
	||  0.00578 |  0.79210 |  0.98917 |  0.99457 ||
	||  0.00213 |  0.79794 |  0.99762 |  0.99881 ||
	||-------------------------------------------||

	||------------------------------------------------------------------------------------------||
	||                                     INPUT CORRELATION                                    ||
	||------------------------------------------------------------------------------------------||
	||  1.00000 | 0.16100 | 0.24500 | 0.35200 | 0.25900 | 0.16600 | 0.00300 | 0.03800 | 0.11400 ||
	||  0.16100 | 1.00000 | 0.00000 | 0.00000 | 0.00000 | 0.00000 | 0.00000 | 0.00000 | 0.00000 ||
	||  0.24500 | 0.00000 | 1.00000 | 0.00000 | 0.00000 | 0.00000 | 0.00000 | 0.00000 | 0.00000 ||
	||  0.35200 | 0.00000 | 0.00000 | 1.00000 | 0.00000 | 0.00000 | 0.00000 | 0.00000 | 0.00000 ||
	||  0.25900 | 0.00000 | 0.00000 | 0.00000 | 1.00000 | 0.00000 | 0.00000 | 0.00000 | 0.00000 ||
	||  0.16600 | 0.00000 | 0.00000 | 0.00000 | 0.00000 | 1.00000 | 0.00000 | 0.00000 | 0.00000 ||
	||  0.00300 | 0.00000 | 0.00000 | 0.00000 | 0.00000 | 0.00000 | 1.00000 | 0.00000 | 0.00000 ||
	||  0.03800 | 0.00000 | 0.00000 | 0.00000 | 0.00000 | 0.00000 | 0.00000 | 1.00000 | 0.00000 ||
	||  0.11400 | 0.00000 | 0.00000 | 0.00000 | 0.00000 | 0.00000 | 0.00000 | 0.00000 | 1.00000 ||
	||------------------------------------------------------------------------------------------||

	||------------------------------------------------------------------------------------------||
	||                                    OUTPUT CORRELATION                                    ||
	||------------------------------------------------------------------------------------------||
	||  1.00000 | 0.15658 | 0.24538 | 0.34414 | 0.26517 | 0.16535 | 0.00330 | 0.03824 | 0.11686 ||
	||  0.15658 | 1.00000 |-0.00151 |-0.01047 |-0.00814 |-0.00074 | 0.00074 |-0.00367 | 0.00325 ||
	||  0.24538 |-0.00151 | 1.00000 |-0.00474 | 0.00403 | 0.00038 |-0.00253 | 0.00548 | 0.00181 ||
	||  0.34414 |-0.01047 |-0.00474 | 1.00000 | 0.00406 |-0.00203 |-0.00004 | 0.00029 |-0.00092 ||
	||  0.26517 |-0.00814 | 0.00403 | 0.00406 | 1.00000 |-0.00193 |-0.00131 | 0.00666 |-0.00119 ||
	||  0.16535 |-0.00074 | 0.00038 |-0.00203 |-0.00193 | 1.00000 |-0.00095 | 0.00012 | 0.00420 ||
	||  0.00330 | 0.00074 |-0.00253 |-0.00004 |-0.00131 |-0.00095 | 1.00000 | 0.00182 | 0.00091 ||
	||  0.03824 |-0.00367 | 0.00548 | 0.00029 | 0.00666 | 0.00012 | 0.00182 | 1.00000 | 0.00010 ||
	||  0.11686 | 0.00325 | 0.00181 |-0.00092 |-0.00119 | 0.00420 | 0.00091 | 0.00010 | 1.00000 ||
	||------------------------------------------------------------------------------------------||

	||------------------------------------------------------------------------------------------||
	||                                    OUTPUT COVARIANCE                                     ||
	||------------------------------------------------------------------------------------------||
	||  1.00656 | 0.15695 | 0.24625 | 0.34444 | 0.26634 | 0.16666 | 0.00330 | 0.03815 | 0.11710 ||
	||  0.15695 | 0.99828 |-0.00151 |-0.01043 |-0.00814 |-0.00074 | 0.00074 |-0.00364 | 0.00324 ||
	||  0.24625 |-0.00151 | 1.00052 |-0.00473 | 0.00403 | 0.00038 |-0.00252 | 0.00545 | 0.00181 ||
	||  0.34444 |-0.01043 |-0.00473 | 0.99523 | 0.00405 |-0.00203 |-0.00004 | 0.00029 |-0.00091 ||
	||  0.26634 |-0.00814 | 0.00403 | 0.00405 | 1.00227 |-0.00194 |-0.00131 | 0.00664 |-0.00119 ||
	||  0.16666 |-0.00074 | 0.00038 |-0.00203 |-0.00194 | 1.00926 |-0.00095 | 0.00012 | 0.00422 ||
	||  0.00330 | 0.00074 |-0.00252 |-0.00004 |-0.00131 |-0.00095 | 0.99355 | 0.00180 | 0.00091 ||
	||  0.03815 |-0.00364 | 0.00545 | 0.00029 | 0.00664 | 0.00012 | 0.00180 | 0.98917 | 0.00010 ||
	||  0.11710 | 0.00324 | 0.00181 |-0.00091 |-0.00119 | 0.00422 | 0.00091 | 0.00010 | 0.99762 ||
	||------------------------------------------------------------------------------------------||


	|-----------------------------------------------------------------|
	|    Copyright (C) 2011-2019 (DRIP, DROP)
	|-----------------------------------------------------------------|
	|    Build Version  =&gt; 4.16.0 multi mode
	|    Build JVM (TM) =&gt; 1.8.0_112
	|    Build Snap     =&gt; Sat Apr 27 20:53:19 EST 2019
	|    Start Time     =&gt; Sat Apr 27 21:58:34 EDT 2019
	|    Setup Time     =&gt; Sat Apr 27 21:58:34 EDT 2019
	|    Setup Duration =&gt; 0 ms
	|-----------------------------------------------------------------|


	||-------------------------------------------||
	||                R^1 METRICS                ||
	||-------------------------------------------||
	||    L -&gt; R:                                ||
	||            - Mean                         ||
	||            - Error                        ||
	||            - Variance                     ||
	||            - Standard Deviation           ||
	||-------------------------------------------||
	|| -0.00114 |  0.79670 |  1.00000 |  1.00000 ||
	||  0.00136 |  0.79766 |  1.00000 |  1.00000 ||
	|| -0.00239 |  0.79718 |  0.99999 |  1.00000 ||
	|| -0.00058 |  0.79581 |  1.00000 |  1.00000 ||
	||  0.00578 |  0.79797 |  0.99997 |  0.99998 ||
	||  0.00114 |  0.79727 |  1.00000 |  1.00000 ||
	||  0.00399 |  0.79789 |  0.99998 |  0.99999 ||
	|| -0.00352 |  0.79960 |  0.99999 |  0.99999 ||
	||  0.00278 |  0.79870 |  0.99999 |  1.00000 ||
	||-------------------------------------------||

	||------------------------------------------------------------------------------------------||
	||                                     INPUT CORRELATION                                    ||
	||------------------------------------------------------------------------------------------||
	||  1.00000 | 0.16100 | 0.24500 | 0.35200 | 0.25900 | 0.16600 | 0.00300 | 0.03800 | 0.11400 ||
	||  0.16100 | 1.00000 | 0.00000 | 0.00000 | 0.00000 | 0.00000 | 0.00000 | 0.00000 | 0.00000 ||
	||  0.24500 | 0.00000 | 1.00000 | 0.00000 | 0.00000 | 0.00000 | 0.00000 | 0.00000 | 0.00000 ||
	||  0.35200 | 0.00000 | 0.00000 | 1.00000 | 0.00000 | 0.00000 | 0.00000 | 0.00000 | 0.00000 ||
	||  0.25900 | 0.00000 | 0.00000 | 0.00000 | 1.00000 | 0.00000 | 0.00000 | 0.00000 | 0.00000 ||
	||  0.16600 | 0.00000 | 0.00000 | 0.00000 | 0.00000 | 1.00000 | 0.00000 | 0.00000 | 0.00000 ||
	||  0.00300 | 0.00000 | 0.00000 | 0.00000 | 0.00000 | 0.00000 | 1.00000 | 0.00000 | 0.00000 ||
	||  0.03800 | 0.00000 | 0.00000 | 0.00000 | 0.00000 | 0.00000 | 0.00000 | 1.00000 | 0.00000 ||
	||  0.11400 | 0.00000 | 0.00000 | 0.00000 | 0.00000 | 0.00000 | 0.00000 | 0.00000 | 1.00000 ||
	||------------------------------------------------------------------------------------------||

	||------------------------------------------------------------------------------------------||
	||                                    OUTPUT CORRELATION                                    ||
	||------------------------------------------------------------------------------------------||
	||  1.00000 | 0.16610 | 0.25094 | 0.35529 | 0.25576 | 0.16681 | 0.00126 | 0.03314 | 0.11531 ||
	||  0.16610 | 1.00000 | 0.00427 | 0.00645 | 0.00259 |-0.00346 |-0.00299 |-0.00252 |-0.00252 ||
	||  0.25094 | 0.00427 | 1.00000 | 0.00744 | 0.00013 | 0.00105 |-0.00527 |-0.00642 |-0.00523 ||
	||  0.35529 | 0.00645 | 0.00744 | 1.00000 |-0.00274 |-0.00408 | 0.00101 |-0.00812 |-0.00013 ||
	||  0.25576 | 0.00259 | 0.00013 |-0.00274 | 1.00000 | 0.00357 | 0.00238 | 0.00455 |-0.00612 ||
	||  0.16681 |-0.00346 | 0.00105 |-0.00408 | 0.00357 | 1.00000 | 0.00926 |-0.00216 |-0.00387 ||
	||  0.00126 |-0.00299 |-0.00527 | 0.00101 | 0.00238 | 0.00926 | 1.00000 |-0.00236 |-0.00367 ||
	||  0.03314 |-0.00252 |-0.00642 |-0.00812 | 0.00455 |-0.00216 |-0.00236 | 1.00000 |-0.00354 ||
	||  0.11531 |-0.00252 |-0.00523 |-0.00013 |-0.00612 |-0.00387 |-0.00367 |-0.00354 | 1.00000 ||
	||------------------------------------------------------------------------------------------||

	||------------------------------------------------------------------------------------------||
	||                                    OUTPUT COVARIANCE                                     ||
	||------------------------------------------------------------------------------------------||
	||  1.00000 | 0.16610 | 0.25094 | 0.35529 | 0.25576 | 0.16681 | 0.00126 | 0.03314 | 0.11531 ||
	||  0.16610 | 1.00000 | 0.00427 | 0.00645 | 0.00259 |-0.00346 |-0.00299 |-0.00252 |-0.00252 ||
	||  0.25094 | 0.00427 | 0.99999 | 0.00744 | 0.00013 | 0.00105 |-0.00527 |-0.00642 |-0.00523 ||
	||  0.35529 | 0.00645 | 0.00744 | 1.00000 |-0.00274 |-0.00408 | 0.00101 |-0.00812 |-0.00013 ||
	||  0.25576 | 0.00259 | 0.00013 |-0.00274 | 0.99997 | 0.00357 | 0.00238 | 0.00455 |-0.00612 ||
	||  0.16681 |-0.00346 | 0.00105 |-0.00408 | 0.00357 | 1.00000 | 0.00926 |-0.00216 |-0.00387 ||
	||  0.00126 |-0.00299 |-0.00527 | 0.00101 | 0.00238 | 0.00926 | 0.99998 |-0.00236 |-0.00367 ||
	||  0.03314 |-0.00252 |-0.00642 |-0.00812 | 0.00455 |-0.00216 |-0.00236 | 0.99999 |-0.00354 ||
	||  0.11531 |-0.00252 |-0.00523 |-0.00013 |-0.00612 |-0.00387 |-0.00367 |-0.00354 | 0.99999 ||
	||------------------------------------------------------------------------------------------||


	|-----------------------------------------------------------------|
	|    Copyright (C) 2011-2019 (DRIP, DROP)
	|-----------------------------------------------------------------|
	|    Build Version  =&gt; 4.16.0 multi mode
	|    Build JVM (TM) =&gt; 1.8.0_112
	|    Build Snap     =&gt; Sat Apr 27 20:53:19 EST 2019
	|    Start Time     =&gt; Sat Apr 27 21:58:37 EDT 2019
	|    Setup Time     =&gt; Sat Apr 27 21:58:37 EDT 2019
	|    Setup Duration =&gt; 0 ms
	|-----------------------------------------------------------------|


	||-------------------------------------------||
	||                R^1 METRICS                ||
	||-------------------------------------------||
	||    L -&gt; R:                                ||
	||            - Mean                         ||
	||            - Error                        ||
	||            - Variance                     ||
	||            - Standard Deviation           ||
	||-------------------------------------------||
	||  0.00612 |  0.79750 |  0.99994 |  0.99997 ||
	|| -0.00172 |  0.79750 |  0.99998 |  0.99999 ||
	||  0.01211 |  0.79737 |  0.99983 |  0.99992 ||
	|| -0.00166 |  0.79734 |  0.99998 |  0.99999 ||
	||  0.00341 |  0.79856 |  0.99997 |  0.99998 ||
	|| -0.00313 |  0.79767 |  0.99997 |  0.99999 ||
	|| -0.00154 |  0.79752 |  0.99998 |  0.99999 ||
	|| -0.00466 |  0.79928 |  0.99996 |  0.99998 ||
	||  0.00705 |  0.79676 |  0.99993 |  0.99997 ||
	||-------------------------------------------||

	||------------------------------------------------------------------------------------------||
	||                                     INPUT CORRELATION                                    ||
	||------------------------------------------------------------------------------------------||
	||  1.00000 | 0.16100 | 0.24500 | 0.35200 | 0.25900 | 0.16600 | 0.00300 | 0.03800 | 0.11400 ||
	||  0.16100 | 1.00000 | 0.00000 | 0.00000 | 0.00000 | 0.00000 | 0.00000 | 0.00000 | 0.00000 ||
	||  0.24500 | 0.00000 | 1.00000 | 0.00000 | 0.00000 | 0.00000 | 0.00000 | 0.00000 | 0.00000 ||
	||  0.35200 | 0.00000 | 0.00000 | 1.00000 | 0.00000 | 0.00000 | 0.00000 | 0.00000 | 0.00000 ||
	||  0.25900 | 0.00000 | 0.00000 | 0.00000 | 1.00000 | 0.00000 | 0.00000 | 0.00000 | 0.00000 ||
	||  0.16600 | 0.00000 | 0.00000 | 0.00000 | 0.00000 | 1.00000 | 0.00000 | 0.00000 | 0.00000 ||
	||  0.00300 | 0.00000 | 0.00000 | 0.00000 | 0.00000 | 0.00000 | 1.00000 | 0.00000 | 0.00000 ||
	||  0.03800 | 0.00000 | 0.00000 | 0.00000 | 0.00000 | 0.00000 | 0.00000 | 1.00000 | 0.00000 ||
	||  0.11400 | 0.00000 | 0.00000 | 0.00000 | 0.00000 | 0.00000 | 0.00000 | 0.00000 | 1.00000 ||
	||------------------------------------------------------------------------------------------||

	||------------------------------------------------------------------------------------------||
	||                                    OUTPUT CORRELATION                                    ||
	||------------------------------------------------------------------------------------------||
	||  1.00000 | 0.15853 | 0.24396 | 0.35440 | 0.25817 | 0.16415 | 0.00818 | 0.04013 | 0.12168 ||
	||  0.15853 | 1.00000 | 0.00150 |-0.00411 | 0.00089 |-0.00530 | 0.00442 |-0.00044 |-0.00688 ||
	||  0.24396 | 0.00150 | 1.00000 |-0.00101 |-0.00750 |-0.00333 | 0.00243 | 0.00265 | 0.00047 ||
	||  0.35440 |-0.00411 |-0.00101 | 1.00000 | 0.00808 |-0.00462 |-0.00737 |-0.00193 | 0.00381 ||
	||  0.25817 | 0.00089 |-0.00750 | 0.00808 | 1.00000 | 0.00141 | 0.00643 |-0.00208 |-0.00091 ||
	||  0.16415 |-0.00530 |-0.00333 |-0.00462 | 0.00141 | 1.00000 |-0.00537 |-0.00043 |-0.00088 ||
	||  0.00818 | 0.00442 | 0.00243 |-0.00737 | 0.00643 |-0.00537 | 1.00000 |-0.00396 | 0.00189 ||
	||  0.04013 |-0.00044 | 0.00265 |-0.00193 |-0.00208 |-0.00043 |-0.00396 | 1.00000 |-0.00492 ||
	||  0.12168 |-0.00688 | 0.00047 | 0.00381 |-0.00091 |-0.00088 | 0.00189 |-0.00492 | 1.00000 ||
	||------------------------------------------------------------------------------------------||

	||------------------------------------------------------------------------------------------||
	||                                    OUTPUT COVARIANCE                                     ||
	||------------------------------------------------------------------------------------------||
	||  0.99994 | 0.15853 | 0.24393 | 0.35439 | 0.25816 | 0.16415 | 0.00818 | 0.04013 | 0.12167 ||
	||  0.15853 | 0.99998 | 0.00150 |-0.00411 | 0.00089 |-0.00530 | 0.00442 |-0.00044 |-0.00688 ||
	||  0.24393 | 0.00150 | 0.99983 |-0.00101 |-0.00750 |-0.00333 | 0.00243 | 0.00265 | 0.00047 ||
	||  0.35439 |-0.00411 |-0.00101 | 0.99998 | 0.00808 |-0.00462 |-0.00737 |-0.00193 | 0.00381 ||
	||  0.25816 | 0.00089 |-0.00750 | 0.00808 | 0.99997 | 0.00141 | 0.00643 |-0.00208 |-0.00091 ||
	||  0.16415 |-0.00530 |-0.00333 |-0.00462 | 0.00141 | 0.99997 |-0.00537 |-0.00043 |-0.00088 ||
	||  0.00818 | 0.00442 | 0.00243 |-0.00737 | 0.00643 |-0.00537 | 0.99998 |-0.00396 | 0.00189 ||
	||  0.04013 |-0.00044 | 0.00265 |-0.00193 |-0.00208 |-0.00043 |-0.00396 | 0.99996 |-0.00492 ||
	||  0.12167 |-0.00688 | 0.00047 | 0.00381 |-0.00091 |-0.00088 | 0.00189 |-0.00492 | 0.99993 ||
	||------------------------------------------------------------------------------------------||

</pre>
</span>
</div>
</div>
<div id="footer">
<p>
<div>
<label class="hidden" id="label-for-line-wrapping-toggle" for="line-wrapping-toggle">Wrap lines
<input id="line-wrapping-toggle" type="checkbox" autocomplete="off"/>
</label>
</div>Generated by 
<a href="http://www.gradle.org">Gradle 3.5</a> at Apr 27, 2019 10:25:10 PM</p>
</div>
</div>
</body>
</html>
