<!DOCTYPE html>
<html>
<head>
<meta http-equiv="Content-Type" content="text/html; charset=utf-8"/>
<meta http-equiv="x-ua-compatible" content="IE=edge"/>
<title>Test results - Class org.drip.coverage.sequence.Statistics</title>
<link href="../css/base-style.css" rel="stylesheet" type="text/css"/>
<link href="../css/style.css" rel="stylesheet" type="text/css"/>
<script src="../js/report.js" type="text/javascript"></script>
</head>
<body>
<div id="content">
<h1>Class org.drip.coverage.sequence.Statistics</h1>
<div class="breadcrumbs">
<a href="../index.html">all</a> &gt; 
<a href="../packages/org.drip.coverage.sequence.html">org.drip.coverage.sequence</a> &gt; Statistics</div>
<div id="summary">
<table>
<tr>
<td>
<div class="summaryGroup">
<table>
<tr>
<td>
<div class="infoBox" id="tests">
<div class="counter">1</div>
<p>tests</p>
</div>
</td>
<td>
<div class="infoBox" id="failures">
<div class="counter">0</div>
<p>failures</p>
</div>
</td>
<td>
<div class="infoBox" id="ignored">
<div class="counter">0</div>
<p>ignored</p>
</div>
</td>
<td>
<div class="infoBox" id="duration">
<div class="counter">10.404s</div>
<p>duration</p>
</div>
</td>
</tr>
</table>
</div>
</td>
<td>
<div class="infoBox success" id="successRate">
<div class="percent">100%</div>
<p>successful</p>
</div>
</td>
</tr>
</table>
</div>
<div id="tabs">
<ul class="tabLinks">
<li>
<a href="#tab0">Tests</a>
</li>
<li>
<a href="#tab1">Standard output</a>
</li>
</ul>
<div id="tab0" class="tab">
<h2>Tests</h2>
<table>
<thead>
<tr>
<th>Test</th>
<th>Duration</th>
<th>Result</th>
</tr>
</thead>
<tr>
<td class="success">codeCoverageTest</td>
<td>10.404s</td>
<td class="success">passed</td>
</tr>
</table>
</div>
<div id="tab1" class="tab">
<h2>Standard output</h2>
<span class="code">
<pre>
	|-----------------------------------------------------------------|
	|    Copyright (C) 2011-2020 (DRIP, DROP)
	|-----------------------------------------------------------------|
	|    Build Version  =&gt; 4.58.0 multi mode
	|    Build JVM (TM) =&gt; 1.8.0_112
	|    Build Snap     =&gt; Mon Dec 30 05:29:13 EST 2019
	|    Start Time     =&gt; Mon Dec 30 23:08:35 EST 2019
	|    Setup Time     =&gt; Mon Dec 30 23:08:35 EST 2019
	|    Setup Duration =&gt; 1 ms
	|-----------------------------------------------------------------|


	||-------------------------------------------||
	||                R^1 METRICS                ||
	||-------------------------------------------||
	||    L -&gt; R:                                ||
	||            - Mean                         ||
	||            - Error                        ||
	||            - Variance                     ||
	||            - Standard Deviation           ||
	||-------------------------------------------||
	|| -0.00194 |  0.80004 |  1.00523 |  1.00261 ||
	|| -0.00689 |  0.79593 |  0.99554 |  0.99777 ||
	||  0.00076 |  0.79640 |  0.99890 |  0.99945 ||
	|| -0.00385 |  0.79478 |  0.99058 |  0.99528 ||
	||  0.00084 |  0.80175 |  1.00644 |  1.00321 ||
	|| -0.00758 |  0.80097 |  1.00531 |  1.00265 ||
	||  0.00310 |  0.79965 |  0.99847 |  0.99923 ||
	|| -0.00390 |  0.80273 |  1.00992 |  1.00495 ||
	||  0.00053 |  0.79270 |  0.98955 |  0.99476 ||
	||-------------------------------------------||

	||------------------------------------------------------------------------------------------||
	||                                     INPUT CORRELATION                                    ||
	||------------------------------------------------------------------------------------------||
	||  1.00000 | 0.16100 | 0.24500 | 0.35200 | 0.25900 | 0.16600 | 0.00300 | 0.03800 | 0.11400 ||
	||  0.16100 | 1.00000 | 0.00000 | 0.00000 | 0.00000 | 0.00000 | 0.00000 | 0.00000 | 0.00000 ||
	||  0.24500 | 0.00000 | 1.00000 | 0.00000 | 0.00000 | 0.00000 | 0.00000 | 0.00000 | 0.00000 ||
	||  0.35200 | 0.00000 | 0.00000 | 1.00000 | 0.00000 | 0.00000 | 0.00000 | 0.00000 | 0.00000 ||
	||  0.25900 | 0.00000 | 0.00000 | 0.00000 | 1.00000 | 0.00000 | 0.00000 | 0.00000 | 0.00000 ||
	||  0.16600 | 0.00000 | 0.00000 | 0.00000 | 0.00000 | 1.00000 | 0.00000 | 0.00000 | 0.00000 ||
	||  0.00300 | 0.00000 | 0.00000 | 0.00000 | 0.00000 | 0.00000 | 1.00000 | 0.00000 | 0.00000 ||
	||  0.03800 | 0.00000 | 0.00000 | 0.00000 | 0.00000 | 0.00000 | 0.00000 | 1.00000 | 0.00000 ||
	||  0.11400 | 0.00000 | 0.00000 | 0.00000 | 0.00000 | 0.00000 | 0.00000 | 0.00000 | 1.00000 ||
	||------------------------------------------------------------------------------------------||

	||------------------------------------------------------------------------------------------||
	||                                    OUTPUT CORRELATION                                    ||
	||------------------------------------------------------------------------------------------||
	||  1.00000 | 0.15888 | 0.24941 | 0.35057 | 0.26186 | 0.16508 | 0.00499 | 0.04564 | 0.12556 ||
	||  0.15888 | 1.00000 | 0.00225 |-0.01049 | 0.01001 | 0.00596 | 0.01020 |-0.00030 | 0.00565 ||
	||  0.24941 | 0.00225 | 1.00000 |-0.00211 | 0.00665 |-0.00292 | 0.00503 | 0.00768 | 0.00683 ||
	||  0.35057 |-0.01049 |-0.00211 | 1.00000 | 0.00450 | 0.00432 | 0.00186 | 0.00032 |-0.00147 ||
	||  0.26186 | 0.01001 | 0.00665 | 0.00450 | 1.00000 |-0.00543 |-0.00236 |-0.00230 | 0.00251 ||
	||  0.16508 | 0.00596 |-0.00292 | 0.00432 |-0.00543 | 1.00000 |-0.00353 | 0.00205 |-0.00314 ||
	||  0.00499 | 0.01020 | 0.00503 | 0.00186 |-0.00236 |-0.00353 | 1.00000 | 0.00690 | 0.00175 ||
	||  0.04564 |-0.00030 | 0.00768 | 0.00032 |-0.00230 | 0.00205 | 0.00690 | 1.00000 |-0.00307 ||
	||  0.12556 | 0.00565 | 0.00683 |-0.00147 | 0.00251 |-0.00314 | 0.00175 |-0.00307 | 1.00000 ||
	||------------------------------------------------------------------------------------------||

	||------------------------------------------------------------------------------------------||
	||                                    OUTPUT COVARIANCE                                     ||
	||------------------------------------------------------------------------------------------||
	||  1.00523 | 0.15894 | 0.24993 | 0.34982 | 0.26339 | 0.16595 | 0.00500 | 0.04599 | 0.12523 ||
	||  0.15894 | 0.99554 | 0.00224 |-0.01042 | 0.01002 | 0.00596 | 0.01017 |-0.00030 | 0.00561 ||
	||  0.24993 | 0.00224 | 0.99890 |-0.00210 | 0.00667 |-0.00293 | 0.00503 | 0.00771 | 0.00679 ||
	||  0.34982 |-0.01042 |-0.00210 | 0.99058 | 0.00450 | 0.00432 | 0.00185 | 0.00032 |-0.00146 ||
	||  0.26339 | 0.01002 | 0.00667 | 0.00450 | 1.00644 |-0.00546 |-0.00237 |-0.00232 | 0.00250 ||
	||  0.16595 | 0.00596 |-0.00293 | 0.00432 |-0.00546 | 1.00531 |-0.00353 | 0.00206 |-0.00314 ||
	||  0.00500 | 0.01017 | 0.00503 | 0.00185 |-0.00237 |-0.00353 | 0.99847 | 0.00693 | 0.00174 ||
	||  0.04599 |-0.00030 | 0.00771 | 0.00032 |-0.00232 | 0.00206 | 0.00693 | 1.00992 |-0.00307 ||
	||  0.12523 | 0.00561 | 0.00679 |-0.00146 | 0.00250 |-0.00314 | 0.00174 |-0.00307 | 0.98955 ||
	||------------------------------------------------------------------------------------------||


	|-----------------------------------------------------------------|
	|    Copyright (C) 2011-2020 (DRIP, DROP)
	|-----------------------------------------------------------------|
	|    Build Version  =&gt; 4.58.0 multi mode
	|    Build JVM (TM) =&gt; 1.8.0_112
	|    Build Snap     =&gt; Mon Dec 30 05:29:13 EST 2019
	|    Start Time     =&gt; Mon Dec 30 23:08:38 EST 2019
	|    Setup Time     =&gt; Mon Dec 30 23:08:38 EST 2019
	|    Setup Duration =&gt; 1 ms
	|-----------------------------------------------------------------|


	||-------------------------------------------||
	||                R^1 METRICS                ||
	||-------------------------------------------||
	||    L -&gt; R:                                ||
	||            - Mean                         ||
	||            - Error                        ||
	||            - Variance                     ||
	||            - Standard Deviation           ||
	||-------------------------------------------||
	|| -0.00982 |  0.80310 |  1.01521 |  1.00758 ||
	|| -0.00556 |  0.79780 |  0.99357 |  0.99678 ||
	|| -0.00217 |  0.79830 |  1.00108 |  1.00054 ||
	||  0.00117 |  0.79563 |  0.99559 |  0.99779 ||
	|| -0.00392 |  0.79940 |  1.00546 |  1.00273 ||
	||  0.00093 |  0.79863 |  1.00468 |  1.00233 ||
	||  0.00001 |  0.79411 |  0.99198 |  0.99598 ||
	|| -0.00468 |  0.79820 |  1.00212 |  1.00106 ||
	|| -0.00307 |  0.79825 |  1.00079 |  1.00039 ||
	||-------------------------------------------||

	||------------------------------------------------------------------------------------------||
	||                                     INPUT CORRELATION                                    ||
	||------------------------------------------------------------------------------------------||
	||  1.00000 | 0.16100 | 0.24500 | 0.35200 | 0.25900 | 0.16600 | 0.00300 | 0.03800 | 0.11400 ||
	||  0.16100 | 1.00000 | 0.00000 | 0.00000 | 0.00000 | 0.00000 | 0.00000 | 0.00000 | 0.00000 ||
	||  0.24500 | 0.00000 | 1.00000 | 0.00000 | 0.00000 | 0.00000 | 0.00000 | 0.00000 | 0.00000 ||
	||  0.35200 | 0.00000 | 0.00000 | 1.00000 | 0.00000 | 0.00000 | 0.00000 | 0.00000 | 0.00000 ||
	||  0.25900 | 0.00000 | 0.00000 | 0.00000 | 1.00000 | 0.00000 | 0.00000 | 0.00000 | 0.00000 ||
	||  0.16600 | 0.00000 | 0.00000 | 0.00000 | 0.00000 | 1.00000 | 0.00000 | 0.00000 | 0.00000 ||
	||  0.00300 | 0.00000 | 0.00000 | 0.00000 | 0.00000 | 0.00000 | 1.00000 | 0.00000 | 0.00000 ||
	||  0.03800 | 0.00000 | 0.00000 | 0.00000 | 0.00000 | 0.00000 | 0.00000 | 1.00000 | 0.00000 ||
	||  0.11400 | 0.00000 | 0.00000 | 0.00000 | 0.00000 | 0.00000 | 0.00000 | 0.00000 | 1.00000 ||
	||------------------------------------------------------------------------------------------||

	||------------------------------------------------------------------------------------------||
	||                                    OUTPUT CORRELATION                                    ||
	||------------------------------------------------------------------------------------------||
	||  1.00000 | 0.16747 | 0.24497 | 0.35662 | 0.26461 | 0.17446 | 0.00250 | 0.03971 | 0.11171 ||
	||  0.16747 | 1.00000 |-0.00101 | 0.00260 |-0.00108 |-0.00052 | 0.00542 |-0.00383 | 0.00509 ||
	||  0.24497 |-0.00101 | 1.00000 |-0.00457 | 0.00125 |-0.00312 |-0.00262 | 0.00008 | 0.00486 ||
	||  0.35662 | 0.00260 |-0.00457 | 1.00000 | 0.00367 | 0.00259 |-0.00620 |-0.00037 | 0.00158 ||
	||  0.26461 |-0.00108 | 0.00125 | 0.00367 | 1.00000 | 0.00326 |-0.00089 | 0.00256 | 0.00654 ||
	||  0.17446 |-0.00052 |-0.00312 | 0.00259 | 0.00326 | 1.00000 |-0.00081 |-0.00088 | 0.00856 ||
	||  0.00250 | 0.00542 |-0.00262 |-0.00620 |-0.00089 |-0.00081 | 1.00000 | 0.00584 |-0.00599 ||
	||  0.03971 |-0.00383 | 0.00008 |-0.00037 | 0.00256 |-0.00088 | 0.00584 | 1.00000 | 0.00354 ||
	||  0.11171 | 0.00509 | 0.00486 | 0.00158 | 0.00654 | 0.00856 |-0.00599 | 0.00354 | 1.00000 ||
	||------------------------------------------------------------------------------------------||

	||------------------------------------------------------------------------------------------||
	||                                    OUTPUT COVARIANCE                                     ||
	||------------------------------------------------------------------------------------------||
	||  1.01521 | 0.16819 | 0.24696 | 0.35853 | 0.26734 | 0.17619 | 0.00251 | 0.04006 | 0.11260 ||
	||  0.16819 | 0.99357 |-0.00101 | 0.00259 |-0.00108 |-0.00052 | 0.00538 |-0.00382 | 0.00507 ||
	||  0.24696 |-0.00101 | 1.00108 |-0.00456 | 0.00126 |-0.00313 |-0.00261 | 0.00008 | 0.00487 ||
	||  0.35853 | 0.00259 |-0.00456 | 0.99559 | 0.00367 | 0.00259 |-0.00616 |-0.00037 | 0.00158 ||
	||  0.26734 |-0.00108 | 0.00126 | 0.00367 | 1.00546 | 0.00328 |-0.00089 | 0.00257 | 0.00656 ||
	||  0.17619 |-0.00052 |-0.00313 | 0.00259 | 0.00328 | 1.00468 |-0.00081 |-0.00088 | 0.00858 ||
	||  0.00251 | 0.00538 |-0.00261 |-0.00616 |-0.00089 |-0.00081 | 0.99198 | 0.00582 |-0.00597 ||
	||  0.04006 |-0.00382 | 0.00008 |-0.00037 | 0.00257 |-0.00088 | 0.00582 | 1.00212 | 0.00355 ||
	||  0.11260 | 0.00507 | 0.00487 | 0.00158 | 0.00656 | 0.00858 |-0.00597 | 0.00355 | 1.00079 ||
	||------------------------------------------------------------------------------------------||


	|-----------------------------------------------------------------|
	|    Copyright (C) 2011-2020 (DRIP, DROP)
	|-----------------------------------------------------------------|
	|    Build Version  =&gt; 4.58.0 multi mode
	|    Build JVM (TM) =&gt; 1.8.0_112
	|    Build Snap     =&gt; Mon Dec 30 05:29:13 EST 2019
	|    Start Time     =&gt; Mon Dec 30 23:08:40 EST 2019
	|    Setup Time     =&gt; Mon Dec 30 23:08:40 EST 2019
	|    Setup Duration =&gt; 0 ms
	|-----------------------------------------------------------------|


	||-------------------------------------------||
	||                R^1 METRICS                ||
	||-------------------------------------------||
	||    L -&gt; R:                                ||
	||            - Mean                         ||
	||            - Error                        ||
	||            - Variance                     ||
	||            - Standard Deviation           ||
	||-------------------------------------------||
	||  0.00444 |  0.79749 |  0.99998 |  0.99999 ||
	|| -0.00336 |  0.79662 |  0.99999 |  0.99999 ||
	|| -0.00323 |  0.79694 |  0.99999 |  0.99999 ||
	||  0.00285 |  0.79874 |  0.99999 |  1.00000 ||
	|| -0.00567 |  0.79684 |  0.99997 |  0.99998 ||
	||  0.00479 |  0.79830 |  0.99998 |  0.99999 ||
	|| -0.00279 |  0.79825 |  0.99999 |  1.00000 ||
	||  0.00081 |  0.79610 |  1.00000 |  1.00000 ||
	||  0.00059 |  0.79712 |  1.00000 |  1.00000 ||
	||-------------------------------------------||

	||------------------------------------------------------------------------------------------||
	||                                     INPUT CORRELATION                                    ||
	||------------------------------------------------------------------------------------------||
	||  1.00000 | 0.16100 | 0.24500 | 0.35200 | 0.25900 | 0.16600 | 0.00300 | 0.03800 | 0.11400 ||
	||  0.16100 | 1.00000 | 0.00000 | 0.00000 | 0.00000 | 0.00000 | 0.00000 | 0.00000 | 0.00000 ||
	||  0.24500 | 0.00000 | 1.00000 | 0.00000 | 0.00000 | 0.00000 | 0.00000 | 0.00000 | 0.00000 ||
	||  0.35200 | 0.00000 | 0.00000 | 1.00000 | 0.00000 | 0.00000 | 0.00000 | 0.00000 | 0.00000 ||
	||  0.25900 | 0.00000 | 0.00000 | 0.00000 | 1.00000 | 0.00000 | 0.00000 | 0.00000 | 0.00000 ||
	||  0.16600 | 0.00000 | 0.00000 | 0.00000 | 0.00000 | 1.00000 | 0.00000 | 0.00000 | 0.00000 ||
	||  0.00300 | 0.00000 | 0.00000 | 0.00000 | 0.00000 | 0.00000 | 1.00000 | 0.00000 | 0.00000 ||
	||  0.03800 | 0.00000 | 0.00000 | 0.00000 | 0.00000 | 0.00000 | 0.00000 | 1.00000 | 0.00000 ||
	||  0.11400 | 0.00000 | 0.00000 | 0.00000 | 0.00000 | 0.00000 | 0.00000 | 0.00000 | 1.00000 ||
	||------------------------------------------------------------------------------------------||

	||------------------------------------------------------------------------------------------||
	||                                    OUTPUT CORRELATION                                    ||
	||------------------------------------------------------------------------------------------||
	||  1.00000 | 0.15330 | 0.24138 | 0.34826 | 0.25786 | 0.16656 |-0.00747 | 0.04135 | 0.12273 ||
	||  0.15330 | 1.00000 |-0.01050 |-0.00818 |-0.00297 |-0.00148 | 0.00367 | 0.00613 | 0.00156 ||
	||  0.24138 |-0.01050 | 1.00000 |-0.00039 |-0.00404 |-0.00132 |-0.00394 | 0.00077 | 0.00318 ||
	||  0.34826 |-0.00818 |-0.00039 | 1.00000 |-0.00142 |-0.00404 |-0.00728 | 0.00538 | 0.00345 ||
	||  0.25786 |-0.00297 |-0.00404 |-0.00142 | 1.00000 | 0.00210 | 0.00352 | 0.00715 | 0.00047 ||
	||  0.16656 |-0.00148 |-0.00132 |-0.00404 | 0.00210 | 1.00000 | 0.00301 |-0.00127 | 0.00115 ||
	|| -0.00747 | 0.00367 |-0.00394 |-0.00728 | 0.00352 | 0.00301 | 1.00000 |-0.00575 |-0.00700 ||
	||  0.04135 | 0.00613 | 0.00077 | 0.00538 | 0.00715 |-0.00127 |-0.00575 | 1.00000 | 0.00117 ||
	||  0.12273 | 0.00156 | 0.00318 | 0.00345 | 0.00047 | 0.00115 |-0.00700 | 0.00117 | 1.00000 ||
	||------------------------------------------------------------------------------------------||

	||------------------------------------------------------------------------------------------||
	||                                    OUTPUT COVARIANCE                                     ||
	||------------------------------------------------------------------------------------------||
	||  0.99998 | 0.15330 | 0.24138 | 0.34826 | 0.25785 | 0.16655 |-0.00747 | 0.04135 | 0.12273 ||
	||  0.15330 | 0.99999 |-0.01050 |-0.00818 |-0.00297 |-0.00148 | 0.00367 | 0.00613 | 0.00156 ||
	||  0.24138 |-0.01050 | 0.99999 |-0.00039 |-0.00404 |-0.00132 |-0.00394 | 0.00077 | 0.00318 ||
	||  0.34826 |-0.00818 |-0.00039 | 0.99999 |-0.00142 |-0.00404 |-0.00728 | 0.00538 | 0.00345 ||
	||  0.25785 |-0.00297 |-0.00404 |-0.00142 | 0.99997 | 0.00210 | 0.00352 | 0.00715 | 0.00047 ||
	||  0.16655 |-0.00148 |-0.00132 |-0.00404 | 0.00210 | 0.99998 | 0.00301 |-0.00127 | 0.00115 ||
	|| -0.00747 | 0.00367 |-0.00394 |-0.00728 | 0.00352 | 0.00301 | 0.99999 |-0.00575 |-0.00700 ||
	||  0.04135 | 0.00613 | 0.00077 | 0.00538 | 0.00715 |-0.00127 |-0.00575 | 1.00000 | 0.00117 ||
	||  0.12273 | 0.00156 | 0.00318 | 0.00345 | 0.00047 | 0.00115 |-0.00700 | 0.00117 | 1.00000 ||
	||------------------------------------------------------------------------------------------||


	|-----------------------------------------------------------------|
	|    Copyright (C) 2011-2020 (DRIP, DROP)
	|-----------------------------------------------------------------|
	|    Build Version  =&gt; 4.58.0 multi mode
	|    Build JVM (TM) =&gt; 1.8.0_112
	|    Build Snap     =&gt; Mon Dec 30 05:29:13 EST 2019
	|    Start Time     =&gt; Mon Dec 30 23:08:43 EST 2019
	|    Setup Time     =&gt; Mon Dec 30 23:08:43 EST 2019
	|    Setup Duration =&gt; 1 ms
	|-----------------------------------------------------------------|


	||-------------------------------------------||
	||                R^1 METRICS                ||
	||-------------------------------------------||
	||    L -&gt; R:                                ||
	||            - Mean                         ||
	||            - Error                        ||
	||            - Variance                     ||
	||            - Standard Deviation           ||
	||-------------------------------------------||
	||  0.00421 |  0.79983 |  0.99996 |  0.99998 ||
	||  0.01046 |  0.79845 |  0.99987 |  0.99994 ||
	|| -0.00542 |  0.79764 |  0.99995 |  0.99998 ||
	||  0.00156 |  0.79781 |  0.99998 |  0.99999 ||
	||  0.00427 |  0.79604 |  0.99996 |  0.99998 ||
	|| -0.00101 |  0.79812 |  0.99998 |  0.99999 ||
	|| -0.00218 |  0.79800 |  0.99998 |  0.99999 ||
	||  0.00149 |  0.79838 |  0.99998 |  0.99999 ||
	||  0.00102 |  0.79718 |  0.99998 |  0.99999 ||
	||-------------------------------------------||

	||------------------------------------------------------------------------------------------||
	||                                     INPUT CORRELATION                                    ||
	||------------------------------------------------------------------------------------------||
	||  1.00000 | 0.16100 | 0.24500 | 0.35200 | 0.25900 | 0.16600 | 0.00300 | 0.03800 | 0.11400 ||
	||  0.16100 | 1.00000 | 0.00000 | 0.00000 | 0.00000 | 0.00000 | 0.00000 | 0.00000 | 0.00000 ||
	||  0.24500 | 0.00000 | 1.00000 | 0.00000 | 0.00000 | 0.00000 | 0.00000 | 0.00000 | 0.00000 ||
	||  0.35200 | 0.00000 | 0.00000 | 1.00000 | 0.00000 | 0.00000 | 0.00000 | 0.00000 | 0.00000 ||
	||  0.25900 | 0.00000 | 0.00000 | 0.00000 | 1.00000 | 0.00000 | 0.00000 | 0.00000 | 0.00000 ||
	||  0.16600 | 0.00000 | 0.00000 | 0.00000 | 0.00000 | 1.00000 | 0.00000 | 0.00000 | 0.00000 ||
	||  0.00300 | 0.00000 | 0.00000 | 0.00000 | 0.00000 | 0.00000 | 1.00000 | 0.00000 | 0.00000 ||
	||  0.03800 | 0.00000 | 0.00000 | 0.00000 | 0.00000 | 0.00000 | 0.00000 | 1.00000 | 0.00000 ||
	||  0.11400 | 0.00000 | 0.00000 | 0.00000 | 0.00000 | 0.00000 | 0.00000 | 0.00000 | 1.00000 ||
	||------------------------------------------------------------------------------------------||

	||------------------------------------------------------------------------------------------||
	||                                    OUTPUT CORRELATION                                    ||
	||------------------------------------------------------------------------------------------||
	||  1.00000 | 0.15970 | 0.25031 | 0.35758 | 0.25242 | 0.16578 | 0.01187 | 0.04492 | 0.11413 ||
	||  0.15970 | 1.00000 |-0.00534 | 0.00126 |-0.00280 | 0.00648 |-0.00148 |-0.00110 | 0.00290 ||
	||  0.25031 |-0.00534 | 1.00000 | 0.00321 |-0.00481 | 0.00451 | 0.01282 | 0.00129 | 0.00217 ||
	||  0.35758 | 0.00126 | 0.00321 | 1.00000 | 0.00158 |-0.00044 | 0.00312 | 0.00013 |-0.00171 ||
	||  0.25242 |-0.00280 |-0.00481 | 0.00158 | 1.00000 |-0.00766 |-0.00281 | 0.00438 |-0.00001 ||
	||  0.16578 | 0.00648 | 0.00451 |-0.00044 |-0.00766 | 1.00000 |-0.00145 | 0.00896 |-0.00303 ||
	||  0.01187 |-0.00148 | 0.01282 | 0.00312 |-0.00281 |-0.00145 | 1.00000 |-0.01018 | 0.00148 ||
	||  0.04492 |-0.00110 | 0.00129 | 0.00013 | 0.00438 | 0.00896 |-0.01018 | 1.00000 | 0.00428 ||
	||  0.11413 | 0.00290 | 0.00217 |-0.00171 |-0.00001 |-0.00303 | 0.00148 | 0.00428 | 1.00000 ||
	||------------------------------------------------------------------------------------------||

	||------------------------------------------------------------------------------------------||
	||                                    OUTPUT COVARIANCE                                     ||
	||------------------------------------------------------------------------------------------||
	||  0.99996 | 0.15969 | 0.25030 | 0.35757 | 0.25241 | 0.16577 | 0.01187 | 0.04492 | 0.11412 ||
	||  0.15969 | 0.99987 |-0.00534 | 0.00126 |-0.00280 | 0.00648 |-0.00148 |-0.00110 | 0.00290 ||
	||  0.25030 |-0.00534 | 0.99995 | 0.00321 |-0.00481 | 0.00451 | 0.01282 | 0.00129 | 0.00217 ||
	||  0.35757 | 0.00126 | 0.00321 | 0.99998 | 0.00158 |-0.00044 | 0.00312 | 0.00013 |-0.00171 ||
	||  0.25241 |-0.00280 |-0.00481 | 0.00158 | 0.99996 |-0.00766 |-0.00281 | 0.00438 |-0.00001 ||
	||  0.16577 | 0.00648 | 0.00451 |-0.00044 |-0.00766 | 0.99998 |-0.00145 | 0.00896 |-0.00303 ||
	||  0.01187 |-0.00148 | 0.01282 | 0.00312 |-0.00281 |-0.00145 | 0.99998 |-0.01018 | 0.00148 ||
	||  0.04492 |-0.00110 | 0.00129 | 0.00013 | 0.00438 | 0.00896 |-0.01018 | 0.99998 | 0.00428 ||
	||  0.11412 | 0.00290 | 0.00217 |-0.00171 |-0.00001 |-0.00303 | 0.00148 | 0.00428 | 0.99998 ||
	||------------------------------------------------------------------------------------------||

</pre>
</span>
</div>
</div>
<div id="footer">
<p>
<div>
<label class="hidden" id="label-for-line-wrapping-toggle" for="line-wrapping-toggle">Wrap lines
<input id="line-wrapping-toggle" type="checkbox" autocomplete="off"/>
</label>
</div>Generated by 
<a href="http://www.gradle.org">Gradle 3.5</a> at Dec 30, 2019 11:35:18 PM</p>
</div>
</div>
</body>
</html>
