<!DOCTYPE html>
<html>
<head>
<meta http-equiv="Content-Type" content="text/html; charset=utf-8"/>
<meta http-equiv="x-ua-compatible" content="IE=edge"/>
<title>Test results - Class org.drip.coverage.sequence.Statistics</title>
<link href="../css/base-style.css" rel="stylesheet" type="text/css"/>
<link href="../css/style.css" rel="stylesheet" type="text/css"/>
<script src="../js/report.js" type="text/javascript"></script>
</head>
<body>
<div id="content">
<h1>Class org.drip.coverage.sequence.Statistics</h1>
<div class="breadcrumbs">
<a href="../index.html">all</a> &gt; 
<a href="../packages/org.drip.coverage.sequence.html">org.drip.coverage.sequence</a> &gt; Statistics</div>
<div id="summary">
<table>
<tr>
<td>
<div class="summaryGroup">
<table>
<tr>
<td>
<div class="infoBox" id="tests">
<div class="counter">1</div>
<p>tests</p>
</div>
</td>
<td>
<div class="infoBox" id="failures">
<div class="counter">0</div>
<p>failures</p>
</div>
</td>
<td>
<div class="infoBox" id="ignored">
<div class="counter">0</div>
<p>ignored</p>
</div>
</td>
<td>
<div class="infoBox" id="duration">
<div class="counter">10.026s</div>
<p>duration</p>
</div>
</td>
</tr>
</table>
</div>
</td>
<td>
<div class="infoBox success" id="successRate">
<div class="percent">100%</div>
<p>successful</p>
</div>
</td>
</tr>
</table>
</div>
<div id="tabs">
<ul class="tabLinks">
<li>
<a href="#tab0">Tests</a>
</li>
<li>
<a href="#tab1">Standard output</a>
</li>
</ul>
<div id="tab0" class="tab">
<h2>Tests</h2>
<table>
<thead>
<tr>
<th>Test</th>
<th>Duration</th>
<th>Result</th>
</tr>
</thead>
<tr>
<td class="success">codeCoverageTest</td>
<td>10.026s</td>
<td class="success">passed</td>
</tr>
</table>
</div>
<div id="tab1" class="tab">
<h2>Standard output</h2>
<span class="code">
<pre>
	|-----------------------------------------------------------------|
	|    Copyright (C) 2011-2018 (DRIP)
	|-----------------------------------------------------------------|
	|    Build Version  =&gt; 3.78.0 multi mode
	|    Build JVM (TM) =&gt; 1.8.0_112
	|    Build Snap     =&gt; Tue Oct 16 18:01:52 EST 2018
	|    Start Time     =&gt; Tue Oct 16 23:54:06 EDT 2018
	|    Setup Time     =&gt; Tue Oct 16 23:54:06 EDT 2018
	|    Setup Duration =&gt; 0 ms
	|-----------------------------------------------------------------|


	||-------------------------------------------||
	||                R^1 METRICS                ||
	||-------------------------------------------||
	||    L -&gt; R:                                ||
	||            - Mean                         ||
	||            - Error                        ||
	||            - Variance                     ||
	||            - Standard Deviation           ||
	||-------------------------------------------||
	|| -0.00345 |  0.79524 |  0.99483 |  0.99741 ||
	|| -0.00025 |  0.79411 |  0.99082 |  0.99540 ||
	||  0.00342 |  0.80027 |  1.00531 |  1.00265 ||
	|| -0.00679 |  0.79767 |  1.00277 |  1.00138 ||
	||  0.00013 |  0.79702 |  0.99881 |  0.99940 ||
	|| -0.00559 |  0.79659 |  1.00093 |  1.00046 ||
	||  0.00343 |  0.79339 |  0.99285 |  0.99642 ||
	|| -0.00796 |  0.80146 |  1.01130 |  1.00563 ||
	|| -0.00801 |  0.79720 |  1.00190 |  1.00095 ||
	||-------------------------------------------||

	||------------------------------------------------------------------------------------------||
	||                                     INPUT CORRELATION                                    ||
	||------------------------------------------------------------------------------------------||
	||  1.00000 | 0.16100 | 0.24500 | 0.35200 | 0.25900 | 0.16600 | 0.00300 | 0.03800 | 0.11400 ||
	||  0.16100 | 1.00000 | 0.00000 | 0.00000 | 0.00000 | 0.00000 | 0.00000 | 0.00000 | 0.00000 ||
	||  0.24500 | 0.00000 | 1.00000 | 0.00000 | 0.00000 | 0.00000 | 0.00000 | 0.00000 | 0.00000 ||
	||  0.35200 | 0.00000 | 0.00000 | 1.00000 | 0.00000 | 0.00000 | 0.00000 | 0.00000 | 0.00000 ||
	||  0.25900 | 0.00000 | 0.00000 | 0.00000 | 1.00000 | 0.00000 | 0.00000 | 0.00000 | 0.00000 ||
	||  0.16600 | 0.00000 | 0.00000 | 0.00000 | 0.00000 | 1.00000 | 0.00000 | 0.00000 | 0.00000 ||
	||  0.00300 | 0.00000 | 0.00000 | 0.00000 | 0.00000 | 0.00000 | 1.00000 | 0.00000 | 0.00000 ||
	||  0.03800 | 0.00000 | 0.00000 | 0.00000 | 0.00000 | 0.00000 | 0.00000 | 1.00000 | 0.00000 ||
	||  0.11400 | 0.00000 | 0.00000 | 0.00000 | 0.00000 | 0.00000 | 0.00000 | 0.00000 | 1.00000 ||
	||------------------------------------------------------------------------------------------||

	||------------------------------------------------------------------------------------------||
	||                                    OUTPUT CORRELATION                                    ||
	||------------------------------------------------------------------------------------------||
	||  1.00000 | 0.16215 | 0.24155 | 0.35026 | 0.26061 | 0.15931 | 0.00583 | 0.04496 | 0.11292 ||
	||  0.16215 | 1.00000 |-0.00900 |-0.00182 | 0.01111 |-0.00447 | 0.00126 |-0.00445 | 0.00170 ||
	||  0.24155 |-0.00900 | 1.00000 |-0.00384 | 0.00159 |-0.00249 | 0.00486 | 0.00396 |-0.00710 ||
	||  0.35026 |-0.00182 |-0.00384 | 1.00000 |-0.00264 |-0.00435 | 0.00691 |-0.00466 |-0.00428 ||
	||  0.26061 | 0.01111 | 0.00159 |-0.00264 | 1.00000 |-0.00052 | 0.00472 | 0.00600 | 0.00159 ||
	||  0.15931 |-0.00447 |-0.00249 |-0.00435 |-0.00052 | 1.00000 |-0.00528 |-0.00209 | 0.00528 ||
	||  0.00583 | 0.00126 | 0.00486 | 0.00691 | 0.00472 |-0.00528 | 1.00000 |-0.00136 | 0.00147 ||
	||  0.04496 |-0.00445 | 0.00396 |-0.00466 | 0.00600 |-0.00209 |-0.00136 | 1.00000 |-0.00099 ||
	||  0.11292 | 0.00170 |-0.00710 |-0.00428 | 0.00159 | 0.00528 | 0.00147 |-0.00099 | 1.00000 ||
	||------------------------------------------------------------------------------------------||

	||------------------------------------------------------------------------------------------||
	||                                    OUTPUT COVARIANCE                                     ||
	||------------------------------------------------------------------------------------------||
	||  0.99483 | 0.16098 | 0.24157 | 0.34984 | 0.25978 | 0.15897 | 0.00579 | 0.04509 | 0.11274 ||
	||  0.16098 | 0.99082 |-0.00898 |-0.00182 | 0.01106 |-0.00445 | 0.00125 |-0.00445 | 0.00170 ||
	||  0.24157 |-0.00898 | 1.00531 |-0.00385 | 0.00159 |-0.00250 | 0.00486 | 0.00399 |-0.00712 ||
	||  0.34984 |-0.00182 |-0.00385 | 1.00277 |-0.00265 |-0.00436 | 0.00690 |-0.00469 |-0.00429 ||
	||  0.25978 | 0.01106 | 0.00159 |-0.00265 | 0.99881 |-0.00052 | 0.00470 | 0.00603 | 0.00159 ||
	||  0.15897 |-0.00445 |-0.00250 |-0.00436 |-0.00052 | 1.00093 |-0.00526 |-0.00211 | 0.00529 ||
	||  0.00579 | 0.00125 | 0.00486 | 0.00690 | 0.00470 |-0.00526 | 0.99285 |-0.00136 | 0.00147 ||
	||  0.04509 |-0.00445 | 0.00399 |-0.00469 | 0.00603 |-0.00211 |-0.00136 | 1.01130 |-0.00100 ||
	||  0.11274 | 0.00170 |-0.00712 |-0.00429 | 0.00159 | 0.00529 | 0.00147 |-0.00100 | 1.00190 ||
	||------------------------------------------------------------------------------------------||


	|-----------------------------------------------------------------|
	|    Copyright (C) 2011-2018 (DRIP)
	|-----------------------------------------------------------------|
	|    Build Version  =&gt; 3.78.0 multi mode
	|    Build JVM (TM) =&gt; 1.8.0_112
	|    Build Snap     =&gt; Tue Oct 16 18:01:52 EST 2018
	|    Start Time     =&gt; Tue Oct 16 23:54:08 EDT 2018
	|    Setup Time     =&gt; Tue Oct 16 23:54:08 EDT 2018
	|    Setup Duration =&gt; 0 ms
	|-----------------------------------------------------------------|


	||-------------------------------------------||
	||                R^1 METRICS                ||
	||-------------------------------------------||
	||    L -&gt; R:                                ||
	||            - Mean                         ||
	||            - Error                        ||
	||            - Variance                     ||
	||            - Standard Deviation           ||
	||-------------------------------------------||
	|| -0.00051 |  0.79766 |  0.99949 |  0.99975 ||
	|| -0.00147 |  0.79766 |  1.00015 |  1.00007 ||
	||  0.00606 |  0.79375 |  0.99130 |  0.99564 ||
	|| -0.00270 |  0.79588 |  0.99682 |  0.99841 ||
	||  0.00212 |  0.79559 |  0.99349 |  0.99674 ||
	|| -0.01072 |  0.79484 |  0.99338 |  0.99668 ||
	|| -0.00264 |  0.79452 |  0.99222 |  0.99610 ||
	||  0.00230 |  0.79947 |  1.00420 |  1.00210 ||
	|| -0.00165 |  0.79687 |  0.99695 |  0.99848 ||
	||-------------------------------------------||

	||------------------------------------------------------------------------------------------||
	||                                     INPUT CORRELATION                                    ||
	||------------------------------------------------------------------------------------------||
	||  1.00000 | 0.16100 | 0.24500 | 0.35200 | 0.25900 | 0.16600 | 0.00300 | 0.03800 | 0.11400 ||
	||  0.16100 | 1.00000 | 0.00000 | 0.00000 | 0.00000 | 0.00000 | 0.00000 | 0.00000 | 0.00000 ||
	||  0.24500 | 0.00000 | 1.00000 | 0.00000 | 0.00000 | 0.00000 | 0.00000 | 0.00000 | 0.00000 ||
	||  0.35200 | 0.00000 | 0.00000 | 1.00000 | 0.00000 | 0.00000 | 0.00000 | 0.00000 | 0.00000 ||
	||  0.25900 | 0.00000 | 0.00000 | 0.00000 | 1.00000 | 0.00000 | 0.00000 | 0.00000 | 0.00000 ||
	||  0.16600 | 0.00000 | 0.00000 | 0.00000 | 0.00000 | 1.00000 | 0.00000 | 0.00000 | 0.00000 ||
	||  0.00300 | 0.00000 | 0.00000 | 0.00000 | 0.00000 | 0.00000 | 1.00000 | 0.00000 | 0.00000 ||
	||  0.03800 | 0.00000 | 0.00000 | 0.00000 | 0.00000 | 0.00000 | 0.00000 | 1.00000 | 0.00000 ||
	||  0.11400 | 0.00000 | 0.00000 | 0.00000 | 0.00000 | 0.00000 | 0.00000 | 0.00000 | 1.00000 ||
	||------------------------------------------------------------------------------------------||

	||------------------------------------------------------------------------------------------||
	||                                    OUTPUT CORRELATION                                    ||
	||------------------------------------------------------------------------------------------||
	||  1.00000 | 0.15723 | 0.24928 | 0.35136 | 0.25439 | 0.16005 | 0.00919 | 0.04397 | 0.11175 ||
	||  0.15723 | 1.00000 | 0.00814 |-0.00239 |-0.00429 |-0.00062 | 0.00644 |-0.00324 |-0.00978 ||
	||  0.24928 | 0.00814 | 1.00000 | 0.01053 |-0.00047 |-0.00144 | 0.00335 | 0.00211 | 0.00145 ||
	||  0.35136 |-0.00239 | 0.01053 | 1.00000 | 0.00180 |-0.00183 | 0.00227 | 0.00209 |-0.00220 ||
	||  0.25439 |-0.00429 |-0.00047 | 0.00180 | 1.00000 | 0.00617 |-0.00247 | 0.00181 |-0.00068 ||
	||  0.16005 |-0.00062 |-0.00144 |-0.00183 | 0.00617 | 1.00000 | 0.01160 |-0.00943 |-0.00059 ||
	||  0.00919 | 0.00644 | 0.00335 | 0.00227 |-0.00247 | 0.01160 | 1.00000 |-0.00408 |-0.00377 ||
	||  0.04397 |-0.00324 | 0.00211 | 0.00209 | 0.00181 |-0.00943 |-0.00408 | 1.00000 | 0.00430 ||
	||  0.11175 |-0.00978 | 0.00145 |-0.00220 |-0.00068 |-0.00059 |-0.00377 | 0.00430 | 1.00000 ||
	||------------------------------------------------------------------------------------------||

	||------------------------------------------------------------------------------------------||
	||                                    OUTPUT COVARIANCE                                     ||
	||------------------------------------------------------------------------------------------||
	||  0.99949 | 0.15720 | 0.24813 | 0.35071 | 0.25349 | 0.15948 | 0.00915 | 0.04405 | 0.11155 ||
	||  0.15720 | 1.00015 | 0.00810 |-0.00239 |-0.00428 |-0.00061 | 0.00641 |-0.00325 |-0.00977 ||
	||  0.24813 | 0.00810 | 0.99130 | 0.01047 |-0.00047 |-0.00143 | 0.00332 | 0.00211 | 0.00144 ||
	||  0.35071 |-0.00239 | 0.01047 | 0.99682 | 0.00179 |-0.00182 | 0.00226 | 0.00209 |-0.00219 ||
	||  0.25349 |-0.00428 |-0.00047 | 0.00179 | 0.99349 | 0.00613 |-0.00245 | 0.00181 |-0.00068 ||
	||  0.15948 |-0.00061 |-0.00143 |-0.00182 | 0.00613 | 0.99338 | 0.01152 |-0.00942 |-0.00059 ||
	||  0.00915 | 0.00641 | 0.00332 | 0.00226 |-0.00245 | 0.01152 | 0.99222 |-0.00408 |-0.00375 ||
	||  0.04405 |-0.00325 | 0.00211 | 0.00209 | 0.00181 |-0.00942 |-0.00408 | 1.00420 | 0.00430 ||
	||  0.11155 |-0.00977 | 0.00144 |-0.00219 |-0.00068 |-0.00059 |-0.00375 | 0.00430 | 0.99695 ||
	||------------------------------------------------------------------------------------------||


	|-----------------------------------------------------------------|
	|    Copyright (C) 2011-2018 (DRIP)
	|-----------------------------------------------------------------|
	|    Build Version  =&gt; 3.78.0 multi mode
	|    Build JVM (TM) =&gt; 1.8.0_112
	|    Build Snap     =&gt; Tue Oct 16 18:01:52 EST 2018
	|    Start Time     =&gt; Tue Oct 16 23:54:11 EDT 2018
	|    Setup Time     =&gt; Tue Oct 16 23:54:11 EDT 2018
	|    Setup Duration =&gt; 0 ms
	|-----------------------------------------------------------------|


	||-------------------------------------------||
	||                R^1 METRICS                ||
	||-------------------------------------------||
	||    L -&gt; R:                                ||
	||            - Mean                         ||
	||            - Error                        ||
	||            - Variance                     ||
	||            - Standard Deviation           ||
	||-------------------------------------------||
	||  0.00687 |  0.79921 |  0.99995 |  0.99998 ||
	||  0.00164 |  0.79749 |  1.00000 |  1.00000 ||
	||  0.00112 |  0.79716 |  1.00000 |  1.00000 ||
	|| -0.00115 |  0.79849 |  1.00000 |  1.00000 ||
	||  0.00349 |  0.79939 |  0.99999 |  0.99999 ||
	|| -0.00044 |  0.79650 |  1.00000 |  1.00000 ||
	||  0.00688 |  0.79836 |  0.99995 |  0.99998 ||
	||  0.00557 |  0.79862 |  0.99997 |  0.99998 ||
	||  0.00217 |  0.79778 |  1.00000 |  1.00000 ||
	||-------------------------------------------||

	||------------------------------------------------------------------------------------------||
	||                                     INPUT CORRELATION                                    ||
	||------------------------------------------------------------------------------------------||
	||  1.00000 | 0.16100 | 0.24500 | 0.35200 | 0.25900 | 0.16600 | 0.00300 | 0.03800 | 0.11400 ||
	||  0.16100 | 1.00000 | 0.00000 | 0.00000 | 0.00000 | 0.00000 | 0.00000 | 0.00000 | 0.00000 ||
	||  0.24500 | 0.00000 | 1.00000 | 0.00000 | 0.00000 | 0.00000 | 0.00000 | 0.00000 | 0.00000 ||
	||  0.35200 | 0.00000 | 0.00000 | 1.00000 | 0.00000 | 0.00000 | 0.00000 | 0.00000 | 0.00000 ||
	||  0.25900 | 0.00000 | 0.00000 | 0.00000 | 1.00000 | 0.00000 | 0.00000 | 0.00000 | 0.00000 ||
	||  0.16600 | 0.00000 | 0.00000 | 0.00000 | 0.00000 | 1.00000 | 0.00000 | 0.00000 | 0.00000 ||
	||  0.00300 | 0.00000 | 0.00000 | 0.00000 | 0.00000 | 0.00000 | 1.00000 | 0.00000 | 0.00000 ||
	||  0.03800 | 0.00000 | 0.00000 | 0.00000 | 0.00000 | 0.00000 | 0.00000 | 1.00000 | 0.00000 ||
	||  0.11400 | 0.00000 | 0.00000 | 0.00000 | 0.00000 | 0.00000 | 0.00000 | 0.00000 | 1.00000 ||
	||------------------------------------------------------------------------------------------||

	||------------------------------------------------------------------------------------------||
	||                                    OUTPUT CORRELATION                                    ||
	||------------------------------------------------------------------------------------------||
	||  1.00000 | 0.15725 | 0.24635 | 0.35018 | 0.25555 | 0.16565 | 0.00529 | 0.03996 | 0.10976 ||
	||  0.15725 | 1.00000 |-0.00288 | 0.00002 |-0.00551 |-0.00681 |-0.00147 |-0.01048 |-0.00347 ||
	||  0.24635 |-0.00288 | 1.00000 |-0.00318 |-0.00028 | 0.00203 | 0.00042 |-0.00190 | 0.00508 ||
	||  0.35018 | 0.00002 |-0.00318 | 1.00000 |-0.00254 |-0.00466 | 0.00110 |-0.00350 |-0.00822 ||
	||  0.25555 |-0.00551 |-0.00028 |-0.00254 | 1.00000 | 0.00322 | 0.00631 |-0.00569 | 0.00534 ||
	||  0.16565 |-0.00681 | 0.00203 |-0.00466 | 0.00322 | 1.00000 |-0.00153 |-0.00057 | 0.00700 ||
	||  0.00529 |-0.00147 | 0.00042 | 0.00110 | 0.00631 |-0.00153 | 1.00000 |-0.00205 |-0.00194 ||
	||  0.03996 |-0.01048 |-0.00190 |-0.00350 |-0.00569 |-0.00057 |-0.00205 | 1.00000 | 0.00035 ||
	||  0.10976 |-0.00347 | 0.00508 |-0.00822 | 0.00534 | 0.00700 |-0.00194 | 0.00035 | 1.00000 ||
	||------------------------------------------------------------------------------------------||

	||------------------------------------------------------------------------------------------||
	||                                    OUTPUT COVARIANCE                                     ||
	||------------------------------------------------------------------------------------------||
	||  0.99995 | 0.15724 | 0.24635 | 0.35017 | 0.25554 | 0.16565 | 0.00529 | 0.03995 | 0.10976 ||
	||  0.15724 | 1.00000 |-0.00288 | 0.00002 |-0.00551 |-0.00681 |-0.00147 |-0.01048 |-0.00347 ||
	||  0.24635 |-0.00288 | 1.00000 |-0.00318 |-0.00028 | 0.00203 | 0.00042 |-0.00190 | 0.00508 ||
	||  0.35017 | 0.00002 |-0.00318 | 1.00000 |-0.00254 |-0.00466 | 0.00110 |-0.00350 |-0.00822 ||
	||  0.25554 |-0.00551 |-0.00028 |-0.00254 | 0.99999 | 0.00322 | 0.00631 |-0.00569 | 0.00534 ||
	||  0.16565 |-0.00681 | 0.00203 |-0.00466 | 0.00322 | 1.00000 |-0.00153 |-0.00057 | 0.00700 ||
	||  0.00529 |-0.00147 | 0.00042 | 0.00110 | 0.00631 |-0.00153 | 0.99995 |-0.00205 |-0.00194 ||
	||  0.03995 |-0.01048 |-0.00190 |-0.00350 |-0.00569 |-0.00057 |-0.00205 | 0.99997 | 0.00035 ||
	||  0.10976 |-0.00347 | 0.00508 |-0.00822 | 0.00534 | 0.00700 |-0.00194 | 0.00035 | 1.00000 ||
	||------------------------------------------------------------------------------------------||


	|-----------------------------------------------------------------|
	|    Copyright (C) 2011-2018 (DRIP)
	|-----------------------------------------------------------------|
	|    Build Version  =&gt; 3.78.0 multi mode
	|    Build JVM (TM) =&gt; 1.8.0_112
	|    Build Snap     =&gt; Tue Oct 16 18:01:52 EST 2018
	|    Start Time     =&gt; Tue Oct 16 23:54:13 EDT 2018
	|    Setup Time     =&gt; Tue Oct 16 23:54:13 EDT 2018
	|    Setup Duration =&gt; 0 ms
	|-----------------------------------------------------------------|


	||-------------------------------------------||
	||                R^1 METRICS                ||
	||-------------------------------------------||
	||    L -&gt; R:                                ||
	||            - Mean                         ||
	||            - Error                        ||
	||            - Variance                     ||
	||            - Standard Deviation           ||
	||-------------------------------------------||
	||  0.00267 |  0.79758 |  0.99997 |  0.99999 ||
	|| -0.00305 |  0.79769 |  0.99997 |  0.99999 ||
	|| -0.00797 |  0.79729 |  0.99992 |  0.99996 ||
	||  0.00182 |  0.79584 |  0.99998 |  0.99999 ||
	|| -0.00085 |  0.79890 |  0.99998 |  0.99999 ||
	|| -0.00323 |  0.79669 |  0.99997 |  0.99998 ||
	||  0.00534 |  0.79733 |  0.99995 |  0.99998 ||
	||  0.00392 |  0.79824 |  0.99996 |  0.99998 ||
	|| -0.00232 |  0.79734 |  0.99997 |  0.99999 ||
	||-------------------------------------------||

	||------------------------------------------------------------------------------------------||
	||                                     INPUT CORRELATION                                    ||
	||------------------------------------------------------------------------------------------||
	||  1.00000 | 0.16100 | 0.24500 | 0.35200 | 0.25900 | 0.16600 | 0.00300 | 0.03800 | 0.11400 ||
	||  0.16100 | 1.00000 | 0.00000 | 0.00000 | 0.00000 | 0.00000 | 0.00000 | 0.00000 | 0.00000 ||
	||  0.24500 | 0.00000 | 1.00000 | 0.00000 | 0.00000 | 0.00000 | 0.00000 | 0.00000 | 0.00000 ||
	||  0.35200 | 0.00000 | 0.00000 | 1.00000 | 0.00000 | 0.00000 | 0.00000 | 0.00000 | 0.00000 ||
	||  0.25900 | 0.00000 | 0.00000 | 0.00000 | 1.00000 | 0.00000 | 0.00000 | 0.00000 | 0.00000 ||
	||  0.16600 | 0.00000 | 0.00000 | 0.00000 | 0.00000 | 1.00000 | 0.00000 | 0.00000 | 0.00000 ||
	||  0.00300 | 0.00000 | 0.00000 | 0.00000 | 0.00000 | 0.00000 | 1.00000 | 0.00000 | 0.00000 ||
	||  0.03800 | 0.00000 | 0.00000 | 0.00000 | 0.00000 | 0.00000 | 0.00000 | 1.00000 | 0.00000 ||
	||  0.11400 | 0.00000 | 0.00000 | 0.00000 | 0.00000 | 0.00000 | 0.00000 | 0.00000 | 1.00000 ||
	||------------------------------------------------------------------------------------------||

	||------------------------------------------------------------------------------------------||
	||                                    OUTPUT CORRELATION                                    ||
	||------------------------------------------------------------------------------------------||
	||  1.00000 | 0.16169 | 0.23808 | 0.35233 | 0.25766 | 0.16438 | 0.00436 | 0.03639 | 0.10844 ||
	||  0.16169 | 1.00000 | 0.00890 | 0.00196 | 0.00104 | 0.00069 | 0.00328 | 0.00187 | 0.00509 ||
	||  0.23808 | 0.00890 | 1.00000 |-0.00265 |-0.00452 | 0.00204 | 0.01118 |-0.00659 |-0.01215 ||
	||  0.35233 | 0.00196 |-0.00265 | 1.00000 | 0.00145 |-0.00800 | 0.00069 | 0.00429 |-0.00376 ||
	||  0.25766 | 0.00104 |-0.00452 | 0.00145 | 1.00000 |-0.00179 |-0.00456 | 0.00816 | 0.00019 ||
	||  0.16438 | 0.00069 | 0.00204 |-0.00800 |-0.00179 | 1.00000 | 0.00271 |-0.00081 | 0.01182 ||
	||  0.00436 | 0.00328 | 0.01118 | 0.00069 |-0.00456 | 0.00271 | 1.00000 |-0.00286 |-0.00084 ||
	||  0.03639 | 0.00187 |-0.00659 | 0.00429 | 0.00816 |-0.00081 |-0.00286 | 1.00000 |-0.00481 ||
	||  0.10844 | 0.00509 |-0.01215 |-0.00376 | 0.00019 | 0.01182 |-0.00084 |-0.00481 | 1.00000 ||
	||------------------------------------------------------------------------------------------||

	||------------------------------------------------------------------------------------------||
	||                                    OUTPUT COVARIANCE                                     ||
	||------------------------------------------------------------------------------------------||
	||  0.99997 | 0.16168 | 0.23806 | 0.35232 | 0.25765 | 0.16438 | 0.00436 | 0.03639 | 0.10844 ||
	||  0.16168 | 0.99997 | 0.00890 | 0.00196 | 0.00104 | 0.00069 | 0.00328 | 0.00187 | 0.00509 ||
	||  0.23806 | 0.00890 | 0.99992 |-0.00265 |-0.00452 | 0.00204 | 0.01118 |-0.00659 |-0.01215 ||
	||  0.35232 | 0.00196 |-0.00265 | 0.99998 | 0.00145 |-0.00800 | 0.00069 | 0.00429 |-0.00376 ||
	||  0.25765 | 0.00104 |-0.00452 | 0.00145 | 0.99998 |-0.00179 |-0.00456 | 0.00816 | 0.00019 ||
	||  0.16438 | 0.00069 | 0.00204 |-0.00800 |-0.00179 | 0.99997 | 0.00271 |-0.00081 | 0.01182 ||
	||  0.00436 | 0.00328 | 0.01118 | 0.00069 |-0.00456 | 0.00271 | 0.99995 |-0.00286 |-0.00084 ||
	||  0.03639 | 0.00187 |-0.00659 | 0.00429 | 0.00816 |-0.00081 |-0.00286 | 0.99996 |-0.00481 ||
	||  0.10844 | 0.00509 |-0.01215 |-0.00376 | 0.00019 | 0.01182 |-0.00084 |-0.00481 | 0.99997 ||
	||------------------------------------------------------------------------------------------||

</pre>
</span>
</div>
</div>
<div id="footer">
<p>
<div>
<label class="hidden" id="label-for-line-wrapping-toggle" for="line-wrapping-toggle">Wrap lines
<input id="line-wrapping-toggle" type="checkbox" autocomplete="off"/>
</label>
</div>Generated by 
<a href="http://www.gradle.org">Gradle 3.5</a> at Oct 17, 2018 12:21:51 AM</p>
</div>
</div>
</body>
</html>
