<!DOCTYPE html>
<html>
<head>
<meta http-equiv="Content-Type" content="text/html; charset=utf-8"/>
<meta http-equiv="x-ua-compatible" content="IE=edge"/>
<title>Test results - Class org.drip.coverage.sequence.Statistics</title>
<link href="../css/base-style.css" rel="stylesheet" type="text/css"/>
<link href="../css/style.css" rel="stylesheet" type="text/css"/>
<script src="../js/report.js" type="text/javascript"></script>
</head>
<body>
<div id="content">
<h1>Class org.drip.coverage.sequence.Statistics</h1>
<div class="breadcrumbs">
<a href="../index.html">all</a> &gt; 
<a href="../packages/org.drip.coverage.sequence.html">org.drip.coverage.sequence</a> &gt; Statistics</div>
<div id="summary">
<table>
<tr>
<td>
<div class="summaryGroup">
<table>
<tr>
<td>
<div class="infoBox" id="tests">
<div class="counter">1</div>
<p>tests</p>
</div>
</td>
<td>
<div class="infoBox" id="failures">
<div class="counter">0</div>
<p>failures</p>
</div>
</td>
<td>
<div class="infoBox" id="ignored">
<div class="counter">0</div>
<p>ignored</p>
</div>
</td>
<td>
<div class="infoBox" id="duration">
<div class="counter">9.506s</div>
<p>duration</p>
</div>
</td>
</tr>
</table>
</div>
</td>
<td>
<div class="infoBox success" id="successRate">
<div class="percent">100%</div>
<p>successful</p>
</div>
</td>
</tr>
</table>
</div>
<div id="tabs">
<ul class="tabLinks">
<li>
<a href="#tab0">Tests</a>
</li>
<li>
<a href="#tab1">Standard output</a>
</li>
</ul>
<div id="tab0" class="tab">
<h2>Tests</h2>
<table>
<thead>
<tr>
<th>Test</th>
<th>Duration</th>
<th>Result</th>
</tr>
</thead>
<tr>
<td class="success">codeCoverageTest</td>
<td>9.506s</td>
<td class="success">passed</td>
</tr>
</table>
</div>
<div id="tab1" class="tab">
<h2>Standard output</h2>
<span class="code">
<pre>
	|-----------------------------------------------------------------|
	|    Copyright (C) 2011-2018 (DRIP)
	|-----------------------------------------------------------------|
	|    Build Version  =&gt; 3.86.0 multi mode
	|    Build JVM (TM) =&gt; 1.8.0_112
	|    Build Snap     =&gt; Sun Nov 25 20:17:23 EST 2018
	|    Start Time     =&gt; Thu Nov 29 10:55:57 EST 2018
	|    Setup Time     =&gt; Thu Nov 29 10:55:57 EST 2018
	|    Setup Duration =&gt; 0 ms
	|-----------------------------------------------------------------|


	||-------------------------------------------||
	||                R^1 METRICS                ||
	||-------------------------------------------||
	||    L -&gt; R:                                ||
	||            - Mean                         ||
	||            - Error                        ||
	||            - Variance                     ||
	||            - Standard Deviation           ||
	||-------------------------------------------||
	||  0.00578 |  0.80103 |  1.00474 |  1.00237 ||
	|| -0.00769 |  0.79986 |  1.00536 |  1.00268 ||
	||  0.00157 |  0.79729 |  0.99681 |  0.99841 ||
	||  0.00220 |  0.79802 |  0.99960 |  0.99980 ||
	||  0.00038 |  0.79938 |  1.00289 |  1.00144 ||
	||  0.00994 |  0.79941 |  1.00481 |  1.00240 ||
	||  0.00289 |  0.79693 |  1.00106 |  1.00053 ||
	||  0.00162 |  0.79808 |  0.99845 |  0.99922 ||
	||  0.00345 |  0.79950 |  1.00174 |  1.00087 ||
	||-------------------------------------------||

	||------------------------------------------------------------------------------------------||
	||                                     INPUT CORRELATION                                    ||
	||------------------------------------------------------------------------------------------||
	||  1.00000 | 0.16100 | 0.24500 | 0.35200 | 0.25900 | 0.16600 | 0.00300 | 0.03800 | 0.11400 ||
	||  0.16100 | 1.00000 | 0.00000 | 0.00000 | 0.00000 | 0.00000 | 0.00000 | 0.00000 | 0.00000 ||
	||  0.24500 | 0.00000 | 1.00000 | 0.00000 | 0.00000 | 0.00000 | 0.00000 | 0.00000 | 0.00000 ||
	||  0.35200 | 0.00000 | 0.00000 | 1.00000 | 0.00000 | 0.00000 | 0.00000 | 0.00000 | 0.00000 ||
	||  0.25900 | 0.00000 | 0.00000 | 0.00000 | 1.00000 | 0.00000 | 0.00000 | 0.00000 | 0.00000 ||
	||  0.16600 | 0.00000 | 0.00000 | 0.00000 | 0.00000 | 1.00000 | 0.00000 | 0.00000 | 0.00000 ||
	||  0.00300 | 0.00000 | 0.00000 | 0.00000 | 0.00000 | 0.00000 | 1.00000 | 0.00000 | 0.00000 ||
	||  0.03800 | 0.00000 | 0.00000 | 0.00000 | 0.00000 | 0.00000 | 0.00000 | 1.00000 | 0.00000 ||
	||  0.11400 | 0.00000 | 0.00000 | 0.00000 | 0.00000 | 0.00000 | 0.00000 | 0.00000 | 1.00000 ||
	||------------------------------------------------------------------------------------------||

	||------------------------------------------------------------------------------------------||
	||                                    OUTPUT CORRELATION                                    ||
	||------------------------------------------------------------------------------------------||
	||  1.00000 | 0.16380 | 0.24770 | 0.34659 | 0.26036 | 0.16694 |-0.00274 | 0.04528 | 0.11575 ||
	||  0.16380 | 1.00000 | 0.00196 |-0.00366 | 0.00072 | 0.00077 |-0.00708 |-0.00001 | 0.00155 ||
	||  0.24770 | 0.00196 | 1.00000 |-0.00196 |-0.00308 | 0.00211 |-0.00053 | 0.00004 | 0.00213 ||
	||  0.34659 |-0.00366 |-0.00196 | 1.00000 | 0.00554 |-0.00561 |-0.00069 | 0.00566 |-0.00180 ||
	||  0.26036 | 0.00072 |-0.00308 | 0.00554 | 1.00000 |-0.00073 | 0.00041 | 0.00256 | 0.00023 ||
	||  0.16694 | 0.00077 | 0.00211 |-0.00561 |-0.00073 | 1.00000 | 0.00575 | 0.00157 |-0.00435 ||
	|| -0.00274 |-0.00708 |-0.00053 |-0.00069 | 0.00041 | 0.00575 | 1.00000 | 0.00047 |-0.00722 ||
	||  0.04528 |-0.00001 | 0.00004 | 0.00566 | 0.00256 | 0.00157 | 0.00047 | 1.00000 | 0.00289 ||
	||  0.11575 | 0.00155 | 0.00213 |-0.00180 | 0.00023 |-0.00435 |-0.00722 | 0.00289 | 1.00000 ||
	||------------------------------------------------------------------------------------------||

	||------------------------------------------------------------------------------------------||
	||                                    OUTPUT COVARIANCE                                     ||
	||------------------------------------------------------------------------------------------||
	||  1.00474 | 0.16463 | 0.24789 | 0.34734 | 0.26135 | 0.16774 |-0.00274 | 0.04536 | 0.11613 ||
	||  0.16463 | 1.00536 | 0.00196 |-0.00367 | 0.00072 | 0.00077 |-0.00710 |-0.00001 | 0.00156 ||
	||  0.24789 | 0.00196 | 0.99681 |-0.00196 |-0.00308 | 0.00212 |-0.00053 | 0.00004 | 0.00212 ||
	||  0.34734 |-0.00367 |-0.00196 | 0.99960 | 0.00555 |-0.00562 |-0.00069 | 0.00565 |-0.00180 ||
	||  0.26135 | 0.00072 |-0.00308 | 0.00555 | 1.00289 |-0.00074 | 0.00041 | 0.00256 | 0.00023 ||
	||  0.16774 | 0.00077 | 0.00212 |-0.00562 |-0.00074 | 1.00481 | 0.00577 | 0.00157 |-0.00436 ||
	|| -0.00274 |-0.00710 |-0.00053 |-0.00069 | 0.00041 | 0.00577 | 1.00106 | 0.00047 |-0.00723 ||
	||  0.04536 |-0.00001 | 0.00004 | 0.00565 | 0.00256 | 0.00157 | 0.00047 | 0.99845 | 0.00289 ||
	||  0.11613 | 0.00156 | 0.00212 |-0.00180 | 0.00023 |-0.00436 |-0.00723 | 0.00289 | 1.00174 ||
	||------------------------------------------------------------------------------------------||


	|-----------------------------------------------------------------|
	|    Copyright (C) 2011-2018 (DRIP)
	|-----------------------------------------------------------------|
	|    Build Version  =&gt; 3.86.0 multi mode
	|    Build JVM (TM) =&gt; 1.8.0_112
	|    Build Snap     =&gt; Sun Nov 25 20:17:23 EST 2018
	|    Start Time     =&gt; Thu Nov 29 10:55:59 EST 2018
	|    Setup Time     =&gt; Thu Nov 29 10:55:59 EST 2018
	|    Setup Duration =&gt; 0 ms
	|-----------------------------------------------------------------|


	||-------------------------------------------||
	||                R^1 METRICS                ||
	||-------------------------------------------||
	||    L -&gt; R:                                ||
	||            - Mean                         ||
	||            - Error                        ||
	||            - Variance                     ||
	||            - Standard Deviation           ||
	||-------------------------------------------||
	||  0.00703 |  0.80081 |  1.00246 |  1.00123 ||
	||  0.00221 |  0.79527 |  0.99275 |  0.99637 ||
	||  0.00336 |  0.80015 |  1.00659 |  1.00329 ||
	||  0.00673 |  0.79552 |  0.99569 |  0.99784 ||
	|| -0.00576 |  0.79489 |  0.99346 |  0.99672 ||
	|| -0.00355 |  0.79871 |  1.00352 |  1.00176 ||
	|| -0.00241 |  0.79844 |  0.99929 |  0.99964 ||
	|| -0.00228 |  0.79726 |  1.00107 |  1.00054 ||
	|| -0.00130 |  0.79745 |  1.00355 |  1.00178 ||
	||-------------------------------------------||

	||------------------------------------------------------------------------------------------||
	||                                     INPUT CORRELATION                                    ||
	||------------------------------------------------------------------------------------------||
	||  1.00000 | 0.16100 | 0.24500 | 0.35200 | 0.25900 | 0.16600 | 0.00300 | 0.03800 | 0.11400 ||
	||  0.16100 | 1.00000 | 0.00000 | 0.00000 | 0.00000 | 0.00000 | 0.00000 | 0.00000 | 0.00000 ||
	||  0.24500 | 0.00000 | 1.00000 | 0.00000 | 0.00000 | 0.00000 | 0.00000 | 0.00000 | 0.00000 ||
	||  0.35200 | 0.00000 | 0.00000 | 1.00000 | 0.00000 | 0.00000 | 0.00000 | 0.00000 | 0.00000 ||
	||  0.25900 | 0.00000 | 0.00000 | 0.00000 | 1.00000 | 0.00000 | 0.00000 | 0.00000 | 0.00000 ||
	||  0.16600 | 0.00000 | 0.00000 | 0.00000 | 0.00000 | 1.00000 | 0.00000 | 0.00000 | 0.00000 ||
	||  0.00300 | 0.00000 | 0.00000 | 0.00000 | 0.00000 | 0.00000 | 1.00000 | 0.00000 | 0.00000 ||
	||  0.03800 | 0.00000 | 0.00000 | 0.00000 | 0.00000 | 0.00000 | 0.00000 | 1.00000 | 0.00000 ||
	||  0.11400 | 0.00000 | 0.00000 | 0.00000 | 0.00000 | 0.00000 | 0.00000 | 0.00000 | 1.00000 ||
	||------------------------------------------------------------------------------------------||

	||------------------------------------------------------------------------------------------||
	||                                    OUTPUT CORRELATION                                    ||
	||------------------------------------------------------------------------------------------||
	||  1.00000 | 0.16478 | 0.25306 | 0.34909 | 0.25734 | 0.16797 | 0.00189 | 0.03603 | 0.10223 ||
	||  0.16478 | 1.00000 |-0.00201 |-0.00020 |-0.00328 |-0.00368 |-0.00378 | 0.00024 | 0.00438 ||
	||  0.25306 |-0.00201 | 1.00000 | 0.00103 |-0.00188 | 0.00104 |-0.00132 |-0.00531 |-0.00378 ||
	||  0.34909 |-0.00020 | 0.00103 | 1.00000 |-0.00048 | 0.00719 |-0.00113 |-0.00595 | 0.00098 ||
	||  0.25734 |-0.00328 |-0.00188 |-0.00048 | 1.00000 | 0.00506 | 0.00729 |-0.00070 | 0.00376 ||
	||  0.16797 |-0.00368 | 0.00104 | 0.00719 | 0.00506 | 1.00000 | 0.00520 | 0.00132 | 0.00047 ||
	||  0.00189 |-0.00378 |-0.00132 |-0.00113 | 0.00729 | 0.00520 | 1.00000 | 0.00562 | 0.00114 ||
	||  0.03603 | 0.00024 |-0.00531 |-0.00595 |-0.00070 | 0.00132 | 0.00562 | 1.00000 | 0.00285 ||
	||  0.10223 | 0.00438 |-0.00378 | 0.00098 | 0.00376 | 0.00047 | 0.00114 | 0.00285 | 1.00000 ||
	||------------------------------------------------------------------------------------------||

	||------------------------------------------------------------------------------------------||
	||                                    OUTPUT COVARIANCE                                     ||
	||------------------------------------------------------------------------------------------||
	||  1.00246 | 0.16438 | 0.25420 | 0.34876 | 0.25681 | 0.16848 | 0.00190 | 0.03609 | 0.10254 ||
	||  0.16438 | 0.99275 |-0.00201 |-0.00020 |-0.00326 |-0.00367 |-0.00376 | 0.00024 | 0.00438 ||
	||  0.25420 |-0.00201 | 1.00659 | 0.00103 |-0.00188 | 0.00104 |-0.00132 |-0.00533 |-0.00380 ||
	||  0.34876 |-0.00020 | 0.00103 | 0.99569 |-0.00047 | 0.00719 |-0.00113 |-0.00594 | 0.00098 ||
	||  0.25681 |-0.00326 |-0.00188 |-0.00047 | 0.99346 | 0.00505 | 0.00727 |-0.00069 | 0.00375 ||
	||  0.16848 |-0.00367 | 0.00104 | 0.00719 | 0.00505 | 1.00352 | 0.00521 | 0.00132 | 0.00048 ||
	||  0.00190 |-0.00376 |-0.00132 |-0.00113 | 0.00727 | 0.00521 | 0.99929 | 0.00563 | 0.00114 ||
	||  0.03609 | 0.00024 |-0.00533 |-0.00594 |-0.00069 | 0.00132 | 0.00563 | 1.00107 | 0.00285 ||
	||  0.10254 | 0.00438 |-0.00380 | 0.00098 | 0.00375 | 0.00048 | 0.00114 | 0.00285 | 1.00355 ||
	||------------------------------------------------------------------------------------------||


	|-----------------------------------------------------------------|
	|    Copyright (C) 2011-2018 (DRIP)
	|-----------------------------------------------------------------|
	|    Build Version  =&gt; 3.86.0 multi mode
	|    Build JVM (TM) =&gt; 1.8.0_112
	|    Build Snap     =&gt; Sun Nov 25 20:17:23 EST 2018
	|    Start Time     =&gt; Thu Nov 29 10:56:01 EST 2018
	|    Setup Time     =&gt; Thu Nov 29 10:56:01 EST 2018
	|    Setup Duration =&gt; 0 ms
	|-----------------------------------------------------------------|


	||-------------------------------------------||
	||                R^1 METRICS                ||
	||-------------------------------------------||
	||    L -&gt; R:                                ||
	||            - Mean                         ||
	||            - Error                        ||
	||            - Variance                     ||
	||            - Standard Deviation           ||
	||-------------------------------------------||
	||  0.00282 |  0.79758 |  0.99999 |  1.00000 ||
	|| -0.00008 |  0.79702 |  1.00000 |  1.00000 ||
	||  0.00013 |  0.79771 |  1.00000 |  1.00000 ||
	||  0.00333 |  0.79751 |  0.99999 |  0.99999 ||
	|| -0.00153 |  0.79732 |  1.00000 |  1.00000 ||
	|| -0.00288 |  0.79618 |  0.99999 |  1.00000 ||
	|| -0.00283 |  0.79732 |  0.99999 |  1.00000 ||
	||  0.00755 |  0.80033 |  0.99994 |  0.99997 ||
	||  0.00463 |  0.79924 |  0.99998 |  0.99999 ||
	||-------------------------------------------||

	||------------------------------------------------------------------------------------------||
	||                                     INPUT CORRELATION                                    ||
	||------------------------------------------------------------------------------------------||
	||  1.00000 | 0.16100 | 0.24500 | 0.35200 | 0.25900 | 0.16600 | 0.00300 | 0.03800 | 0.11400 ||
	||  0.16100 | 1.00000 | 0.00000 | 0.00000 | 0.00000 | 0.00000 | 0.00000 | 0.00000 | 0.00000 ||
	||  0.24500 | 0.00000 | 1.00000 | 0.00000 | 0.00000 | 0.00000 | 0.00000 | 0.00000 | 0.00000 ||
	||  0.35200 | 0.00000 | 0.00000 | 1.00000 | 0.00000 | 0.00000 | 0.00000 | 0.00000 | 0.00000 ||
	||  0.25900 | 0.00000 | 0.00000 | 0.00000 | 1.00000 | 0.00000 | 0.00000 | 0.00000 | 0.00000 ||
	||  0.16600 | 0.00000 | 0.00000 | 0.00000 | 0.00000 | 1.00000 | 0.00000 | 0.00000 | 0.00000 ||
	||  0.00300 | 0.00000 | 0.00000 | 0.00000 | 0.00000 | 0.00000 | 1.00000 | 0.00000 | 0.00000 ||
	||  0.03800 | 0.00000 | 0.00000 | 0.00000 | 0.00000 | 0.00000 | 0.00000 | 1.00000 | 0.00000 ||
	||  0.11400 | 0.00000 | 0.00000 | 0.00000 | 0.00000 | 0.00000 | 0.00000 | 0.00000 | 1.00000 ||
	||------------------------------------------------------------------------------------------||

	||------------------------------------------------------------------------------------------||
	||                                    OUTPUT CORRELATION                                    ||
	||------------------------------------------------------------------------------------------||
	||  1.00000 | 0.16707 | 0.24058 | 0.35749 | 0.26165 | 0.16265 | 0.00141 | 0.03926 | 0.11200 ||
	||  0.16707 | 1.00000 |-0.00315 | 0.00699 |-0.00497 |-0.00989 | 0.00333 | 0.00360 |-0.00371 ||
	||  0.24058 |-0.00315 | 1.00000 |-0.00189 |-0.00010 |-0.00241 | 0.00891 | 0.00055 |-0.00533 ||
	||  0.35749 | 0.00699 |-0.00189 | 1.00000 | 0.00261 | 0.00746 |-0.00430 |-0.00561 |-0.00272 ||
	||  0.26165 |-0.00497 |-0.00010 | 0.00261 | 1.00000 |-0.00202 |-0.00031 |-0.00677 | 0.00422 ||
	||  0.16265 |-0.00989 |-0.00241 | 0.00746 |-0.00202 | 1.00000 |-0.00297 |-0.00159 | 0.00022 ||
	||  0.00141 | 0.00333 | 0.00891 |-0.00430 |-0.00031 |-0.00297 | 1.00000 | 0.00032 | 0.00096 ||
	||  0.03926 | 0.00360 | 0.00055 |-0.00561 |-0.00677 |-0.00159 | 0.00032 | 1.00000 |-0.00007 ||
	||  0.11200 |-0.00371 |-0.00533 |-0.00272 | 0.00422 | 0.00022 | 0.00096 |-0.00007 | 1.00000 ||
	||------------------------------------------------------------------------------------------||

	||------------------------------------------------------------------------------------------||
	||                                    OUTPUT COVARIANCE                                     ||
	||------------------------------------------------------------------------------------------||
	||  0.99999 | 0.16707 | 0.24058 | 0.35749 | 0.26165 | 0.16265 | 0.00141 | 0.03926 | 0.11200 ||
	||  0.16707 | 1.00000 |-0.00315 | 0.00699 |-0.00497 |-0.00989 | 0.00333 | 0.00360 |-0.00371 ||
	||  0.24058 |-0.00315 | 1.00000 |-0.00189 |-0.00010 |-0.00241 | 0.00891 | 0.00055 |-0.00533 ||
	||  0.35749 | 0.00699 |-0.00189 | 0.99999 | 0.00261 | 0.00746 |-0.00430 |-0.00561 |-0.00272 ||
	||  0.26165 |-0.00497 |-0.00010 | 0.00261 | 1.00000 |-0.00202 |-0.00031 |-0.00676 | 0.00422 ||
	||  0.16265 |-0.00989 |-0.00241 | 0.00746 |-0.00202 | 0.99999 |-0.00297 |-0.00159 | 0.00022 ||
	||  0.00141 | 0.00333 | 0.00891 |-0.00430 |-0.00031 |-0.00297 | 0.99999 | 0.00032 | 0.00096 ||
	||  0.03926 | 0.00360 | 0.00055 |-0.00561 |-0.00676 |-0.00159 | 0.00032 | 0.99994 |-0.00007 ||
	||  0.11200 |-0.00371 |-0.00533 |-0.00272 | 0.00422 | 0.00022 | 0.00096 |-0.00007 | 0.99998 ||
	||------------------------------------------------------------------------------------------||


	|-----------------------------------------------------------------|
	|    Copyright (C) 2011-2018 (DRIP)
	|-----------------------------------------------------------------|
	|    Build Version  =&gt; 3.86.0 multi mode
	|    Build JVM (TM) =&gt; 1.8.0_112
	|    Build Snap     =&gt; Sun Nov 25 20:17:23 EST 2018
	|    Start Time     =&gt; Thu Nov 29 10:56:04 EST 2018
	|    Setup Time     =&gt; Thu Nov 29 10:56:04 EST 2018
	|    Setup Duration =&gt; 0 ms
	|-----------------------------------------------------------------|


	||-------------------------------------------||
	||                R^1 METRICS                ||
	||-------------------------------------------||
	||    L -&gt; R:                                ||
	||            - Mean                         ||
	||            - Error                        ||
	||            - Variance                     ||
	||            - Standard Deviation           ||
	||-------------------------------------------||
	|| -0.00599 |  0.79821 |  0.99994 |  0.99997 ||
	|| -0.00293 |  0.79754 |  0.99997 |  0.99999 ||
	|| -0.00345 |  0.79884 |  0.99997 |  0.99998 ||
	|| -0.00089 |  0.79660 |  0.99998 |  0.99999 ||
	|| -0.00471 |  0.79820 |  0.99996 |  0.99998 ||
	||  0.00131 |  0.79682 |  0.99998 |  0.99999 ||
	||  0.00085 |  0.79592 |  0.99998 |  0.99999 ||
	||  0.00032 |  0.79820 |  0.99998 |  0.99999 ||
	|| -0.00139 |  0.79836 |  0.99998 |  0.99999 ||
	||-------------------------------------------||

	||------------------------------------------------------------------------------------------||
	||                                     INPUT CORRELATION                                    ||
	||------------------------------------------------------------------------------------------||
	||  1.00000 | 0.16100 | 0.24500 | 0.35200 | 0.25900 | 0.16600 | 0.00300 | 0.03800 | 0.11400 ||
	||  0.16100 | 1.00000 | 0.00000 | 0.00000 | 0.00000 | 0.00000 | 0.00000 | 0.00000 | 0.00000 ||
	||  0.24500 | 0.00000 | 1.00000 | 0.00000 | 0.00000 | 0.00000 | 0.00000 | 0.00000 | 0.00000 ||
	||  0.35200 | 0.00000 | 0.00000 | 1.00000 | 0.00000 | 0.00000 | 0.00000 | 0.00000 | 0.00000 ||
	||  0.25900 | 0.00000 | 0.00000 | 0.00000 | 1.00000 | 0.00000 | 0.00000 | 0.00000 | 0.00000 ||
	||  0.16600 | 0.00000 | 0.00000 | 0.00000 | 0.00000 | 1.00000 | 0.00000 | 0.00000 | 0.00000 ||
	||  0.00300 | 0.00000 | 0.00000 | 0.00000 | 0.00000 | 0.00000 | 1.00000 | 0.00000 | 0.00000 ||
	||  0.03800 | 0.00000 | 0.00000 | 0.00000 | 0.00000 | 0.00000 | 0.00000 | 1.00000 | 0.00000 ||
	||  0.11400 | 0.00000 | 0.00000 | 0.00000 | 0.00000 | 0.00000 | 0.00000 | 0.00000 | 1.00000 ||
	||------------------------------------------------------------------------------------------||

	||------------------------------------------------------------------------------------------||
	||                                    OUTPUT CORRELATION                                    ||
	||------------------------------------------------------------------------------------------||
	||  1.00000 | 0.15238 | 0.23982 | 0.35973 | 0.26162 | 0.16898 | 0.00459 | 0.04207 | 0.10895 ||
	||  0.15238 | 1.00000 |-0.00035 |-0.00273 |-0.00431 |-0.00880 |-0.00543 | 0.00119 |-0.00830 ||
	||  0.23982 |-0.00035 | 1.00000 | 0.00253 | 0.00123 | 0.00390 |-0.00070 | 0.00639 | 0.00532 ||
	||  0.35973 |-0.00273 | 0.00253 | 1.00000 | 0.01043 | 0.00474 | 0.00242 |-0.00224 |-0.00976 ||
	||  0.26162 |-0.00431 | 0.00123 | 0.01043 | 1.00000 |-0.00361 |-0.00047 | 0.00051 | 0.00032 ||
	||  0.16898 |-0.00880 | 0.00390 | 0.00474 |-0.00361 | 1.00000 |-0.00445 | 0.00296 |-0.00706 ||
	||  0.00459 |-0.00543 |-0.00070 | 0.00242 |-0.00047 |-0.00445 | 1.00000 | 0.00144 | 0.00022 ||
	||  0.04207 | 0.00119 | 0.00639 |-0.00224 | 0.00051 | 0.00296 | 0.00144 | 1.00000 | 0.00459 ||
	||  0.10895 |-0.00830 | 0.00532 |-0.00976 | 0.00032 |-0.00706 | 0.00022 | 0.00459 | 1.00000 ||
	||------------------------------------------------------------------------------------------||

	||------------------------------------------------------------------------------------------||
	||                                    OUTPUT COVARIANCE                                     ||
	||------------------------------------------------------------------------------------------||
	||  0.99994 | 0.15237 | 0.23981 | 0.35972 | 0.26160 | 0.16897 | 0.00459 | 0.04207 | 0.10895 ||
	||  0.15237 | 0.99997 |-0.00035 |-0.00273 |-0.00431 |-0.00880 |-0.00543 | 0.00119 |-0.00829 ||
	||  0.23981 |-0.00035 | 0.99997 | 0.00253 | 0.00123 | 0.00390 |-0.00070 | 0.00639 | 0.00532 ||
	||  0.35972 |-0.00273 | 0.00253 | 0.99998 | 0.01043 | 0.00474 | 0.00242 |-0.00224 |-0.00976 ||
	||  0.26160 |-0.00431 | 0.00123 | 0.01043 | 0.99996 |-0.00361 |-0.00047 | 0.00051 | 0.00032 ||
	||  0.16897 |-0.00880 | 0.00390 | 0.00474 |-0.00361 | 0.99998 |-0.00445 | 0.00296 |-0.00706 ||
	||  0.00459 |-0.00543 |-0.00070 | 0.00242 |-0.00047 |-0.00445 | 0.99998 | 0.00144 | 0.00022 ||
	||  0.04207 | 0.00119 | 0.00639 |-0.00224 | 0.00051 | 0.00296 | 0.00144 | 0.99998 | 0.00459 ||
	||  0.10895 |-0.00829 | 0.00532 |-0.00976 | 0.00032 |-0.00706 | 0.00022 | 0.00459 | 0.99998 ||
	||------------------------------------------------------------------------------------------||

</pre>
</span>
</div>
</div>
<div id="footer">
<p>
<div>
<label class="hidden" id="label-for-line-wrapping-toggle" for="line-wrapping-toggle">Wrap lines
<input id="line-wrapping-toggle" type="checkbox" autocomplete="off"/>
</label>
</div>Generated by 
<a href="http://www.gradle.org">Gradle 3.5</a> at Nov 29, 2018 11:22:46 AM</p>
</div>
</div>
</body>
</html>
