<!DOCTYPE html>
<html>
<head>
<meta http-equiv="Content-Type" content="text/html; charset=utf-8"/>
<meta http-equiv="x-ua-compatible" content="IE=edge"/>
<title>Test results - Class org.drip.coverage.sequence.Statistics</title>
<link href="../css/base-style.css" rel="stylesheet" type="text/css"/>
<link href="../css/style.css" rel="stylesheet" type="text/css"/>
<script src="../js/report.js" type="text/javascript"></script>
</head>
<body>
<div id="content">
<h1>Class org.drip.coverage.sequence.Statistics</h1>
<div class="breadcrumbs">
<a href="../index.html">all</a> &gt; 
<a href="../packages/org.drip.coverage.sequence.html">org.drip.coverage.sequence</a> &gt; Statistics</div>
<div id="summary">
<table>
<tr>
<td>
<div class="summaryGroup">
<table>
<tr>
<td>
<div class="infoBox" id="tests">
<div class="counter">1</div>
<p>tests</p>
</div>
</td>
<td>
<div class="infoBox" id="failures">
<div class="counter">0</div>
<p>failures</p>
</div>
</td>
<td>
<div class="infoBox" id="ignored">
<div class="counter">0</div>
<p>ignored</p>
</div>
</td>
<td>
<div class="infoBox" id="duration">
<div class="counter">9.607s</div>
<p>duration</p>
</div>
</td>
</tr>
</table>
</div>
</td>
<td>
<div class="infoBox success" id="successRate">
<div class="percent">100%</div>
<p>successful</p>
</div>
</td>
</tr>
</table>
</div>
<div id="tabs">
<ul class="tabLinks">
<li>
<a href="#tab0">Tests</a>
</li>
<li>
<a href="#tab1">Standard output</a>
</li>
</ul>
<div id="tab0" class="tab">
<h2>Tests</h2>
<table>
<thead>
<tr>
<th>Test</th>
<th>Duration</th>
<th>Result</th>
</tr>
</thead>
<tr>
<td class="success">codeCoverageTest</td>
<td>9.607s</td>
<td class="success">passed</td>
</tr>
</table>
</div>
<div id="tab1" class="tab">
<h2>Standard output</h2>
<span class="code">
<pre>
	|-----------------------------------------------------------------|
	|    Copyright (C) 2011-2018 (DRIP)
	|-----------------------------------------------------------------|
	|    Build Version  =&gt; 3.73.0 multi mode
	|    Build JVM (TM) =&gt; 1.8.0_112
	|    Build Snap     =&gt; Mon Sep 03 09:50:58 EST 2018
	|    Start Time     =&gt; Wed Sep 12 10:01:15 EDT 2018
	|    Setup Time     =&gt; Wed Sep 12 10:01:15 EDT 2018
	|    Setup Duration =&gt; 0 ms
	|-----------------------------------------------------------------|


	||-------------------------------------------||
	||                R^1 METRICS                ||
	||-------------------------------------------||
	||    L -&gt; R:                                ||
	||            - Mean                         ||
	||            - Error                        ||
	||            - Variance                     ||
	||            - Standard Deviation           ||
	||-------------------------------------------||
	||  0.00360 |  0.79091 |  0.98590 |  0.99292 ||
	||  0.00069 |  0.79980 |  1.00413 |  1.00206 ||
	|| -0.00210 |  0.79310 |  0.99070 |  0.99534 ||
	||  0.00812 |  0.79832 |  1.00015 |  1.00007 ||
	||  0.00504 |  0.79480 |  0.99259 |  0.99629 ||
	|| -0.00325 |  0.79485 |  0.99387 |  0.99693 ||
	|| -0.00345 |  0.79210 |  0.98813 |  0.99405 ||
	||  0.00294 |  0.79678 |  1.00178 |  1.00089 ||
	||  0.00749 |  0.80199 |  1.00779 |  1.00389 ||
	||-------------------------------------------||

	||------------------------------------------------------------------------------------------||
	||                                     INPUT CORRELATION                                    ||
	||------------------------------------------------------------------------------------------||
	||  1.00000 | 0.16100 | 0.24500 | 0.35200 | 0.25900 | 0.16600 | 0.00300 | 0.03800 | 0.11400 ||
	||  0.16100 | 1.00000 | 0.00000 | 0.00000 | 0.00000 | 0.00000 | 0.00000 | 0.00000 | 0.00000 ||
	||  0.24500 | 0.00000 | 1.00000 | 0.00000 | 0.00000 | 0.00000 | 0.00000 | 0.00000 | 0.00000 ||
	||  0.35200 | 0.00000 | 0.00000 | 1.00000 | 0.00000 | 0.00000 | 0.00000 | 0.00000 | 0.00000 ||
	||  0.25900 | 0.00000 | 0.00000 | 0.00000 | 1.00000 | 0.00000 | 0.00000 | 0.00000 | 0.00000 ||
	||  0.16600 | 0.00000 | 0.00000 | 0.00000 | 0.00000 | 1.00000 | 0.00000 | 0.00000 | 0.00000 ||
	||  0.00300 | 0.00000 | 0.00000 | 0.00000 | 0.00000 | 0.00000 | 1.00000 | 0.00000 | 0.00000 ||
	||  0.03800 | 0.00000 | 0.00000 | 0.00000 | 0.00000 | 0.00000 | 0.00000 | 1.00000 | 0.00000 ||
	||  0.11400 | 0.00000 | 0.00000 | 0.00000 | 0.00000 | 0.00000 | 0.00000 | 0.00000 | 1.00000 ||
	||------------------------------------------------------------------------------------------||

	||------------------------------------------------------------------------------------------||
	||                                    OUTPUT CORRELATION                                    ||
	||------------------------------------------------------------------------------------------||
	||  1.00000 | 0.15392 | 0.24629 | 0.36106 | 0.25996 | 0.16499 | 0.00263 | 0.03881 | 0.11283 ||
	||  0.15392 | 1.00000 | 0.00275 | 0.00199 |-0.00047 |-0.00666 | 0.00941 | 0.00121 |-0.01131 ||
	||  0.24629 | 0.00275 | 1.00000 | 0.00722 |-0.00204 | 0.00387 |-0.00231 | 0.00357 | 0.00417 ||
	||  0.36106 | 0.00199 | 0.00722 | 1.00000 |-0.00528 | 0.00155 |-0.00056 |-0.00135 |-0.00183 ||
	||  0.25996 |-0.00047 |-0.00204 |-0.00528 | 1.00000 | 0.00233 | 0.00269 | 0.00038 |-0.00419 ||
	||  0.16499 |-0.00666 | 0.00387 | 0.00155 | 0.00233 | 1.00000 |-0.00292 | 0.00825 |-0.00243 ||
	||  0.00263 | 0.00941 |-0.00231 |-0.00056 | 0.00269 |-0.00292 | 1.00000 |-0.00149 |-0.00322 ||
	||  0.03881 | 0.00121 | 0.00357 |-0.00135 | 0.00038 | 0.00825 |-0.00149 | 1.00000 | 0.00418 ||
	||  0.11283 |-0.01131 | 0.00417 |-0.00183 |-0.00419 |-0.00243 |-0.00322 | 0.00418 | 1.00000 ||
	||------------------------------------------------------------------------------------------||

	||------------------------------------------------------------------------------------------||
	||                                    OUTPUT COVARIANCE                                     ||
	||------------------------------------------------------------------------------------------||
	||  0.98590 | 0.15315 | 0.24341 | 0.35853 | 0.25716 | 0.16332 | 0.00259 | 0.03857 | 0.11246 ||
	||  0.15315 | 1.00413 | 0.00274 | 0.00199 |-0.00047 |-0.00665 | 0.00937 | 0.00121 |-0.01138 ||
	||  0.24341 | 0.00274 | 0.99070 | 0.00719 |-0.00202 | 0.00384 |-0.00228 | 0.00355 | 0.00417 ||
	||  0.35853 | 0.00199 | 0.00719 | 1.00015 |-0.00526 | 0.00154 |-0.00056 |-0.00135 |-0.00184 ||
	||  0.25716 |-0.00047 |-0.00202 |-0.00526 | 0.99259 | 0.00231 | 0.00266 | 0.00038 |-0.00419 ||
	||  0.16332 |-0.00665 | 0.00384 | 0.00154 | 0.00231 | 0.99387 |-0.00289 | 0.00823 |-0.00243 ||
	||  0.00259 | 0.00937 |-0.00228 |-0.00056 | 0.00266 |-0.00289 | 0.98813 |-0.00148 |-0.00322 ||
	||  0.03857 | 0.00121 | 0.00355 |-0.00135 | 0.00038 | 0.00823 |-0.00148 | 1.00178 | 0.00420 ||
	||  0.11246 |-0.01138 | 0.00417 |-0.00184 |-0.00419 |-0.00243 |-0.00322 | 0.00420 | 1.00779 ||
	||------------------------------------------------------------------------------------------||


	|-----------------------------------------------------------------|
	|    Copyright (C) 2011-2018 (DRIP)
	|-----------------------------------------------------------------|
	|    Build Version  =&gt; 3.73.0 multi mode
	|    Build JVM (TM) =&gt; 1.8.0_112
	|    Build Snap     =&gt; Mon Sep 03 09:50:58 EST 2018
	|    Start Time     =&gt; Wed Sep 12 10:01:17 EDT 2018
	|    Setup Time     =&gt; Wed Sep 12 10:01:17 EDT 2018
	|    Setup Duration =&gt; 0 ms
	|-----------------------------------------------------------------|


	||-------------------------------------------||
	||                R^1 METRICS                ||
	||-------------------------------------------||
	||    L -&gt; R:                                ||
	||            - Mean                         ||
	||            - Error                        ||
	||            - Variance                     ||
	||            - Standard Deviation           ||
	||-------------------------------------------||
	|| -0.00057 |  0.79908 |  1.00276 |  1.00138 ||
	|| -0.00184 |  0.79846 |  1.00246 |  1.00123 ||
	||  0.00407 |  0.80139 |  1.00429 |  1.00214 ||
	|| -0.00561 |  0.79678 |  0.99955 |  0.99977 ||
	||  0.00770 |  0.79967 |  1.00363 |  1.00181 ||
	|| -0.01141 |  0.79717 |  1.00126 |  1.00063 ||
	||  0.00120 |  0.79716 |  0.99864 |  0.99932 ||
	||  0.00073 |  0.79882 |  1.00273 |  1.00137 ||
	|| -0.00147 |  0.79895 |  1.00169 |  1.00085 ||
	||-------------------------------------------||

	||------------------------------------------------------------------------------------------||
	||                                     INPUT CORRELATION                                    ||
	||------------------------------------------------------------------------------------------||
	||  1.00000 | 0.16100 | 0.24500 | 0.35200 | 0.25900 | 0.16600 | 0.00300 | 0.03800 | 0.11400 ||
	||  0.16100 | 1.00000 | 0.00000 | 0.00000 | 0.00000 | 0.00000 | 0.00000 | 0.00000 | 0.00000 ||
	||  0.24500 | 0.00000 | 1.00000 | 0.00000 | 0.00000 | 0.00000 | 0.00000 | 0.00000 | 0.00000 ||
	||  0.35200 | 0.00000 | 0.00000 | 1.00000 | 0.00000 | 0.00000 | 0.00000 | 0.00000 | 0.00000 ||
	||  0.25900 | 0.00000 | 0.00000 | 0.00000 | 1.00000 | 0.00000 | 0.00000 | 0.00000 | 0.00000 ||
	||  0.16600 | 0.00000 | 0.00000 | 0.00000 | 0.00000 | 1.00000 | 0.00000 | 0.00000 | 0.00000 ||
	||  0.00300 | 0.00000 | 0.00000 | 0.00000 | 0.00000 | 0.00000 | 1.00000 | 0.00000 | 0.00000 ||
	||  0.03800 | 0.00000 | 0.00000 | 0.00000 | 0.00000 | 0.00000 | 0.00000 | 1.00000 | 0.00000 ||
	||  0.11400 | 0.00000 | 0.00000 | 0.00000 | 0.00000 | 0.00000 | 0.00000 | 0.00000 | 1.00000 ||
	||------------------------------------------------------------------------------------------||

	||------------------------------------------------------------------------------------------||
	||                                    OUTPUT CORRELATION                                    ||
	||------------------------------------------------------------------------------------------||
	||  1.00000 | 0.16627 | 0.24152 | 0.35837 | 0.26112 | 0.16620 | 0.00522 | 0.04240 | 0.11614 ||
	||  0.16627 | 1.00000 | 0.00108 | 0.00350 |-0.00504 |-0.00432 | 0.00149 |-0.00050 | 0.01000 ||
	||  0.24152 | 0.00108 | 1.00000 |-0.00394 |-0.00224 | 0.00016 |-0.00141 |-0.00001 | 0.00372 ||
	||  0.35837 | 0.00350 |-0.00394 | 1.00000 | 0.00724 | 0.00461 | 0.00121 | 0.00159 | 0.00622 ||
	||  0.26112 |-0.00504 |-0.00224 | 0.00724 | 1.00000 |-0.00420 |-0.00040 | 0.00160 | 0.00092 ||
	||  0.16620 |-0.00432 | 0.00016 | 0.00461 |-0.00420 | 1.00000 |-0.00898 | 0.00099 | 0.00899 ||
	||  0.00522 | 0.00149 |-0.00141 | 0.00121 |-0.00040 |-0.00898 | 1.00000 |-0.00243 |-0.00152 ||
	||  0.04240 |-0.00050 |-0.00001 | 0.00159 | 0.00160 | 0.00099 |-0.00243 | 1.00000 |-0.00046 ||
	||  0.11614 | 0.01000 | 0.00372 | 0.00622 | 0.00092 | 0.00899 |-0.00152 |-0.00046 | 1.00000 ||
	||------------------------------------------------------------------------------------------||

	||------------------------------------------------------------------------------------------||
	||                                    OUTPUT COVARIANCE                                     ||
	||------------------------------------------------------------------------------------------||
	||  1.00276 | 0.16670 | 0.24237 | 0.35878 | 0.26195 | 0.16654 | 0.00523 | 0.04252 | 0.11640 ||
	||  0.16670 | 1.00246 | 0.00109 | 0.00351 |-0.00506 |-0.00433 | 0.00149 |-0.00051 | 0.01002 ||
	||  0.24237 | 0.00109 | 1.00429 |-0.00395 |-0.00225 | 0.00016 |-0.00141 |-0.00001 | 0.00373 ||
	||  0.35878 | 0.00351 |-0.00395 | 0.99955 | 0.00725 | 0.00462 | 0.00121 | 0.00159 | 0.00623 ||
	||  0.26195 |-0.00506 |-0.00225 | 0.00725 | 1.00363 |-0.00421 |-0.00040 | 0.00161 | 0.00092 ||
	||  0.16654 |-0.00433 | 0.00016 | 0.00462 |-0.00421 | 1.00126 |-0.00898 | 0.00099 | 0.00901 ||
	||  0.00523 | 0.00149 |-0.00141 | 0.00121 |-0.00040 |-0.00898 | 0.99864 |-0.00243 |-0.00152 ||
	||  0.04252 |-0.00051 |-0.00001 | 0.00159 | 0.00161 | 0.00099 |-0.00243 | 1.00273 |-0.00046 ||
	||  0.11640 | 0.01002 | 0.00373 | 0.00623 | 0.00092 | 0.00901 |-0.00152 |-0.00046 | 1.00169 ||
	||------------------------------------------------------------------------------------------||


	|-----------------------------------------------------------------|
	|    Copyright (C) 2011-2018 (DRIP)
	|-----------------------------------------------------------------|
	|    Build Version  =&gt; 3.73.0 multi mode
	|    Build JVM (TM) =&gt; 1.8.0_112
	|    Build Snap     =&gt; Mon Sep 03 09:50:58 EST 2018
	|    Start Time     =&gt; Wed Sep 12 10:01:19 EDT 2018
	|    Setup Time     =&gt; Wed Sep 12 10:01:19 EDT 2018
	|    Setup Duration =&gt; 0 ms
	|-----------------------------------------------------------------|


	||-------------------------------------------||
	||                R^1 METRICS                ||
	||-------------------------------------------||
	||    L -&gt; R:                                ||
	||            - Mean                         ||
	||            - Error                        ||
	||            - Variance                     ||
	||            - Standard Deviation           ||
	||-------------------------------------------||
	|| -0.00686 |  0.79908 |  0.99995 |  0.99998 ||
	|| -0.00832 |  0.79886 |  0.99993 |  0.99997 ||
	|| -0.00752 |  0.79683 |  0.99994 |  0.99997 ||
	|| -0.00598 |  0.79688 |  0.99996 |  0.99998 ||
	|| -0.00623 |  0.79707 |  0.99996 |  0.99998 ||
	||  0.00225 |  0.79815 |  0.99999 |  1.00000 ||
	|| -0.00496 |  0.79812 |  0.99998 |  0.99999 ||
	|| -0.00428 |  0.79881 |  0.99998 |  0.99999 ||
	|| -0.00201 |  0.79813 |  1.00000 |  1.00000 ||
	||-------------------------------------------||

	||------------------------------------------------------------------------------------------||
	||                                     INPUT CORRELATION                                    ||
	||------------------------------------------------------------------------------------------||
	||  1.00000 | 0.16100 | 0.24500 | 0.35200 | 0.25900 | 0.16600 | 0.00300 | 0.03800 | 0.11400 ||
	||  0.16100 | 1.00000 | 0.00000 | 0.00000 | 0.00000 | 0.00000 | 0.00000 | 0.00000 | 0.00000 ||
	||  0.24500 | 0.00000 | 1.00000 | 0.00000 | 0.00000 | 0.00000 | 0.00000 | 0.00000 | 0.00000 ||
	||  0.35200 | 0.00000 | 0.00000 | 1.00000 | 0.00000 | 0.00000 | 0.00000 | 0.00000 | 0.00000 ||
	||  0.25900 | 0.00000 | 0.00000 | 0.00000 | 1.00000 | 0.00000 | 0.00000 | 0.00000 | 0.00000 ||
	||  0.16600 | 0.00000 | 0.00000 | 0.00000 | 0.00000 | 1.00000 | 0.00000 | 0.00000 | 0.00000 ||
	||  0.00300 | 0.00000 | 0.00000 | 0.00000 | 0.00000 | 0.00000 | 1.00000 | 0.00000 | 0.00000 ||
	||  0.03800 | 0.00000 | 0.00000 | 0.00000 | 0.00000 | 0.00000 | 0.00000 | 1.00000 | 0.00000 ||
	||  0.11400 | 0.00000 | 0.00000 | 0.00000 | 0.00000 | 0.00000 | 0.00000 | 0.00000 | 1.00000 ||
	||------------------------------------------------------------------------------------------||

	||------------------------------------------------------------------------------------------||
	||                                    OUTPUT CORRELATION                                    ||
	||------------------------------------------------------------------------------------------||
	||  1.00000 | 0.15761 | 0.24849 | 0.35585 | 0.25854 | 0.17014 | 0.00331 | 0.03914 | 0.11245 ||
	||  0.15761 | 1.00000 |-0.00181 | 0.00020 | 0.00303 | 0.00461 |-0.00981 |-0.00240 |-0.01170 ||
	||  0.24849 |-0.00181 | 1.00000 | 0.00010 |-0.00754 | 0.00793 | 0.00799 | 0.00301 |-0.01030 ||
	||  0.35585 | 0.00020 | 0.00010 | 1.00000 |-0.00133 |-0.00180 | 0.00434 | 0.00062 |-0.00162 ||
	||  0.25854 | 0.00303 |-0.00754 |-0.00133 | 1.00000 |-0.00110 |-0.00324 |-0.00024 | 0.00542 ||
	||  0.17014 | 0.00461 | 0.00793 |-0.00180 |-0.00110 | 1.00000 |-0.00186 | 0.00005 | 0.00215 ||
	||  0.00331 |-0.00981 | 0.00799 | 0.00434 |-0.00324 |-0.00186 | 1.00000 | 0.00586 |-0.00431 ||
	||  0.03914 |-0.00240 | 0.00301 | 0.00062 |-0.00024 | 0.00005 | 0.00586 | 1.00000 |-0.00114 ||
	||  0.11245 |-0.01170 |-0.01030 |-0.00162 | 0.00542 | 0.00215 |-0.00431 |-0.00114 | 1.00000 ||
	||------------------------------------------------------------------------------------------||

	||------------------------------------------------------------------------------------------||
	||                                    OUTPUT COVARIANCE                                     ||
	||------------------------------------------------------------------------------------------||
	||  0.99995 | 0.15760 | 0.24848 | 0.35583 | 0.25853 | 0.17013 | 0.00331 | 0.03914 | 0.11245 ||
	||  0.15760 | 0.99993 |-0.00181 | 0.00020 | 0.00303 | 0.00461 |-0.00981 |-0.00240 |-0.01170 ||
	||  0.24848 |-0.00181 | 0.99994 | 0.00010 |-0.00754 | 0.00793 | 0.00798 | 0.00301 |-0.01030 ||
	||  0.35583 | 0.00020 | 0.00010 | 0.99996 |-0.00133 |-0.00180 | 0.00434 | 0.00062 |-0.00162 ||
	||  0.25853 | 0.00303 |-0.00754 |-0.00133 | 0.99996 |-0.00110 |-0.00324 |-0.00024 | 0.00542 ||
	||  0.17013 | 0.00461 | 0.00793 |-0.00180 |-0.00110 | 0.99999 |-0.00186 | 0.00005 | 0.00215 ||
	||  0.00331 |-0.00981 | 0.00798 | 0.00434 |-0.00324 |-0.00186 | 0.99998 | 0.00586 |-0.00431 ||
	||  0.03914 |-0.00240 | 0.00301 | 0.00062 |-0.00024 | 0.00005 | 0.00586 | 0.99998 |-0.00114 ||
	||  0.11245 |-0.01170 |-0.01030 |-0.00162 | 0.00542 | 0.00215 |-0.00431 |-0.00114 | 1.00000 ||
	||------------------------------------------------------------------------------------------||


	|-----------------------------------------------------------------|
	|    Copyright (C) 2011-2018 (DRIP)
	|-----------------------------------------------------------------|
	|    Build Version  =&gt; 3.73.0 multi mode
	|    Build JVM (TM) =&gt; 1.8.0_112
	|    Build Snap     =&gt; Mon Sep 03 09:50:58 EST 2018
	|    Start Time     =&gt; Wed Sep 12 10:01:22 EDT 2018
	|    Setup Time     =&gt; Wed Sep 12 10:01:22 EDT 2018
	|    Setup Duration =&gt; 0 ms
	|-----------------------------------------------------------------|


	||-------------------------------------------||
	||                R^1 METRICS                ||
	||-------------------------------------------||
	||    L -&gt; R:                                ||
	||            - Mean                         ||
	||            - Error                        ||
	||            - Variance                     ||
	||            - Standard Deviation           ||
	||-------------------------------------------||
	||  0.01409 |  0.79674 |  0.99978 |  0.99989 ||
	||  0.00507 |  0.79795 |  0.99995 |  0.99998 ||
	||  0.00584 |  0.79652 |  0.99995 |  0.99997 ||
	||  0.00645 |  0.79896 |  0.99994 |  0.99997 ||
	||  0.00239 |  0.79748 |  0.99997 |  0.99999 ||
	||  0.00311 |  0.79702 |  0.99997 |  0.99999 ||
	|| -0.00741 |  0.79949 |  0.99993 |  0.99996 ||
	|| -0.00122 |  0.79795 |  0.99998 |  0.99999 ||
	||  0.00700 |  0.79755 |  0.99993 |  0.99997 ||
	||-------------------------------------------||

	||------------------------------------------------------------------------------------------||
	||                                     INPUT CORRELATION                                    ||
	||------------------------------------------------------------------------------------------||
	||  1.00000 | 0.16100 | 0.24500 | 0.35200 | 0.25900 | 0.16600 | 0.00300 | 0.03800 | 0.11400 ||
	||  0.16100 | 1.00000 | 0.00000 | 0.00000 | 0.00000 | 0.00000 | 0.00000 | 0.00000 | 0.00000 ||
	||  0.24500 | 0.00000 | 1.00000 | 0.00000 | 0.00000 | 0.00000 | 0.00000 | 0.00000 | 0.00000 ||
	||  0.35200 | 0.00000 | 0.00000 | 1.00000 | 0.00000 | 0.00000 | 0.00000 | 0.00000 | 0.00000 ||
	||  0.25900 | 0.00000 | 0.00000 | 0.00000 | 1.00000 | 0.00000 | 0.00000 | 0.00000 | 0.00000 ||
	||  0.16600 | 0.00000 | 0.00000 | 0.00000 | 0.00000 | 1.00000 | 0.00000 | 0.00000 | 0.00000 ||
	||  0.00300 | 0.00000 | 0.00000 | 0.00000 | 0.00000 | 0.00000 | 1.00000 | 0.00000 | 0.00000 ||
	||  0.03800 | 0.00000 | 0.00000 | 0.00000 | 0.00000 | 0.00000 | 0.00000 | 1.00000 | 0.00000 ||
	||  0.11400 | 0.00000 | 0.00000 | 0.00000 | 0.00000 | 0.00000 | 0.00000 | 0.00000 | 1.00000 ||
	||------------------------------------------------------------------------------------------||

	||------------------------------------------------------------------------------------------||
	||                                    OUTPUT CORRELATION                                    ||
	||------------------------------------------------------------------------------------------||
	||  1.00000 | 0.15840 | 0.24783 | 0.35137 | 0.25690 | 0.15241 |-0.00332 | 0.04053 | 0.11309 ||
	||  0.15840 | 1.00000 |-0.00478 | 0.00211 |-0.00050 |-0.00304 | 0.00255 | 0.00782 | 0.00088 ||
	||  0.24783 |-0.00478 | 1.00000 |-0.00428 |-0.00115 |-0.00488 | 0.00239 |-0.00243 |-0.00182 ||
	||  0.35137 | 0.00211 |-0.00428 | 1.00000 | 0.00079 |-0.00463 |-0.00415 | 0.00205 |-0.00065 ||
	||  0.25690 |-0.00050 |-0.00115 | 0.00079 | 1.00000 |-0.00699 |-0.00356 |-0.00308 |-0.00095 ||
	||  0.15241 |-0.00304 |-0.00488 |-0.00463 |-0.00699 | 1.00000 |-0.00133 |-0.00268 | 0.00022 ||
	|| -0.00332 | 0.00255 | 0.00239 |-0.00415 |-0.00356 |-0.00133 | 1.00000 |-0.00477 |-0.00930 ||
	||  0.04053 | 0.00782 |-0.00243 | 0.00205 |-0.00308 |-0.00268 |-0.00477 | 1.00000 | 0.00034 ||
	||  0.11309 | 0.00088 |-0.00182 |-0.00065 |-0.00095 | 0.00022 |-0.00930 | 0.00034 | 1.00000 ||
	||------------------------------------------------------------------------------------------||

	||------------------------------------------------------------------------------------------||
	||                                    OUTPUT COVARIANCE                                     ||
	||------------------------------------------------------------------------------------------||
	||  0.99978 | 0.15838 | 0.24779 | 0.35132 | 0.25687 | 0.15239 |-0.00332 | 0.04053 | 0.11307 ||
	||  0.15838 | 0.99995 |-0.00478 | 0.00211 |-0.00050 |-0.00304 | 0.00255 | 0.00782 | 0.00088 ||
	||  0.24779 |-0.00478 | 0.99995 |-0.00428 |-0.00115 |-0.00488 | 0.00239 |-0.00243 |-0.00182 ||
	||  0.35132 | 0.00211 |-0.00428 | 0.99994 | 0.00079 |-0.00463 |-0.00415 | 0.00205 |-0.00065 ||
	||  0.25687 |-0.00050 |-0.00115 | 0.00079 | 0.99997 |-0.00699 |-0.00356 |-0.00308 |-0.00095 ||
	||  0.15239 |-0.00304 |-0.00488 |-0.00463 |-0.00699 | 0.99997 |-0.00133 |-0.00268 | 0.00022 ||
	|| -0.00332 | 0.00255 | 0.00239 |-0.00415 |-0.00356 |-0.00133 | 0.99993 |-0.00477 |-0.00930 ||
	||  0.04053 | 0.00782 |-0.00243 | 0.00205 |-0.00308 |-0.00268 |-0.00477 | 0.99998 | 0.00034 ||
	||  0.11307 | 0.00088 |-0.00182 |-0.00065 |-0.00095 | 0.00022 |-0.00930 | 0.00034 | 0.99993 ||
	||------------------------------------------------------------------------------------------||

</pre>
</span>
</div>
</div>
<div id="footer">
<p>
<div>
<label class="hidden" id="label-for-line-wrapping-toggle" for="line-wrapping-toggle">Wrap lines
<input id="line-wrapping-toggle" type="checkbox" autocomplete="off"/>
</label>
</div>Generated by 
<a href="http://www.gradle.org">Gradle 3.5</a> at Sep 12, 2018 10:28:25 AM</p>
</div>
</div>
</body>
</html>
