<!DOCTYPE html>
<html>
<head>
<meta http-equiv="Content-Type" content="text/html; charset=utf-8"/>
<meta http-equiv="x-ua-compatible" content="IE=edge"/>
<title>Test results - Class org.drip.coverage.sequence.Statistics</title>
<link href="../css/base-style.css" rel="stylesheet" type="text/css"/>
<link href="../css/style.css" rel="stylesheet" type="text/css"/>
<script src="../js/report.js" type="text/javascript"></script>
</head>
<body>
<div id="content">
<h1>Class org.drip.coverage.sequence.Statistics</h1>
<div class="breadcrumbs">
<a href="../index.html">all</a> &gt; 
<a href="../packages/org.drip.coverage.sequence.html">org.drip.coverage.sequence</a> &gt; Statistics</div>
<div id="summary">
<table>
<tr>
<td>
<div class="summaryGroup">
<table>
<tr>
<td>
<div class="infoBox" id="tests">
<div class="counter">1</div>
<p>tests</p>
</div>
</td>
<td>
<div class="infoBox" id="failures">
<div class="counter">0</div>
<p>failures</p>
</div>
</td>
<td>
<div class="infoBox" id="ignored">
<div class="counter">0</div>
<p>ignored</p>
</div>
</td>
<td>
<div class="infoBox" id="duration">
<div class="counter">9.669s</div>
<p>duration</p>
</div>
</td>
</tr>
</table>
</div>
</td>
<td>
<div class="infoBox success" id="successRate">
<div class="percent">100%</div>
<p>successful</p>
</div>
</td>
</tr>
</table>
</div>
<div id="tabs">
<ul class="tabLinks">
<li>
<a href="#tab0">Tests</a>
</li>
<li>
<a href="#tab1">Standard output</a>
</li>
</ul>
<div id="tab0" class="tab">
<h2>Tests</h2>
<table>
<thead>
<tr>
<th>Test</th>
<th>Duration</th>
<th>Result</th>
</tr>
</thead>
<tr>
<td class="success">codeCoverageTest</td>
<td>9.669s</td>
<td class="success">passed</td>
</tr>
</table>
</div>
<div id="tab1" class="tab">
<h2>Standard output</h2>
<span class="code">
<pre>
	|-----------------------------------------------------------------|
	|    Copyright (C) 2011-2019 (DRIP, DROP)
	|-----------------------------------------------------------------|
	|    Build Version  =&gt; 4.41.0 multi mode
	|    Build JVM (TM) =&gt; 1.8.0_112
	|    Build Snap     =&gt; Sat Nov 02 22:26:06 EST 2019
	|    Start Time     =&gt; Sat Nov 02 23:51:55 EDT 2019
	|    Setup Time     =&gt; Sat Nov 02 23:51:55 EDT 2019
	|    Setup Duration =&gt; 0 ms
	|-----------------------------------------------------------------|


	||-------------------------------------------||
	||                R^1 METRICS                ||
	||-------------------------------------------||
	||    L -&gt; R:                                ||
	||            - Mean                         ||
	||            - Error                        ||
	||            - Variance                     ||
	||            - Standard Deviation           ||
	||-------------------------------------------||
	||  0.00106 |  0.79696 |  0.99842 |  0.99921 ||
	|| -0.00214 |  0.79759 |  1.00271 |  1.00135 ||
	|| -0.00115 |  0.79855 |  1.00042 |  1.00021 ||
	||  0.00206 |  0.79701 |  1.00079 |  1.00039 ||
	||  0.00180 |  0.79964 |  1.00302 |  1.00151 ||
	||  0.00432 |  0.80084 |  1.00901 |  1.00450 ||
	||  0.00360 |  0.79582 |  0.99915 |  0.99957 ||
	||  0.00073 |  0.79903 |  1.00700 |  1.00349 ||
	|| -0.00058 |  0.80296 |  1.01230 |  1.00613 ||
	||-------------------------------------------||

	||------------------------------------------------------------------------------------------||
	||                                     INPUT CORRELATION                                    ||
	||------------------------------------------------------------------------------------------||
	||  1.00000 | 0.16100 | 0.24500 | 0.35200 | 0.25900 | 0.16600 | 0.00300 | 0.03800 | 0.11400 ||
	||  0.16100 | 1.00000 | 0.00000 | 0.00000 | 0.00000 | 0.00000 | 0.00000 | 0.00000 | 0.00000 ||
	||  0.24500 | 0.00000 | 1.00000 | 0.00000 | 0.00000 | 0.00000 | 0.00000 | 0.00000 | 0.00000 ||
	||  0.35200 | 0.00000 | 0.00000 | 1.00000 | 0.00000 | 0.00000 | 0.00000 | 0.00000 | 0.00000 ||
	||  0.25900 | 0.00000 | 0.00000 | 0.00000 | 1.00000 | 0.00000 | 0.00000 | 0.00000 | 0.00000 ||
	||  0.16600 | 0.00000 | 0.00000 | 0.00000 | 0.00000 | 1.00000 | 0.00000 | 0.00000 | 0.00000 ||
	||  0.00300 | 0.00000 | 0.00000 | 0.00000 | 0.00000 | 0.00000 | 1.00000 | 0.00000 | 0.00000 ||
	||  0.03800 | 0.00000 | 0.00000 | 0.00000 | 0.00000 | 0.00000 | 0.00000 | 1.00000 | 0.00000 ||
	||  0.11400 | 0.00000 | 0.00000 | 0.00000 | 0.00000 | 0.00000 | 0.00000 | 0.00000 | 1.00000 ||
	||------------------------------------------------------------------------------------------||

	||------------------------------------------------------------------------------------------||
	||                                    OUTPUT CORRELATION                                    ||
	||------------------------------------------------------------------------------------------||
	||  1.00000 | 0.15877 | 0.24774 | 0.35038 | 0.25877 | 0.16862 | 0.00763 | 0.03628 | 0.12017 ||
	||  0.15877 | 1.00000 |-0.00153 | 0.00106 |-0.00132 | 0.00110 | 0.00284 | 0.00295 | 0.00161 ||
	||  0.24774 |-0.00153 | 1.00000 | 0.00278 | 0.00520 | 0.00447 |-0.00085 | 0.00247 |-0.00469 ||
	||  0.35038 | 0.00106 | 0.00278 | 1.00000 | 0.00234 |-0.00187 |-0.00261 | 0.00043 |-0.00563 ||
	||  0.25877 |-0.00132 | 0.00520 | 0.00234 | 1.00000 | 0.00271 | 0.00047 | 0.00285 | 0.00132 ||
	||  0.16862 | 0.00110 | 0.00447 |-0.00187 | 0.00271 | 1.00000 |-0.00286 | 0.00453 | 0.00459 ||
	||  0.00763 | 0.00284 |-0.00085 |-0.00261 | 0.00047 |-0.00286 | 1.00000 | 0.00120 | 0.00539 ||
	||  0.03628 | 0.00295 | 0.00247 | 0.00043 | 0.00285 | 0.00453 | 0.00120 | 1.00000 |-0.00214 ||
	||  0.12017 | 0.00161 |-0.00469 |-0.00563 | 0.00132 | 0.00459 | 0.00539 |-0.00214 | 1.00000 ||
	||------------------------------------------------------------------------------------------||

	||------------------------------------------------------------------------------------------||
	||                                    OUTPUT COVARIANCE                                     ||
	||------------------------------------------------------------------------------------------||
	||  0.99842 | 0.15886 | 0.24760 | 0.35024 | 0.25896 | 0.16924 | 0.00762 | 0.03638 | 0.12081 ||
	||  0.15886 | 1.00271 |-0.00153 | 0.00106 |-0.00132 | 0.00110 | 0.00284 | 0.00297 | 0.00162 ||
	||  0.24760 |-0.00153 | 1.00042 | 0.00279 | 0.00521 | 0.00449 |-0.00085 | 0.00248 |-0.00472 ||
	||  0.35024 | 0.00106 | 0.00279 | 1.00079 | 0.00234 |-0.00187 |-0.00261 | 0.00043 |-0.00567 ||
	||  0.25896 |-0.00132 | 0.00521 | 0.00234 | 1.00302 | 0.00273 | 0.00047 | 0.00287 | 0.00133 ||
	||  0.16924 | 0.00110 | 0.00449 |-0.00187 | 0.00273 | 1.00901 |-0.00287 | 0.00457 | 0.00464 ||
	||  0.00762 | 0.00284 |-0.00085 |-0.00261 | 0.00047 |-0.00287 | 0.99915 | 0.00121 | 0.00542 ||
	||  0.03638 | 0.00297 | 0.00248 | 0.00043 | 0.00287 | 0.00457 | 0.00121 | 1.00700 |-0.00216 ||
	||  0.12081 | 0.00162 |-0.00472 |-0.00567 | 0.00133 | 0.00464 | 0.00542 |-0.00216 | 1.01230 ||
	||------------------------------------------------------------------------------------------||


	|-----------------------------------------------------------------|
	|    Copyright (C) 2011-2019 (DRIP, DROP)
	|-----------------------------------------------------------------|
	|    Build Version  =&gt; 4.41.0 multi mode
	|    Build JVM (TM) =&gt; 1.8.0_112
	|    Build Snap     =&gt; Sat Nov 02 22:26:06 EST 2019
	|    Start Time     =&gt; Sat Nov 02 23:51:58 EDT 2019
	|    Setup Time     =&gt; Sat Nov 02 23:51:58 EDT 2019
	|    Setup Duration =&gt; 0 ms
	|-----------------------------------------------------------------|


	||-------------------------------------------||
	||                R^1 METRICS                ||
	||-------------------------------------------||
	||    L -&gt; R:                                ||
	||            - Mean                         ||
	||            - Error                        ||
	||            - Variance                     ||
	||            - Standard Deviation           ||
	||-------------------------------------------||
	||  0.00005 |  0.79716 |  0.99741 |  0.99870 ||
	|| -0.00187 |  0.79366 |  0.98654 |  0.99325 ||
	|| -0.00567 |  0.79947 |  1.00227 |  1.00114 ||
	||  0.00354 |  0.79642 |  1.00091 |  1.00046 ||
	|| -0.00146 |  0.79428 |  0.99072 |  0.99535 ||
	|| -0.00753 |  0.79804 |  1.00165 |  1.00082 ||
	|| -0.01107 |  0.79590 |  0.99479 |  0.99739 ||
	|| -0.00689 |  0.79745 |  1.00057 |  1.00029 ||
	|| -0.00157 |  0.79248 |  0.98875 |  0.99436 ||
	||-------------------------------------------||

	||------------------------------------------------------------------------------------------||
	||                                     INPUT CORRELATION                                    ||
	||------------------------------------------------------------------------------------------||
	||  1.00000 | 0.16100 | 0.24500 | 0.35200 | 0.25900 | 0.16600 | 0.00300 | 0.03800 | 0.11400 ||
	||  0.16100 | 1.00000 | 0.00000 | 0.00000 | 0.00000 | 0.00000 | 0.00000 | 0.00000 | 0.00000 ||
	||  0.24500 | 0.00000 | 1.00000 | 0.00000 | 0.00000 | 0.00000 | 0.00000 | 0.00000 | 0.00000 ||
	||  0.35200 | 0.00000 | 0.00000 | 1.00000 | 0.00000 | 0.00000 | 0.00000 | 0.00000 | 0.00000 ||
	||  0.25900 | 0.00000 | 0.00000 | 0.00000 | 1.00000 | 0.00000 | 0.00000 | 0.00000 | 0.00000 ||
	||  0.16600 | 0.00000 | 0.00000 | 0.00000 | 0.00000 | 1.00000 | 0.00000 | 0.00000 | 0.00000 ||
	||  0.00300 | 0.00000 | 0.00000 | 0.00000 | 0.00000 | 0.00000 | 1.00000 | 0.00000 | 0.00000 ||
	||  0.03800 | 0.00000 | 0.00000 | 0.00000 | 0.00000 | 0.00000 | 0.00000 | 1.00000 | 0.00000 ||
	||  0.11400 | 0.00000 | 0.00000 | 0.00000 | 0.00000 | 0.00000 | 0.00000 | 0.00000 | 1.00000 ||
	||------------------------------------------------------------------------------------------||

	||------------------------------------------------------------------------------------------||
	||                                    OUTPUT CORRELATION                                    ||
	||------------------------------------------------------------------------------------------||
	||  1.00000 | 0.16291 | 0.23976 | 0.35119 | 0.25422 | 0.16651 | 0.00648 | 0.04723 | 0.10801 ||
	||  0.16291 | 1.00000 | 0.00562 | 0.00827 |-0.00581 |-0.00570 |-0.00471 | 0.00005 | 0.00048 ||
	||  0.23976 | 0.00562 | 1.00000 |-0.00565 |-0.00529 |-0.00027 |-0.00328 | 0.00140 |-0.00315 ||
	||  0.35119 | 0.00827 |-0.00565 | 1.00000 | 0.00046 |-0.00234 |-0.00030 |-0.00389 |-0.00149 ||
	||  0.25422 |-0.00581 |-0.00529 | 0.00046 | 1.00000 | 0.00337 | 0.00371 | 0.00572 |-0.00006 ||
	||  0.16651 |-0.00570 |-0.00027 |-0.00234 | 0.00337 | 1.00000 | 0.00022 |-0.00428 | 0.00521 ||
	||  0.00648 |-0.00471 |-0.00328 |-0.00030 | 0.00371 | 0.00022 | 1.00000 |-0.00001 | 0.00273 ||
	||  0.04723 | 0.00005 | 0.00140 |-0.00389 | 0.00572 |-0.00428 |-0.00001 | 1.00000 |-0.00595 ||
	||  0.10801 | 0.00048 |-0.00315 |-0.00149 |-0.00006 | 0.00521 | 0.00273 |-0.00595 | 1.00000 ||
	||------------------------------------------------------------------------------------------||

	||------------------------------------------------------------------------------------------||
	||                                    OUTPUT COVARIANCE                                     ||
	||------------------------------------------------------------------------------------------||
	||  0.99741 | 0.16160 | 0.23972 | 0.35090 | 0.25271 | 0.16643 | 0.00645 | 0.04719 | 0.10727 ||
	||  0.16160 | 0.98654 | 0.00559 | 0.00822 |-0.00574 |-0.00567 |-0.00466 | 0.00005 | 0.00047 ||
	||  0.23972 | 0.00559 | 1.00227 |-0.00566 |-0.00527 |-0.00027 |-0.00327 | 0.00140 |-0.00314 ||
	||  0.35090 | 0.00822 |-0.00566 | 1.00091 | 0.00046 |-0.00234 |-0.00030 |-0.00390 |-0.00148 ||
	||  0.25271 |-0.00574 |-0.00527 | 0.00046 | 0.99072 | 0.00335 | 0.00368 | 0.00569 |-0.00006 ||
	||  0.16643 |-0.00567 |-0.00027 |-0.00234 | 0.00335 | 1.00165 | 0.00022 |-0.00428 | 0.00519 ||
	||  0.00645 |-0.00466 |-0.00327 |-0.00030 | 0.00368 | 0.00022 | 0.99479 |-0.00001 | 0.00270 ||
	||  0.04719 | 0.00005 | 0.00140 |-0.00390 | 0.00569 |-0.00428 |-0.00001 | 1.00057 |-0.00592 ||
	||  0.10727 | 0.00047 |-0.00314 |-0.00148 |-0.00006 | 0.00519 | 0.00270 |-0.00592 | 0.98875 ||
	||------------------------------------------------------------------------------------------||


	|-----------------------------------------------------------------|
	|    Copyright (C) 2011-2019 (DRIP, DROP)
	|-----------------------------------------------------------------|
	|    Build Version  =&gt; 4.41.0 multi mode
	|    Build JVM (TM) =&gt; 1.8.0_112
	|    Build Snap     =&gt; Sat Nov 02 22:26:06 EST 2019
	|    Start Time     =&gt; Sat Nov 02 23:52:00 EDT 2019
	|    Setup Time     =&gt; Sat Nov 02 23:52:00 EDT 2019
	|    Setup Duration =&gt; 0 ms
	|-----------------------------------------------------------------|


	||-------------------------------------------||
	||                R^1 METRICS                ||
	||-------------------------------------------||
	||    L -&gt; R:                                ||
	||            - Mean                         ||
	||            - Error                        ||
	||            - Variance                     ||
	||            - Standard Deviation           ||
	||-------------------------------------------||
	|| -0.00047 |  0.79742 |  1.00000 |  1.00000 ||
	||  0.00534 |  0.79936 |  0.99997 |  0.99999 ||
	||  0.00080 |  0.79758 |  1.00000 |  1.00000 ||
	||  0.00197 |  0.79733 |  1.00000 |  1.00000 ||
	||  0.00080 |  0.79778 |  1.00000 |  1.00000 ||
	|| -0.00206 |  0.79927 |  1.00000 |  1.00000 ||
	|| -0.00013 |  0.79962 |  1.00000 |  1.00000 ||
	||  0.00241 |  0.79846 |  0.99999 |  1.00000 ||
	|| -0.00730 |  0.79668 |  0.99995 |  0.99997 ||
	||-------------------------------------------||

	||------------------------------------------------------------------------------------------||
	||                                     INPUT CORRELATION                                    ||
	||------------------------------------------------------------------------------------------||
	||  1.00000 | 0.16100 | 0.24500 | 0.35200 | 0.25900 | 0.16600 | 0.00300 | 0.03800 | 0.11400 ||
	||  0.16100 | 1.00000 | 0.00000 | 0.00000 | 0.00000 | 0.00000 | 0.00000 | 0.00000 | 0.00000 ||
	||  0.24500 | 0.00000 | 1.00000 | 0.00000 | 0.00000 | 0.00000 | 0.00000 | 0.00000 | 0.00000 ||
	||  0.35200 | 0.00000 | 0.00000 | 1.00000 | 0.00000 | 0.00000 | 0.00000 | 0.00000 | 0.00000 ||
	||  0.25900 | 0.00000 | 0.00000 | 0.00000 | 1.00000 | 0.00000 | 0.00000 | 0.00000 | 0.00000 ||
	||  0.16600 | 0.00000 | 0.00000 | 0.00000 | 0.00000 | 1.00000 | 0.00000 | 0.00000 | 0.00000 ||
	||  0.00300 | 0.00000 | 0.00000 | 0.00000 | 0.00000 | 0.00000 | 1.00000 | 0.00000 | 0.00000 ||
	||  0.03800 | 0.00000 | 0.00000 | 0.00000 | 0.00000 | 0.00000 | 0.00000 | 1.00000 | 0.00000 ||
	||  0.11400 | 0.00000 | 0.00000 | 0.00000 | 0.00000 | 0.00000 | 0.00000 | 0.00000 | 1.00000 ||
	||------------------------------------------------------------------------------------------||

	||------------------------------------------------------------------------------------------||
	||                                    OUTPUT CORRELATION                                    ||
	||------------------------------------------------------------------------------------------||
	||  1.00000 | 0.15644 | 0.24346 | 0.34934 | 0.25933 | 0.16347 |-0.00132 | 0.03391 | 0.12111 ||
	||  0.15644 | 1.00000 |-0.00342 | 0.00555 | 0.00164 | 0.00273 |-0.00927 |-0.00488 |-0.00043 ||
	||  0.24346 |-0.00342 | 1.00000 |-0.00457 |-0.00113 |-0.00547 |-0.00155 | 0.00167 | 0.00254 ||
	||  0.34934 | 0.00555 |-0.00457 | 1.00000 |-0.00581 | 0.00421 | 0.00553 |-0.00588 | 0.00421 ||
	||  0.25933 | 0.00164 |-0.00113 |-0.00581 | 1.00000 |-0.00317 |-0.00082 | 0.00504 | 0.00175 ||
	||  0.16347 | 0.00273 |-0.00547 | 0.00421 |-0.00317 | 1.00000 |-0.00119 | 0.00053 | 0.01628 ||
	|| -0.00132 |-0.00927 |-0.00155 | 0.00553 |-0.00082 |-0.00119 | 1.00000 | 0.00172 |-0.00538 ||
	||  0.03391 |-0.00488 | 0.00167 |-0.00588 | 0.00504 | 0.00053 | 0.00172 | 1.00000 |-0.00020 ||
	||  0.12111 |-0.00043 | 0.00254 | 0.00421 | 0.00175 | 0.01628 |-0.00538 |-0.00020 | 1.00000 ||
	||------------------------------------------------------------------------------------------||

	||------------------------------------------------------------------------------------------||
	||                                    OUTPUT COVARIANCE                                     ||
	||------------------------------------------------------------------------------------------||
	||  1.00000 | 0.15644 | 0.24346 | 0.34934 | 0.25933 | 0.16347 |-0.00132 | 0.03391 | 0.12111 ||
	||  0.15644 | 0.99997 |-0.00342 | 0.00555 | 0.00164 | 0.00273 |-0.00927 |-0.00488 |-0.00043 ||
	||  0.24346 |-0.00342 | 1.00000 |-0.00457 |-0.00113 |-0.00547 |-0.00155 | 0.00167 | 0.00254 ||
	||  0.34934 | 0.00555 |-0.00457 | 1.00000 |-0.00581 | 0.00421 | 0.00553 |-0.00588 | 0.00421 ||
	||  0.25933 | 0.00164 |-0.00113 |-0.00581 | 1.00000 |-0.00317 |-0.00082 | 0.00504 | 0.00175 ||
	||  0.16347 | 0.00273 |-0.00547 | 0.00421 |-0.00317 | 1.00000 |-0.00119 | 0.00053 | 0.01628 ||
	|| -0.00132 |-0.00927 |-0.00155 | 0.00553 |-0.00082 |-0.00119 | 1.00000 | 0.00172 |-0.00538 ||
	||  0.03391 |-0.00488 | 0.00167 |-0.00588 | 0.00504 | 0.00053 | 0.00172 | 0.99999 |-0.00020 ||
	||  0.12111 |-0.00043 | 0.00254 | 0.00421 | 0.00175 | 0.01628 |-0.00538 |-0.00020 | 0.99995 ||
	||------------------------------------------------------------------------------------------||


	|-----------------------------------------------------------------|
	|    Copyright (C) 2011-2019 (DRIP, DROP)
	|-----------------------------------------------------------------|
	|    Build Version  =&gt; 4.41.0 multi mode
	|    Build JVM (TM) =&gt; 1.8.0_112
	|    Build Snap     =&gt; Sat Nov 02 22:26:06 EST 2019
	|    Start Time     =&gt; Sat Nov 02 23:52:02 EDT 2019
	|    Setup Time     =&gt; Sat Nov 02 23:52:02 EDT 2019
	|    Setup Duration =&gt; 0 ms
	|-----------------------------------------------------------------|


	||-------------------------------------------||
	||                R^1 METRICS                ||
	||-------------------------------------------||
	||    L -&gt; R:                                ||
	||            - Mean                         ||
	||            - Error                        ||
	||            - Variance                     ||
	||            - Standard Deviation           ||
	||-------------------------------------------||
	|| -0.00313 |  0.79530 |  0.99997 |  0.99999 ||
	||  0.00070 |  0.79902 |  0.99998 |  0.99999 ||
	|| -0.00333 |  0.79830 |  0.99997 |  0.99998 ||
	||  0.00656 |  0.79895 |  0.99994 |  0.99997 ||
	||  0.00302 |  0.79795 |  0.99997 |  0.99999 ||
	|| -0.00662 |  0.79907 |  0.99994 |  0.99997 ||
	|| -0.00078 |  0.79914 |  0.99998 |  0.99999 ||
	||  0.00255 |  0.79746 |  0.99997 |  0.99999 ||
	||  0.00009 |  0.79880 |  0.99998 |  0.99999 ||
	||-------------------------------------------||

	||------------------------------------------------------------------------------------------||
	||                                     INPUT CORRELATION                                    ||
	||------------------------------------------------------------------------------------------||
	||  1.00000 | 0.16100 | 0.24500 | 0.35200 | 0.25900 | 0.16600 | 0.00300 | 0.03800 | 0.11400 ||
	||  0.16100 | 1.00000 | 0.00000 | 0.00000 | 0.00000 | 0.00000 | 0.00000 | 0.00000 | 0.00000 ||
	||  0.24500 | 0.00000 | 1.00000 | 0.00000 | 0.00000 | 0.00000 | 0.00000 | 0.00000 | 0.00000 ||
	||  0.35200 | 0.00000 | 0.00000 | 1.00000 | 0.00000 | 0.00000 | 0.00000 | 0.00000 | 0.00000 ||
	||  0.25900 | 0.00000 | 0.00000 | 0.00000 | 1.00000 | 0.00000 | 0.00000 | 0.00000 | 0.00000 ||
	||  0.16600 | 0.00000 | 0.00000 | 0.00000 | 0.00000 | 1.00000 | 0.00000 | 0.00000 | 0.00000 ||
	||  0.00300 | 0.00000 | 0.00000 | 0.00000 | 0.00000 | 0.00000 | 1.00000 | 0.00000 | 0.00000 ||
	||  0.03800 | 0.00000 | 0.00000 | 0.00000 | 0.00000 | 0.00000 | 0.00000 | 1.00000 | 0.00000 ||
	||  0.11400 | 0.00000 | 0.00000 | 0.00000 | 0.00000 | 0.00000 | 0.00000 | 0.00000 | 1.00000 ||
	||------------------------------------------------------------------------------------------||

	||------------------------------------------------------------------------------------------||
	||                                    OUTPUT CORRELATION                                    ||
	||------------------------------------------------------------------------------------------||
	||  1.00000 | 0.16264 | 0.24582 | 0.35175 | 0.24910 | 0.16479 | 0.00893 | 0.03699 | 0.11294 ||
	||  0.16264 | 1.00000 | 0.00218 | 0.00969 |-0.00441 |-0.00004 | 0.00096 |-0.00222 |-0.00260 ||
	||  0.24582 | 0.00218 | 1.00000 |-0.00420 |-0.00190 |-0.00552 |-0.00785 | 0.00012 | 0.00526 ||
	||  0.35175 | 0.00969 |-0.00420 | 1.00000 |-0.00017 | 0.00239 |-0.00174 |-0.00364 | 0.00572 ||
	||  0.24910 |-0.00441 |-0.00190 |-0.00017 | 1.00000 |-0.01135 | 0.00416 |-0.00851 |-0.00745 ||
	||  0.16479 |-0.00004 |-0.00552 | 0.00239 |-0.01135 | 1.00000 | 0.00244 | 0.00173 | 0.00033 ||
	||  0.00893 | 0.00096 |-0.00785 |-0.00174 | 0.00416 | 0.00244 | 1.00000 |-0.00317 |-0.00089 ||
	||  0.03699 |-0.00222 | 0.00012 |-0.00364 |-0.00851 | 0.00173 |-0.00317 | 1.00000 | 0.00437 ||
	||  0.11294 |-0.00260 | 0.00526 | 0.00572 |-0.00745 | 0.00033 |-0.00089 | 0.00437 | 1.00000 ||
	||------------------------------------------------------------------------------------------||

	||------------------------------------------------------------------------------------------||
	||                                    OUTPUT COVARIANCE                                     ||
	||------------------------------------------------------------------------------------------||
	||  0.99997 | 0.16264 | 0.24581 | 0.35173 | 0.24909 | 0.16478 | 0.00892 | 0.03699 | 0.11294 ||
	||  0.16264 | 0.99998 | 0.00218 | 0.00969 |-0.00441 |-0.00004 | 0.00096 |-0.00222 |-0.00260 ||
	||  0.24581 | 0.00218 | 0.99997 |-0.00420 |-0.00190 |-0.00552 |-0.00785 | 0.00012 | 0.00526 ||
	||  0.35173 | 0.00969 |-0.00420 | 0.99994 |-0.00017 | 0.00239 |-0.00174 |-0.00364 | 0.00572 ||
	||  0.24909 |-0.00441 |-0.00190 |-0.00017 | 0.99997 |-0.01135 | 0.00416 |-0.00851 |-0.00745 ||
	||  0.16478 |-0.00004 |-0.00552 | 0.00239 |-0.01135 | 0.99994 | 0.00244 | 0.00173 | 0.00033 ||
	||  0.00892 | 0.00096 |-0.00785 |-0.00174 | 0.00416 | 0.00244 | 0.99998 |-0.00317 |-0.00089 ||
	||  0.03699 |-0.00222 | 0.00012 |-0.00364 |-0.00851 | 0.00173 |-0.00317 | 0.99997 | 0.00437 ||
	||  0.11294 |-0.00260 | 0.00526 | 0.00572 |-0.00745 | 0.00033 |-0.00089 | 0.00437 | 0.99998 ||
	||------------------------------------------------------------------------------------------||

</pre>
</span>
</div>
</div>
<div id="footer">
<p>
<div>
<label class="hidden" id="label-for-line-wrapping-toggle" for="line-wrapping-toggle">Wrap lines
<input id="line-wrapping-toggle" type="checkbox" autocomplete="off"/>
</label>
</div>Generated by 
<a href="http://www.gradle.org">Gradle 3.5</a> at Nov 3, 2019 12:18:25 AM</p>
</div>
</div>
</body>
</html>
