<!DOCTYPE html>
<html>
<head>
<meta http-equiv="Content-Type" content="text/html; charset=utf-8"/>
<meta http-equiv="x-ua-compatible" content="IE=edge"/>
<title>Test results - Class org.drip.coverage.sequence.Statistics</title>
<link href="../css/base-style.css" rel="stylesheet" type="text/css"/>
<link href="../css/style.css" rel="stylesheet" type="text/css"/>
<script src="../js/report.js" type="text/javascript"></script>
</head>
<body>
<div id="content">
<h1>Class org.drip.coverage.sequence.Statistics</h1>
<div class="breadcrumbs">
<a href="../index.html">all</a> &gt; 
<a href="../packages/org.drip.coverage.sequence.html">org.drip.coverage.sequence</a> &gt; Statistics</div>
<div id="summary">
<table>
<tr>
<td>
<div class="summaryGroup">
<table>
<tr>
<td>
<div class="infoBox" id="tests">
<div class="counter">1</div>
<p>tests</p>
</div>
</td>
<td>
<div class="infoBox" id="failures">
<div class="counter">0</div>
<p>failures</p>
</div>
</td>
<td>
<div class="infoBox" id="ignored">
<div class="counter">0</div>
<p>ignored</p>
</div>
</td>
<td>
<div class="infoBox" id="duration">
<div class="counter">9.451s</div>
<p>duration</p>
</div>
</td>
</tr>
</table>
</div>
</td>
<td>
<div class="infoBox success" id="successRate">
<div class="percent">100%</div>
<p>successful</p>
</div>
</td>
</tr>
</table>
</div>
<div id="tabs">
<ul class="tabLinks">
<li>
<a href="#tab0">Tests</a>
</li>
<li>
<a href="#tab1">Standard output</a>
</li>
</ul>
<div id="tab0" class="tab">
<h2>Tests</h2>
<table>
<thead>
<tr>
<th>Test</th>
<th>Duration</th>
<th>Result</th>
</tr>
</thead>
<tr>
<td class="success">codeCoverageTest</td>
<td>9.451s</td>
<td class="success">passed</td>
</tr>
</table>
</div>
<div id="tab1" class="tab">
<h2>Standard output</h2>
<span class="code">
<pre>
	|-----------------------------------------------------------------|
	|    Copyright (C) 2011-2019 (DRIP, DROP)
	|-----------------------------------------------------------------|
	|    Build Version  =&gt; 3.98.0 multi mode
	|    Build JVM (TM) =&gt; 1.8.0_112
	|    Build Snap     =&gt; Thu Jan 03 12:59:38 EST 2018
	|    Start Time     =&gt; Tue Jan 08 20:01:55 EST 2019
	|    Setup Time     =&gt; Tue Jan 08 20:01:55 EST 2019
	|    Setup Duration =&gt; 0 ms
	|-----------------------------------------------------------------|


	||-------------------------------------------||
	||                R^1 METRICS                ||
	||-------------------------------------------||
	||    L -&gt; R:                                ||
	||            - Mean                         ||
	||            - Error                        ||
	||            - Variance                     ||
	||            - Standard Deviation           ||
	||-------------------------------------------||
	||  0.00178 |  0.79360 |  0.99154 |  0.99576 ||
	|| -0.00308 |  0.80136 |  1.00954 |  1.00476 ||
	||  0.00404 |  0.79398 |  0.99054 |  0.99526 ||
	||  0.00077 |  0.79402 |  0.99024 |  0.99511 ||
	||  0.00003 |  0.80015 |  1.00588 |  1.00294 ||
	||  0.00099 |  0.79426 |  0.99016 |  0.99507 ||
	||  0.00028 |  0.79408 |  0.99344 |  0.99671 ||
	||  0.00380 |  0.80094 |  1.00696 |  1.00347 ||
	||  0.00053 |  0.79870 |  0.99959 |  0.99980 ||
	||-------------------------------------------||

	||------------------------------------------------------------------------------------------||
	||                                     INPUT CORRELATION                                    ||
	||------------------------------------------------------------------------------------------||
	||  1.00000 | 0.16100 | 0.24500 | 0.35200 | 0.25900 | 0.16600 | 0.00300 | 0.03800 | 0.11400 ||
	||  0.16100 | 1.00000 | 0.00000 | 0.00000 | 0.00000 | 0.00000 | 0.00000 | 0.00000 | 0.00000 ||
	||  0.24500 | 0.00000 | 1.00000 | 0.00000 | 0.00000 | 0.00000 | 0.00000 | 0.00000 | 0.00000 ||
	||  0.35200 | 0.00000 | 0.00000 | 1.00000 | 0.00000 | 0.00000 | 0.00000 | 0.00000 | 0.00000 ||
	||  0.25900 | 0.00000 | 0.00000 | 0.00000 | 1.00000 | 0.00000 | 0.00000 | 0.00000 | 0.00000 ||
	||  0.16600 | 0.00000 | 0.00000 | 0.00000 | 0.00000 | 1.00000 | 0.00000 | 0.00000 | 0.00000 ||
	||  0.00300 | 0.00000 | 0.00000 | 0.00000 | 0.00000 | 0.00000 | 1.00000 | 0.00000 | 0.00000 ||
	||  0.03800 | 0.00000 | 0.00000 | 0.00000 | 0.00000 | 0.00000 | 0.00000 | 1.00000 | 0.00000 ||
	||  0.11400 | 0.00000 | 0.00000 | 0.00000 | 0.00000 | 0.00000 | 0.00000 | 0.00000 | 1.00000 ||
	||------------------------------------------------------------------------------------------||

	||------------------------------------------------------------------------------------------||
	||                                    OUTPUT CORRELATION                                    ||
	||------------------------------------------------------------------------------------------||
	||  1.00000 | 0.15733 | 0.24107 | 0.35065 | 0.26582 | 0.16114 | 0.00890 | 0.03799 | 0.11544 ||
	||  0.15733 | 1.00000 |-0.00088 | 0.00427 | 0.00179 |-0.00151 | 0.00451 | 0.00202 |-0.00391 ||
	||  0.24107 |-0.00088 | 1.00000 |-0.00691 | 0.00811 |-0.00626 | 0.00496 |-0.00184 |-0.00039 ||
	||  0.35065 | 0.00427 |-0.00691 | 1.00000 | 0.00568 |-0.00083 |-0.00180 |-0.00307 |-0.00691 ||
	||  0.26582 | 0.00179 | 0.00811 | 0.00568 | 1.00000 | 0.00380 | 0.00892 | 0.00423 |-0.00318 ||
	||  0.16114 |-0.00151 |-0.00626 |-0.00083 | 0.00380 | 1.00000 | 0.00095 |-0.00053 |-0.00199 ||
	||  0.00890 | 0.00451 | 0.00496 |-0.00180 | 0.00892 | 0.00095 | 1.00000 | 0.00406 | 0.00188 ||
	||  0.03799 | 0.00202 |-0.00184 |-0.00307 | 0.00423 |-0.00053 | 0.00406 | 1.00000 | 0.00328 ||
	||  0.11544 |-0.00391 |-0.00039 |-0.00691 |-0.00318 |-0.00199 | 0.00188 | 0.00328 | 1.00000 ||
	||------------------------------------------------------------------------------------------||

	||------------------------------------------------------------------------------------------||
	||                                    OUTPUT COVARIANCE                                     ||
	||------------------------------------------------------------------------------------------||
	||  0.99154 | 0.15741 | 0.23891 | 0.34745 | 0.26547 | 0.15966 | 0.00884 | 0.03796 | 0.11493 ||
	||  0.15741 | 1.00954 |-0.00088 | 0.00427 | 0.00181 |-0.00151 | 0.00452 | 0.00203 |-0.00392 ||
	||  0.23891 |-0.00088 | 0.99054 |-0.00685 | 0.00810 |-0.00620 | 0.00492 |-0.00184 |-0.00038 ||
	||  0.34745 | 0.00427 |-0.00685 | 0.99024 | 0.00567 |-0.00083 |-0.00179 |-0.00307 |-0.00687 ||
	||  0.26547 | 0.00181 | 0.00810 | 0.00567 | 1.00588 | 0.00379 | 0.00891 | 0.00426 |-0.00319 ||
	||  0.15966 |-0.00151 |-0.00620 |-0.00083 | 0.00379 | 0.99016 | 0.00094 |-0.00053 |-0.00198 ||
	||  0.00884 | 0.00452 | 0.00492 |-0.00179 | 0.00891 | 0.00094 | 0.99344 | 0.00406 | 0.00187 ||
	||  0.03796 | 0.00203 |-0.00184 |-0.00307 | 0.00426 |-0.00053 | 0.00406 | 1.00696 | 0.00329 ||
	||  0.11493 |-0.00392 |-0.00038 |-0.00687 |-0.00319 |-0.00198 | 0.00187 | 0.00329 | 0.99959 ||
	||------------------------------------------------------------------------------------------||


	|-----------------------------------------------------------------|
	|    Copyright (C) 2011-2019 (DRIP, DROP)
	|-----------------------------------------------------------------|
	|    Build Version  =&gt; 3.98.0 multi mode
	|    Build JVM (TM) =&gt; 1.8.0_112
	|    Build Snap     =&gt; Thu Jan 03 12:59:38 EST 2018
	|    Start Time     =&gt; Tue Jan 08 20:01:57 EST 2019
	|    Setup Time     =&gt; Tue Jan 08 20:01:57 EST 2019
	|    Setup Duration =&gt; 0 ms
	|-----------------------------------------------------------------|


	||-------------------------------------------||
	||                R^1 METRICS                ||
	||-------------------------------------------||
	||    L -&gt; R:                                ||
	||            - Mean                         ||
	||            - Error                        ||
	||            - Variance                     ||
	||            - Standard Deviation           ||
	||-------------------------------------------||
	|| -0.00774 |  0.80055 |  1.00827 |  1.00413 ||
	|| -0.00661 |  0.79882 |  1.00324 |  1.00162 ||
	|| -0.00530 |  0.79955 |  1.00455 |  1.00227 ||
	|| -0.00178 |  0.80432 |  1.01518 |  1.00756 ||
	|| -0.00263 |  0.79895 |  1.00233 |  1.00116 ||
	||  0.00565 |  0.79615 |  0.99753 |  0.99877 ||
	|| -0.00176 |  0.79559 |  0.99139 |  0.99568 ||
	||  0.00647 |  0.79452 |  0.99197 |  0.99598 ||
	|| -0.00276 |  0.80059 |  1.00820 |  1.00409 ||
	||-------------------------------------------||

	||------------------------------------------------------------------------------------------||
	||                                     INPUT CORRELATION                                    ||
	||------------------------------------------------------------------------------------------||
	||  1.00000 | 0.16100 | 0.24500 | 0.35200 | 0.25900 | 0.16600 | 0.00300 | 0.03800 | 0.11400 ||
	||  0.16100 | 1.00000 | 0.00000 | 0.00000 | 0.00000 | 0.00000 | 0.00000 | 0.00000 | 0.00000 ||
	||  0.24500 | 0.00000 | 1.00000 | 0.00000 | 0.00000 | 0.00000 | 0.00000 | 0.00000 | 0.00000 ||
	||  0.35200 | 0.00000 | 0.00000 | 1.00000 | 0.00000 | 0.00000 | 0.00000 | 0.00000 | 0.00000 ||
	||  0.25900 | 0.00000 | 0.00000 | 0.00000 | 1.00000 | 0.00000 | 0.00000 | 0.00000 | 0.00000 ||
	||  0.16600 | 0.00000 | 0.00000 | 0.00000 | 0.00000 | 1.00000 | 0.00000 | 0.00000 | 0.00000 ||
	||  0.00300 | 0.00000 | 0.00000 | 0.00000 | 0.00000 | 0.00000 | 1.00000 | 0.00000 | 0.00000 ||
	||  0.03800 | 0.00000 | 0.00000 | 0.00000 | 0.00000 | 0.00000 | 0.00000 | 1.00000 | 0.00000 ||
	||  0.11400 | 0.00000 | 0.00000 | 0.00000 | 0.00000 | 0.00000 | 0.00000 | 0.00000 | 1.00000 ||
	||------------------------------------------------------------------------------------------||

	||------------------------------------------------------------------------------------------||
	||                                    OUTPUT CORRELATION                                    ||
	||------------------------------------------------------------------------------------------||
	||  1.00000 | 0.16193 | 0.24526 | 0.35185 | 0.26610 | 0.16315 | 0.00305 | 0.03425 | 0.10702 ||
	||  0.16193 | 1.00000 | 0.00146 | 0.00015 |-0.00496 |-0.00522 | 0.00741 |-0.00051 |-0.00276 ||
	||  0.24526 | 0.00146 | 1.00000 | 0.00469 | 0.00764 |-0.00307 | 0.00709 | 0.00043 |-0.00147 ||
	||  0.35185 | 0.00015 | 0.00469 | 1.00000 |-0.00101 | 0.00004 |-0.00342 |-0.00623 |-0.00205 ||
	||  0.26610 |-0.00496 | 0.00764 |-0.00101 | 1.00000 |-0.00240 | 0.00550 |-0.00684 | 0.00427 ||
	||  0.16315 |-0.00522 |-0.00307 | 0.00004 |-0.00240 | 1.00000 | 0.00614 | 0.00422 |-0.00499 ||
	||  0.00305 | 0.00741 | 0.00709 |-0.00342 | 0.00550 | 0.00614 | 1.00000 |-0.00261 | 0.00040 ||
	||  0.03425 |-0.00051 | 0.00043 |-0.00623 |-0.00684 | 0.00422 |-0.00261 | 1.00000 |-0.00915 ||
	||  0.10702 |-0.00276 |-0.00147 |-0.00205 | 0.00427 |-0.00499 | 0.00040 |-0.00915 | 1.00000 ||
	||------------------------------------------------------------------------------------------||

	||------------------------------------------------------------------------------------------||
	||                                    OUTPUT COVARIANCE                                     ||
	||------------------------------------------------------------------------------------------||
	||  1.00827 | 0.16286 | 0.24683 | 0.35597 | 0.26751 | 0.16362 | 0.00305 | 0.03426 | 0.10790 ||
	||  0.16286 | 1.00324 | 0.00147 | 0.00015 |-0.00497 |-0.00522 | 0.00739 |-0.00051 |-0.00278 ||
	||  0.24683 | 0.00147 | 1.00455 | 0.00473 | 0.00766 |-0.00307 | 0.00708 | 0.00043 |-0.00148 ||
	||  0.35597 | 0.00015 | 0.00473 | 1.01518 |-0.00102 | 0.00004 |-0.00343 |-0.00625 |-0.00208 ||
	||  0.26751 |-0.00497 | 0.00766 |-0.00102 | 1.00233 |-0.00240 | 0.00548 |-0.00682 | 0.00429 ||
	||  0.16362 |-0.00522 |-0.00307 | 0.00004 |-0.00240 | 0.99753 | 0.00611 | 0.00420 |-0.00501 ||
	||  0.00305 | 0.00739 | 0.00708 |-0.00343 | 0.00548 | 0.00611 | 0.99139 |-0.00259 | 0.00040 ||
	||  0.03426 |-0.00051 | 0.00043 |-0.00625 |-0.00682 | 0.00420 |-0.00259 | 0.99197 |-0.00915 ||
	||  0.10790 |-0.00278 |-0.00148 |-0.00208 | 0.00429 |-0.00501 | 0.00040 |-0.00915 | 1.00820 ||
	||------------------------------------------------------------------------------------------||


	|-----------------------------------------------------------------|
	|    Copyright (C) 2011-2019 (DRIP, DROP)
	|-----------------------------------------------------------------|
	|    Build Version  =&gt; 3.98.0 multi mode
	|    Build JVM (TM) =&gt; 1.8.0_112
	|    Build Snap     =&gt; Thu Jan 03 12:59:38 EST 2018
	|    Start Time     =&gt; Tue Jan 08 20:01:59 EST 2019
	|    Setup Time     =&gt; Tue Jan 08 20:01:59 EST 2019
	|    Setup Duration =&gt; 0 ms
	|-----------------------------------------------------------------|


	||-------------------------------------------||
	||                R^1 METRICS                ||
	||-------------------------------------------||
	||    L -&gt; R:                                ||
	||            - Mean                         ||
	||            - Error                        ||
	||            - Variance                     ||
	||            - Standard Deviation           ||
	||-------------------------------------------||
	|| -0.00458 |  0.79564 |  0.99998 |  0.99999 ||
	|| -0.00316 |  0.79762 |  0.99999 |  1.00000 ||
	|| -0.00842 |  0.79881 |  0.99993 |  0.99996 ||
	||  0.00591 |  0.79717 |  0.99997 |  0.99998 ||
	|| -0.00362 |  0.79813 |  0.99999 |  0.99999 ||
	|| -0.00261 |  0.79728 |  0.99999 |  1.00000 ||
	||  0.00023 |  0.79804 |  1.00000 |  1.00000 ||
	|| -0.00347 |  0.79863 |  0.99999 |  0.99999 ||
	|| -0.00298 |  0.79719 |  0.99999 |  1.00000 ||
	||-------------------------------------------||

	||------------------------------------------------------------------------------------------||
	||                                     INPUT CORRELATION                                    ||
	||------------------------------------------------------------------------------------------||
	||  1.00000 | 0.16100 | 0.24500 | 0.35200 | 0.25900 | 0.16600 | 0.00300 | 0.03800 | 0.11400 ||
	||  0.16100 | 1.00000 | 0.00000 | 0.00000 | 0.00000 | 0.00000 | 0.00000 | 0.00000 | 0.00000 ||
	||  0.24500 | 0.00000 | 1.00000 | 0.00000 | 0.00000 | 0.00000 | 0.00000 | 0.00000 | 0.00000 ||
	||  0.35200 | 0.00000 | 0.00000 | 1.00000 | 0.00000 | 0.00000 | 0.00000 | 0.00000 | 0.00000 ||
	||  0.25900 | 0.00000 | 0.00000 | 0.00000 | 1.00000 | 0.00000 | 0.00000 | 0.00000 | 0.00000 ||
	||  0.16600 | 0.00000 | 0.00000 | 0.00000 | 0.00000 | 1.00000 | 0.00000 | 0.00000 | 0.00000 ||
	||  0.00300 | 0.00000 | 0.00000 | 0.00000 | 0.00000 | 0.00000 | 1.00000 | 0.00000 | 0.00000 ||
	||  0.03800 | 0.00000 | 0.00000 | 0.00000 | 0.00000 | 0.00000 | 0.00000 | 1.00000 | 0.00000 ||
	||  0.11400 | 0.00000 | 0.00000 | 0.00000 | 0.00000 | 0.00000 | 0.00000 | 0.00000 | 1.00000 ||
	||------------------------------------------------------------------------------------------||

	||------------------------------------------------------------------------------------------||
	||                                    OUTPUT CORRELATION                                    ||
	||------------------------------------------------------------------------------------------||
	||  1.00000 | 0.15969 | 0.24194 | 0.35258 | 0.24765 | 0.16415 |-0.00041 | 0.04253 | 0.11576 ||
	||  0.15969 | 1.00000 |-0.00154 |-0.00217 |-0.00330 | 0.00673 |-0.00302 | 0.00596 |-0.01048 ||
	||  0.24194 |-0.00154 | 1.00000 |-0.00269 |-0.00162 | 0.00843 |-0.00250 | 0.00174 |-0.00065 ||
	||  0.35258 |-0.00217 |-0.00269 | 1.00000 |-0.00457 |-0.00269 |-0.00325 | 0.00886 | 0.00507 ||
	||  0.24765 |-0.00330 |-0.00162 |-0.00457 | 1.00000 |-0.00303 |-0.00635 |-0.00037 |-0.00460 ||
	||  0.16415 | 0.00673 | 0.00843 |-0.00269 |-0.00303 | 1.00000 |-0.01000 |-0.00614 | 0.00291 ||
	|| -0.00041 |-0.00302 |-0.00250 |-0.00325 |-0.00635 |-0.01000 | 1.00000 | 0.00639 |-0.00105 ||
	||  0.04253 | 0.00596 | 0.00174 | 0.00886 |-0.00037 |-0.00614 | 0.00639 | 1.00000 | 0.00810 ||
	||  0.11576 |-0.01048 |-0.00065 | 0.00507 |-0.00460 | 0.00291 |-0.00105 | 0.00810 | 1.00000 ||
	||------------------------------------------------------------------------------------------||

	||------------------------------------------------------------------------------------------||
	||                                    OUTPUT COVARIANCE                                     ||
	||------------------------------------------------------------------------------------------||
	||  0.99998 | 0.15968 | 0.24193 | 0.35257 | 0.24765 | 0.16415 |-0.00041 | 0.04253 | 0.11576 ||
	||  0.15968 | 0.99999 |-0.00154 |-0.00217 |-0.00330 | 0.00673 |-0.00302 | 0.00596 |-0.01048 ||
	||  0.24193 |-0.00154 | 0.99993 |-0.00269 |-0.00162 | 0.00843 |-0.00250 | 0.00174 |-0.00065 ||
	||  0.35257 |-0.00217 |-0.00269 | 0.99997 |-0.00457 |-0.00269 |-0.00325 | 0.00886 | 0.00507 ||
	||  0.24765 |-0.00330 |-0.00162 |-0.00457 | 0.99999 |-0.00303 |-0.00635 |-0.00037 |-0.00460 ||
	||  0.16415 | 0.00673 | 0.00843 |-0.00269 |-0.00303 | 0.99999 |-0.01000 |-0.00614 | 0.00291 ||
	|| -0.00041 |-0.00302 |-0.00250 |-0.00325 |-0.00635 |-0.01000 | 1.00000 | 0.00639 |-0.00105 ||
	||  0.04253 | 0.00596 | 0.00174 | 0.00886 |-0.00037 |-0.00614 | 0.00639 | 0.99999 | 0.00810 ||
	||  0.11576 |-0.01048 |-0.00065 | 0.00507 |-0.00460 | 0.00291 |-0.00105 | 0.00810 | 0.99999 ||
	||------------------------------------------------------------------------------------------||


	|-----------------------------------------------------------------|
	|    Copyright (C) 2011-2019 (DRIP, DROP)
	|-----------------------------------------------------------------|
	|    Build Version  =&gt; 3.98.0 multi mode
	|    Build JVM (TM) =&gt; 1.8.0_112
	|    Build Snap     =&gt; Thu Jan 03 12:59:38 EST 2018
	|    Start Time     =&gt; Tue Jan 08 20:02:02 EST 2019
	|    Setup Time     =&gt; Tue Jan 08 20:02:02 EST 2019
	|    Setup Duration =&gt; 0 ms
	|-----------------------------------------------------------------|


	||-------------------------------------------||
	||                R^1 METRICS                ||
	||-------------------------------------------||
	||    L -&gt; R:                                ||
	||            - Mean                         ||
	||            - Error                        ||
	||            - Variance                     ||
	||            - Standard Deviation           ||
	||-------------------------------------------||
	|| -0.00355 |  0.79772 |  0.99997 |  0.99998 ||
	|| -0.00823 |  0.79905 |  0.99991 |  0.99996 ||
	|| -0.00333 |  0.79698 |  0.99997 |  0.99998 ||
	|| -0.00200 |  0.80074 |  0.99998 |  0.99999 ||
	||  0.00370 |  0.79649 |  0.99997 |  0.99998 ||
	||  0.00353 |  0.79803 |  0.99997 |  0.99998 ||
	||  0.00788 |  0.79693 |  0.99992 |  0.99996 ||
	|| -0.00232 |  0.79871 |  0.99997 |  0.99999 ||
	|| -0.00029 |  0.79720 |  0.99998 |  0.99999 ||
	||-------------------------------------------||

	||------------------------------------------------------------------------------------------||
	||                                     INPUT CORRELATION                                    ||
	||------------------------------------------------------------------------------------------||
	||  1.00000 | 0.16100 | 0.24500 | 0.35200 | 0.25900 | 0.16600 | 0.00300 | 0.03800 | 0.11400 ||
	||  0.16100 | 1.00000 | 0.00000 | 0.00000 | 0.00000 | 0.00000 | 0.00000 | 0.00000 | 0.00000 ||
	||  0.24500 | 0.00000 | 1.00000 | 0.00000 | 0.00000 | 0.00000 | 0.00000 | 0.00000 | 0.00000 ||
	||  0.35200 | 0.00000 | 0.00000 | 1.00000 | 0.00000 | 0.00000 | 0.00000 | 0.00000 | 0.00000 ||
	||  0.25900 | 0.00000 | 0.00000 | 0.00000 | 1.00000 | 0.00000 | 0.00000 | 0.00000 | 0.00000 ||
	||  0.16600 | 0.00000 | 0.00000 | 0.00000 | 0.00000 | 1.00000 | 0.00000 | 0.00000 | 0.00000 ||
	||  0.00300 | 0.00000 | 0.00000 | 0.00000 | 0.00000 | 0.00000 | 1.00000 | 0.00000 | 0.00000 ||
	||  0.03800 | 0.00000 | 0.00000 | 0.00000 | 0.00000 | 0.00000 | 0.00000 | 1.00000 | 0.00000 ||
	||  0.11400 | 0.00000 | 0.00000 | 0.00000 | 0.00000 | 0.00000 | 0.00000 | 0.00000 | 1.00000 ||
	||------------------------------------------------------------------------------------------||

	||------------------------------------------------------------------------------------------||
	||                                    OUTPUT CORRELATION                                    ||
	||------------------------------------------------------------------------------------------||
	||  1.00000 | 0.15447 | 0.24615 | 0.35556 | 0.26431 | 0.16605 |-0.00910 | 0.03661 | 0.10852 ||
	||  0.15447 | 1.00000 |-0.00123 | 0.00124 |-0.00923 | 0.00538 |-0.00653 | 0.00188 |-0.00921 ||
	||  0.24615 |-0.00123 | 1.00000 |-0.00020 | 0.00404 |-0.00159 |-0.00014 | 0.00293 |-0.00935 ||
	||  0.35556 | 0.00124 |-0.00020 | 1.00000 |-0.00638 |-0.00005 |-0.00129 | 0.00262 | 0.00101 ||
	||  0.26431 |-0.00923 | 0.00404 |-0.00638 | 1.00000 |-0.00577 |-0.00410 |-0.00042 |-0.00332 ||
	||  0.16605 | 0.00538 |-0.00159 |-0.00005 |-0.00577 | 1.00000 |-0.00670 | 0.00113 | 0.00252 ||
	|| -0.00910 |-0.00653 |-0.00014 |-0.00129 |-0.00410 |-0.00670 | 1.00000 | 0.00154 |-0.00586 ||
	||  0.03661 | 0.00188 | 0.00293 | 0.00262 |-0.00042 | 0.00113 | 0.00154 | 1.00000 | 0.00995 ||
	||  0.10852 |-0.00921 |-0.00935 | 0.00101 |-0.00332 | 0.00252 |-0.00586 | 0.00995 | 1.00000 ||
	||------------------------------------------------------------------------------------------||

	||------------------------------------------------------------------------------------------||
	||                                    OUTPUT COVARIANCE                                     ||
	||------------------------------------------------------------------------------------------||
	||  0.99997 | 0.15446 | 0.24615 | 0.35555 | 0.26430 | 0.16605 |-0.00910 | 0.03661 | 0.10852 ||
	||  0.15446 | 0.99991 |-0.00123 | 0.00124 |-0.00923 | 0.00538 |-0.00653 | 0.00188 |-0.00921 ||
	||  0.24615 |-0.00123 | 0.99997 |-0.00020 | 0.00404 |-0.00159 |-0.00014 | 0.00293 |-0.00935 ||
	||  0.35555 | 0.00124 |-0.00020 | 0.99998 |-0.00638 |-0.00005 |-0.00129 | 0.00262 | 0.00101 ||
	||  0.26430 |-0.00923 | 0.00404 |-0.00638 | 0.99997 |-0.00577 |-0.00410 |-0.00042 |-0.00332 ||
	||  0.16605 | 0.00538 |-0.00159 |-0.00005 |-0.00577 | 0.99997 |-0.00669 | 0.00113 | 0.00252 ||
	|| -0.00910 |-0.00653 |-0.00014 |-0.00129 |-0.00410 |-0.00669 | 0.99992 | 0.00154 |-0.00586 ||
	||  0.03661 | 0.00188 | 0.00293 | 0.00262 |-0.00042 | 0.00113 | 0.00154 | 0.99997 | 0.00995 ||
	||  0.10852 |-0.00921 |-0.00935 | 0.00101 |-0.00332 | 0.00252 |-0.00586 | 0.00995 | 0.99998 ||
	||------------------------------------------------------------------------------------------||

</pre>
</span>
</div>
</div>
<div id="footer">
<p>
<div>
<label class="hidden" id="label-for-line-wrapping-toggle" for="line-wrapping-toggle">Wrap lines
<input id="line-wrapping-toggle" type="checkbox" autocomplete="off"/>
</label>
</div>Generated by 
<a href="http://www.gradle.org">Gradle 3.5</a> at Jan 8, 2019 8:28:07 PM</p>
</div>
</div>
</body>
</html>
