<!DOCTYPE html>
<html>
<head>
<meta http-equiv="Content-Type" content="text/html; charset=utf-8"/>
<meta http-equiv="x-ua-compatible" content="IE=edge"/>
<title>Test results - Class org.drip.coverage.sequence.Statistics</title>
<link href="../css/base-style.css" rel="stylesheet" type="text/css"/>
<link href="../css/style.css" rel="stylesheet" type="text/css"/>
<script src="../js/report.js" type="text/javascript"></script>
</head>
<body>
<div id="content">
<h1>Class org.drip.coverage.sequence.Statistics</h1>
<div class="breadcrumbs">
<a href="../index.html">all</a> &gt; 
<a href="../packages/org.drip.coverage.sequence.html">org.drip.coverage.sequence</a> &gt; Statistics</div>
<div id="summary">
<table>
<tr>
<td>
<div class="summaryGroup">
<table>
<tr>
<td>
<div class="infoBox" id="tests">
<div class="counter">1</div>
<p>tests</p>
</div>
</td>
<td>
<div class="infoBox" id="failures">
<div class="counter">0</div>
<p>failures</p>
</div>
</td>
<td>
<div class="infoBox" id="ignored">
<div class="counter">0</div>
<p>ignored</p>
</div>
</td>
<td>
<div class="infoBox" id="duration">
<div class="counter">9.638s</div>
<p>duration</p>
</div>
</td>
</tr>
</table>
</div>
</td>
<td>
<div class="infoBox success" id="successRate">
<div class="percent">100%</div>
<p>successful</p>
</div>
</td>
</tr>
</table>
</div>
<div id="tabs">
<ul class="tabLinks">
<li>
<a href="#tab0">Tests</a>
</li>
<li>
<a href="#tab1">Standard output</a>
</li>
</ul>
<div id="tab0" class="tab">
<h2>Tests</h2>
<table>
<thead>
<tr>
<th>Test</th>
<th>Duration</th>
<th>Result</th>
</tr>
</thead>
<tr>
<td class="success">codeCoverageTest</td>
<td>9.638s</td>
<td class="success">passed</td>
</tr>
</table>
</div>
<div id="tab1" class="tab">
<h2>Standard output</h2>
<span class="code">
<pre>
	|-----------------------------------------------------------------|
	|    Copyright (C) 2011-2019 (DRIP, DROP)
	|-----------------------------------------------------------------|
	|    Build Version  =&gt; 4.50.0 multi mode
	|    Build JVM (TM) =&gt; 1.8.0_112
	|    Build Snap     =&gt; Sat Nov 30 12:38:53 EST 2019
	|    Start Time     =&gt; Sat Nov 30 14:06:53 EST 2019
	|    Setup Time     =&gt; Sat Nov 30 14:06:53 EST 2019
	|    Setup Duration =&gt; 0 ms
	|-----------------------------------------------------------------|


	||-------------------------------------------||
	||                R^1 METRICS                ||
	||-------------------------------------------||
	||    L -&gt; R:                                ||
	||            - Mean                         ||
	||            - Error                        ||
	||            - Variance                     ||
	||            - Standard Deviation           ||
	||-------------------------------------------||
	||  0.00554 |  0.79871 |  1.00284 |  1.00142 ||
	|| -0.00502 |  0.79463 |  0.99732 |  0.99866 ||
	||  0.00224 |  0.79853 |  0.99943 |  0.99971 ||
	||  0.00228 |  0.79387 |  0.98993 |  0.99495 ||
	|| -0.00547 |  0.79468 |  0.99340 |  0.99670 ||
	||  0.00487 |  0.79901 |  1.00032 |  1.00016 ||
	||  0.00578 |  0.79889 |  1.00306 |  1.00153 ||
	|| -0.00308 |  0.80119 |  1.00602 |  1.00300 ||
	||  0.00466 |  0.79475 |  0.99355 |  0.99677 ||
	||-------------------------------------------||

	||------------------------------------------------------------------------------------------||
	||                                     INPUT CORRELATION                                    ||
	||------------------------------------------------------------------------------------------||
	||  1.00000 | 0.16100 | 0.24500 | 0.35200 | 0.25900 | 0.16600 | 0.00300 | 0.03800 | 0.11400 ||
	||  0.16100 | 1.00000 | 0.00000 | 0.00000 | 0.00000 | 0.00000 | 0.00000 | 0.00000 | 0.00000 ||
	||  0.24500 | 0.00000 | 1.00000 | 0.00000 | 0.00000 | 0.00000 | 0.00000 | 0.00000 | 0.00000 ||
	||  0.35200 | 0.00000 | 0.00000 | 1.00000 | 0.00000 | 0.00000 | 0.00000 | 0.00000 | 0.00000 ||
	||  0.25900 | 0.00000 | 0.00000 | 0.00000 | 1.00000 | 0.00000 | 0.00000 | 0.00000 | 0.00000 ||
	||  0.16600 | 0.00000 | 0.00000 | 0.00000 | 0.00000 | 1.00000 | 0.00000 | 0.00000 | 0.00000 ||
	||  0.00300 | 0.00000 | 0.00000 | 0.00000 | 0.00000 | 0.00000 | 1.00000 | 0.00000 | 0.00000 ||
	||  0.03800 | 0.00000 | 0.00000 | 0.00000 | 0.00000 | 0.00000 | 0.00000 | 1.00000 | 0.00000 ||
	||  0.11400 | 0.00000 | 0.00000 | 0.00000 | 0.00000 | 0.00000 | 0.00000 | 0.00000 | 1.00000 ||
	||------------------------------------------------------------------------------------------||

	||------------------------------------------------------------------------------------------||
	||                                    OUTPUT CORRELATION                                    ||
	||------------------------------------------------------------------------------------------||
	||  1.00000 | 0.16103 | 0.24397 | 0.35147 | 0.25834 | 0.16685 |-0.00378 | 0.04012 | 0.10974 ||
	||  0.16103 | 1.00000 | 0.00454 |-0.00006 | 0.00524 |-0.00596 | 0.00484 | 0.00348 | 0.00073 ||
	||  0.24397 | 0.00454 | 1.00000 |-0.00118 |-0.00458 | 0.00625 |-0.00513 |-0.00062 |-0.00149 ||
	||  0.35147 |-0.00006 |-0.00118 | 1.00000 | 0.00125 | 0.00087 | 0.00061 |-0.00228 | 0.00231 ||
	||  0.25834 | 0.00524 |-0.00458 | 0.00125 | 1.00000 | 0.00261 | 0.00521 | 0.01196 |-0.00945 ||
	||  0.16685 |-0.00596 | 0.00625 | 0.00087 | 0.00261 | 1.00000 |-0.01038 |-0.00677 |-0.00265 ||
	|| -0.00378 | 0.00484 |-0.00513 | 0.00061 | 0.00521 |-0.01038 | 1.00000 | 0.00163 | 0.00855 ||
	||  0.04012 | 0.00348 |-0.00062 |-0.00228 | 0.01196 |-0.00677 | 0.00163 | 1.00000 |-0.00623 ||
	||  0.10974 | 0.00073 |-0.00149 | 0.00231 |-0.00945 |-0.00265 | 0.00855 |-0.00623 | 1.00000 ||
	||------------------------------------------------------------------------------------------||

	||------------------------------------------------------------------------------------------||
	||                                    OUTPUT COVARIANCE                                     ||
	||------------------------------------------------------------------------------------------||
	||  1.00284 | 0.16104 | 0.24424 | 0.35019 | 0.25785 | 0.16711 |-0.00379 | 0.04030 | 0.10954 ||
	||  0.16104 | 0.99732 | 0.00453 |-0.00006 | 0.00521 |-0.00596 | 0.00484 | 0.00348 | 0.00073 ||
	||  0.24424 | 0.00453 | 0.99943 |-0.00118 |-0.00456 | 0.00625 |-0.00514 |-0.00062 |-0.00148 ||
	||  0.35019 |-0.00006 |-0.00118 | 0.98993 | 0.00124 | 0.00087 | 0.00060 |-0.00227 | 0.00229 ||
	||  0.25785 | 0.00521 |-0.00456 | 0.00124 | 0.99340 | 0.00261 | 0.00520 | 0.01195 |-0.00939 ||
	||  0.16711 |-0.00596 | 0.00625 | 0.00087 | 0.00261 | 1.00032 |-0.01040 |-0.00679 |-0.00264 ||
	|| -0.00379 | 0.00484 |-0.00514 | 0.00060 | 0.00520 |-0.01040 | 1.00306 | 0.00163 | 0.00854 ||
	||  0.04030 | 0.00348 |-0.00062 |-0.00227 | 0.01195 |-0.00679 | 0.00163 | 1.00602 |-0.00623 ||
	||  0.10954 | 0.00073 |-0.00148 | 0.00229 |-0.00939 |-0.00264 | 0.00854 |-0.00623 | 0.99355 ||
	||------------------------------------------------------------------------------------------||


	|-----------------------------------------------------------------|
	|    Copyright (C) 2011-2019 (DRIP, DROP)
	|-----------------------------------------------------------------|
	|    Build Version  =&gt; 4.50.0 multi mode
	|    Build JVM (TM) =&gt; 1.8.0_112
	|    Build Snap     =&gt; Sat Nov 30 12:38:53 EST 2019
	|    Start Time     =&gt; Sat Nov 30 14:06:55 EST 2019
	|    Setup Time     =&gt; Sat Nov 30 14:06:55 EST 2019
	|    Setup Duration =&gt; 0 ms
	|-----------------------------------------------------------------|


	||-------------------------------------------||
	||                R^1 METRICS                ||
	||-------------------------------------------||
	||    L -&gt; R:                                ||
	||            - Mean                         ||
	||            - Error                        ||
	||            - Variance                     ||
	||            - Standard Deviation           ||
	||-------------------------------------------||
	||  0.00054 |  0.79548 |  0.99551 |  0.99775 ||
	|| -0.00056 |  0.79600 |  0.99346 |  0.99672 ||
	|| -0.00322 |  0.79778 |  1.00057 |  1.00028 ||
	||  0.00092 |  0.80218 |  1.00720 |  1.00359 ||
	||  0.00061 |  0.80276 |  1.01418 |  1.00707 ||
	||  0.00072 |  0.80087 |  1.00741 |  1.00370 ||
	||  0.00696 |  0.80093 |  1.00613 |  1.00306 ||
	|| -0.00313 |  0.80129 |  1.01084 |  1.00541 ||
	|| -0.00854 |  0.79993 |  1.00493 |  1.00246 ||
	||-------------------------------------------||

	||------------------------------------------------------------------------------------------||
	||                                     INPUT CORRELATION                                    ||
	||------------------------------------------------------------------------------------------||
	||  1.00000 | 0.16100 | 0.24500 | 0.35200 | 0.25900 | 0.16600 | 0.00300 | 0.03800 | 0.11400 ||
	||  0.16100 | 1.00000 | 0.00000 | 0.00000 | 0.00000 | 0.00000 | 0.00000 | 0.00000 | 0.00000 ||
	||  0.24500 | 0.00000 | 1.00000 | 0.00000 | 0.00000 | 0.00000 | 0.00000 | 0.00000 | 0.00000 ||
	||  0.35200 | 0.00000 | 0.00000 | 1.00000 | 0.00000 | 0.00000 | 0.00000 | 0.00000 | 0.00000 ||
	||  0.25900 | 0.00000 | 0.00000 | 0.00000 | 1.00000 | 0.00000 | 0.00000 | 0.00000 | 0.00000 ||
	||  0.16600 | 0.00000 | 0.00000 | 0.00000 | 0.00000 | 1.00000 | 0.00000 | 0.00000 | 0.00000 ||
	||  0.00300 | 0.00000 | 0.00000 | 0.00000 | 0.00000 | 0.00000 | 1.00000 | 0.00000 | 0.00000 ||
	||  0.03800 | 0.00000 | 0.00000 | 0.00000 | 0.00000 | 0.00000 | 0.00000 | 1.00000 | 0.00000 ||
	||  0.11400 | 0.00000 | 0.00000 | 0.00000 | 0.00000 | 0.00000 | 0.00000 | 0.00000 | 1.00000 ||
	||------------------------------------------------------------------------------------------||

	||------------------------------------------------------------------------------------------||
	||                                    OUTPUT CORRELATION                                    ||
	||------------------------------------------------------------------------------------------||
	||  1.00000 | 0.15961 | 0.23921 | 0.35611 | 0.25803 | 0.16722 | 0.00045 | 0.03409 | 0.11180 ||
	||  0.15961 | 1.00000 | 0.00038 | 0.00109 |-0.00139 | 0.00448 |-0.00292 |-0.00364 |-0.00003 ||
	||  0.23921 | 0.00038 | 1.00000 |-0.00720 |-0.00106 | 0.00911 |-0.00520 |-0.00211 |-0.00152 ||
	||  0.35611 | 0.00109 |-0.00720 | 1.00000 |-0.00242 | 0.00052 | 0.00350 |-0.00333 | 0.00834 ||
	||  0.25803 |-0.00139 |-0.00106 |-0.00242 | 1.00000 |-0.01027 |-0.01091 |-0.00217 |-0.00123 ||
	||  0.16722 | 0.00448 | 0.00911 | 0.00052 |-0.01027 | 1.00000 |-0.00232 |-0.00669 |-0.00449 ||
	||  0.00045 |-0.00292 |-0.00520 | 0.00350 |-0.01091 |-0.00232 | 1.00000 | 0.00739 |-0.00437 ||
	||  0.03409 |-0.00364 |-0.00211 |-0.00333 |-0.00217 |-0.00669 | 0.00739 | 1.00000 | 0.00358 ||
	||  0.11180 |-0.00003 |-0.00152 | 0.00834 |-0.00123 |-0.00449 |-0.00437 | 0.00358 | 1.00000 ||
	||------------------------------------------------------------------------------------------||

	||------------------------------------------------------------------------------------------||
	||                                    OUTPUT COVARIANCE                                     ||
	||------------------------------------------------------------------------------------------||
	||  0.99551 | 0.15873 | 0.23874 | 0.35659 | 0.25927 | 0.16746 | 0.00045 | 0.03419 | 0.11183 ||
	||  0.15873 | 0.99346 | 0.00038 | 0.00109 |-0.00139 | 0.00448 |-0.00292 |-0.00365 |-0.00003 ||
	||  0.23874 | 0.00038 | 1.00057 |-0.00723 |-0.00107 | 0.00915 |-0.00521 |-0.00212 |-0.00152 ||
	||  0.35659 | 0.00109 |-0.00723 | 1.00720 |-0.00245 | 0.00052 | 0.00353 |-0.00336 | 0.00839 ||
	||  0.25927 |-0.00139 |-0.00107 |-0.00245 | 1.01418 |-0.01039 |-0.01102 |-0.00220 |-0.00124 ||
	||  0.16746 | 0.00448 | 0.00915 | 0.00052 |-0.01039 | 1.00741 |-0.00233 |-0.00675 |-0.00452 ||
	||  0.00045 |-0.00292 |-0.00521 | 0.00353 |-0.01102 |-0.00233 | 1.00613 | 0.00745 |-0.00439 ||
	||  0.03419 |-0.00365 |-0.00212 |-0.00336 |-0.00220 |-0.00675 | 0.00745 | 1.01084 | 0.00361 ||
	||  0.11183 |-0.00003 |-0.00152 | 0.00839 |-0.00124 |-0.00452 |-0.00439 | 0.00361 | 1.00493 ||
	||------------------------------------------------------------------------------------------||


	|-----------------------------------------------------------------|
	|    Copyright (C) 2011-2019 (DRIP, DROP)
	|-----------------------------------------------------------------|
	|    Build Version  =&gt; 4.50.0 multi mode
	|    Build JVM (TM) =&gt; 1.8.0_112
	|    Build Snap     =&gt; Sat Nov 30 12:38:53 EST 2019
	|    Start Time     =&gt; Sat Nov 30 14:06:58 EST 2019
	|    Setup Time     =&gt; Sat Nov 30 14:06:58 EST 2019
	|    Setup Duration =&gt; 0 ms
	|-----------------------------------------------------------------|


	||-------------------------------------------||
	||                R^1 METRICS                ||
	||-------------------------------------------||
	||    L -&gt; R:                                ||
	||            - Mean                         ||
	||            - Error                        ||
	||            - Variance                     ||
	||            - Standard Deviation           ||
	||-------------------------------------------||
	||  0.00079 |  0.79922 |  1.00000 |  1.00000 ||
	||  0.00578 |  0.79995 |  0.99997 |  0.99998 ||
	||  0.00241 |  0.79632 |  0.99999 |  1.00000 ||
	|| -0.00067 |  0.79766 |  1.00000 |  1.00000 ||
	||  0.00338 |  0.79999 |  0.99999 |  0.99999 ||
	|| -0.00183 |  0.79856 |  1.00000 |  1.00000 ||
	|| -0.00163 |  0.79833 |  1.00000 |  1.00000 ||
	|| -0.00096 |  0.79784 |  1.00000 |  1.00000 ||
	||  0.00476 |  0.79886 |  0.99998 |  0.99999 ||
	||-------------------------------------------||

	||------------------------------------------------------------------------------------------||
	||                                     INPUT CORRELATION                                    ||
	||------------------------------------------------------------------------------------------||
	||  1.00000 | 0.16100 | 0.24500 | 0.35200 | 0.25900 | 0.16600 | 0.00300 | 0.03800 | 0.11400 ||
	||  0.16100 | 1.00000 | 0.00000 | 0.00000 | 0.00000 | 0.00000 | 0.00000 | 0.00000 | 0.00000 ||
	||  0.24500 | 0.00000 | 1.00000 | 0.00000 | 0.00000 | 0.00000 | 0.00000 | 0.00000 | 0.00000 ||
	||  0.35200 | 0.00000 | 0.00000 | 1.00000 | 0.00000 | 0.00000 | 0.00000 | 0.00000 | 0.00000 ||
	||  0.25900 | 0.00000 | 0.00000 | 0.00000 | 1.00000 | 0.00000 | 0.00000 | 0.00000 | 0.00000 ||
	||  0.16600 | 0.00000 | 0.00000 | 0.00000 | 0.00000 | 1.00000 | 0.00000 | 0.00000 | 0.00000 ||
	||  0.00300 | 0.00000 | 0.00000 | 0.00000 | 0.00000 | 0.00000 | 1.00000 | 0.00000 | 0.00000 ||
	||  0.03800 | 0.00000 | 0.00000 | 0.00000 | 0.00000 | 0.00000 | 0.00000 | 1.00000 | 0.00000 ||
	||  0.11400 | 0.00000 | 0.00000 | 0.00000 | 0.00000 | 0.00000 | 0.00000 | 0.00000 | 1.00000 ||
	||------------------------------------------------------------------------------------------||

	||------------------------------------------------------------------------------------------||
	||                                    OUTPUT CORRELATION                                    ||
	||------------------------------------------------------------------------------------------||
	||  1.00000 | 0.15900 | 0.24699 | 0.35305 | 0.26611 | 0.16854 | 0.00508 | 0.03704 | 0.11116 ||
	||  0.15900 | 1.00000 | 0.00060 | 0.00131 |-0.00476 | 0.00704 |-0.00081 | 0.00379 |-0.00341 ||
	||  0.24699 | 0.00060 | 1.00000 | 0.00003 | 0.00268 |-0.00857 | 0.00944 |-0.00115 | 0.00322 ||
	||  0.35305 | 0.00131 | 0.00003 | 1.00000 | 0.00588 | 0.00836 | 0.00467 | 0.00086 | 0.00093 ||
	||  0.26611 |-0.00476 | 0.00268 | 0.00588 | 1.00000 |-0.00260 | 0.00500 | 0.00117 | 0.00506 ||
	||  0.16854 | 0.00704 |-0.00857 | 0.00836 |-0.00260 | 1.00000 |-0.00316 | 0.00186 |-0.00206 ||
	||  0.00508 |-0.00081 | 0.00944 | 0.00467 | 0.00500 |-0.00316 | 1.00000 |-0.00215 | 0.00263 ||
	||  0.03704 | 0.00379 |-0.00115 | 0.00086 | 0.00117 | 0.00186 |-0.00215 | 1.00000 | 0.00398 ||
	||  0.11116 |-0.00341 | 0.00322 | 0.00093 | 0.00506 |-0.00206 | 0.00263 | 0.00398 | 1.00000 ||
	||------------------------------------------------------------------------------------------||

	||------------------------------------------------------------------------------------------||
	||                                    OUTPUT COVARIANCE                                     ||
	||------------------------------------------------------------------------------------------||
	||  1.00000 | 0.15900 | 0.24699 | 0.35305 | 0.26611 | 0.16854 | 0.00508 | 0.03704 | 0.11116 ||
	||  0.15900 | 0.99997 | 0.00060 | 0.00131 |-0.00476 | 0.00704 |-0.00081 | 0.00379 |-0.00341 ||
	||  0.24699 | 0.00060 | 0.99999 | 0.00003 | 0.00268 |-0.00857 | 0.00944 |-0.00115 | 0.00322 ||
	||  0.35305 | 0.00131 | 0.00003 | 1.00000 | 0.00588 | 0.00836 | 0.00467 | 0.00086 | 0.00093 ||
	||  0.26611 |-0.00476 | 0.00268 | 0.00588 | 0.99999 |-0.00260 | 0.00500 | 0.00117 | 0.00506 ||
	||  0.16854 | 0.00704 |-0.00857 | 0.00836 |-0.00260 | 1.00000 |-0.00316 | 0.00186 |-0.00206 ||
	||  0.00508 |-0.00081 | 0.00944 | 0.00467 | 0.00500 |-0.00316 | 1.00000 |-0.00215 | 0.00263 ||
	||  0.03704 | 0.00379 |-0.00115 | 0.00086 | 0.00117 | 0.00186 |-0.00215 | 1.00000 | 0.00398 ||
	||  0.11116 |-0.00341 | 0.00322 | 0.00093 | 0.00506 |-0.00206 | 0.00263 | 0.00398 | 0.99998 ||
	||------------------------------------------------------------------------------------------||


	|-----------------------------------------------------------------|
	|    Copyright (C) 2011-2019 (DRIP, DROP)
	|-----------------------------------------------------------------|
	|    Build Version  =&gt; 4.50.0 multi mode
	|    Build JVM (TM) =&gt; 1.8.0_112
	|    Build Snap     =&gt; Sat Nov 30 12:38:53 EST 2019
	|    Start Time     =&gt; Sat Nov 30 14:07:00 EST 2019
	|    Setup Time     =&gt; Sat Nov 30 14:07:00 EST 2019
	|    Setup Duration =&gt; 0 ms
	|-----------------------------------------------------------------|


	||-------------------------------------------||
	||                R^1 METRICS                ||
	||-------------------------------------------||
	||    L -&gt; R:                                ||
	||            - Mean                         ||
	||            - Error                        ||
	||            - Variance                     ||
	||            - Standard Deviation           ||
	||-------------------------------------------||
	|| -0.00223 |  0.79738 |  0.99998 |  0.99999 ||
	|| -0.00491 |  0.79852 |  0.99996 |  0.99998 ||
	|| -0.00425 |  0.79767 |  0.99996 |  0.99998 ||
	|| -0.00326 |  0.79766 |  0.99997 |  0.99998 ||
	||  0.00479 |  0.79775 |  0.99996 |  0.99998 ||
	|| -0.00430 |  0.79730 |  0.99996 |  0.99998 ||
	|| -0.00109 |  0.79770 |  0.99998 |  0.99999 ||
	||  0.00638 |  0.79677 |  0.99994 |  0.99997 ||
	|| -0.00263 |  0.79783 |  0.99997 |  0.99999 ||
	||-------------------------------------------||

	||------------------------------------------------------------------------------------------||
	||                                     INPUT CORRELATION                                    ||
	||------------------------------------------------------------------------------------------||
	||  1.00000 | 0.16100 | 0.24500 | 0.35200 | 0.25900 | 0.16600 | 0.00300 | 0.03800 | 0.11400 ||
	||  0.16100 | 1.00000 | 0.00000 | 0.00000 | 0.00000 | 0.00000 | 0.00000 | 0.00000 | 0.00000 ||
	||  0.24500 | 0.00000 | 1.00000 | 0.00000 | 0.00000 | 0.00000 | 0.00000 | 0.00000 | 0.00000 ||
	||  0.35200 | 0.00000 | 0.00000 | 1.00000 | 0.00000 | 0.00000 | 0.00000 | 0.00000 | 0.00000 ||
	||  0.25900 | 0.00000 | 0.00000 | 0.00000 | 1.00000 | 0.00000 | 0.00000 | 0.00000 | 0.00000 ||
	||  0.16600 | 0.00000 | 0.00000 | 0.00000 | 0.00000 | 1.00000 | 0.00000 | 0.00000 | 0.00000 ||
	||  0.00300 | 0.00000 | 0.00000 | 0.00000 | 0.00000 | 0.00000 | 1.00000 | 0.00000 | 0.00000 ||
	||  0.03800 | 0.00000 | 0.00000 | 0.00000 | 0.00000 | 0.00000 | 0.00000 | 1.00000 | 0.00000 ||
	||  0.11400 | 0.00000 | 0.00000 | 0.00000 | 0.00000 | 0.00000 | 0.00000 | 0.00000 | 1.00000 ||
	||------------------------------------------------------------------------------------------||

	||------------------------------------------------------------------------------------------||
	||                                    OUTPUT CORRELATION                                    ||
	||------------------------------------------------------------------------------------------||
	||  1.00000 | 0.15754 | 0.24868 | 0.35192 | 0.26241 | 0.16839 |-0.00191 | 0.02501 | 0.10500 ||
	||  0.15754 | 1.00000 |-0.00014 |-0.00365 | 0.00415 | 0.00369 | 0.00702 |-0.00021 |-0.00372 ||
	||  0.24868 |-0.00014 | 1.00000 | 0.00370 |-0.00557 | 0.00201 | 0.00462 |-0.00115 |-0.00889 ||
	||  0.35192 |-0.00365 | 0.00370 | 1.00000 | 0.00146 |-0.00642 |-0.00275 |-0.00954 |-0.00019 ||
	||  0.26241 | 0.00415 |-0.00557 | 0.00146 | 1.00000 | 0.00400 |-0.00390 |-0.00549 |-0.00446 ||
	||  0.16839 | 0.00369 | 0.00201 |-0.00642 | 0.00400 | 1.00000 |-0.00082 |-0.00124 |-0.00003 ||
	|| -0.00191 | 0.00702 | 0.00462 |-0.00275 |-0.00390 |-0.00082 | 1.00000 |-0.00195 | 0.00179 ||
	||  0.02501 |-0.00021 |-0.00115 |-0.00954 |-0.00549 |-0.00124 |-0.00195 | 1.00000 | 0.00593 ||
	||  0.10500 |-0.00372 |-0.00889 |-0.00019 |-0.00446 |-0.00003 | 0.00179 | 0.00593 | 1.00000 ||
	||------------------------------------------------------------------------------------------||

	||------------------------------------------------------------------------------------------||
	||                                    OUTPUT COVARIANCE                                     ||
	||------------------------------------------------------------------------------------------||
	||  0.99998 | 0.15754 | 0.24867 | 0.35191 | 0.26240 | 0.16838 |-0.00191 | 0.02501 | 0.10499 ||
	||  0.15754 | 0.99996 |-0.00014 |-0.00365 | 0.00415 | 0.00369 | 0.00702 |-0.00021 |-0.00372 ||
	||  0.24867 |-0.00014 | 0.99996 | 0.00370 |-0.00557 | 0.00201 | 0.00462 |-0.00115 |-0.00889 ||
	||  0.35191 |-0.00365 | 0.00370 | 0.99997 | 0.00146 |-0.00642 |-0.00275 |-0.00954 |-0.00019 ||
	||  0.26240 | 0.00415 |-0.00557 | 0.00146 | 0.99996 | 0.00400 |-0.00390 |-0.00549 |-0.00446 ||
	||  0.16838 | 0.00369 | 0.00201 |-0.00642 | 0.00400 | 0.99996 |-0.00082 |-0.00124 |-0.00003 ||
	|| -0.00191 | 0.00702 | 0.00462 |-0.00275 |-0.00390 |-0.00082 | 0.99998 |-0.00195 | 0.00179 ||
	||  0.02501 |-0.00021 |-0.00115 |-0.00954 |-0.00549 |-0.00124 |-0.00195 | 0.99994 | 0.00593 ||
	||  0.10499 |-0.00372 |-0.00889 |-0.00019 |-0.00446 |-0.00003 | 0.00179 | 0.00593 | 0.99997 ||
	||------------------------------------------------------------------------------------------||

</pre>
</span>
</div>
</div>
<div id="footer">
<p>
<div>
<label class="hidden" id="label-for-line-wrapping-toggle" for="line-wrapping-toggle">Wrap lines
<input id="line-wrapping-toggle" type="checkbox" autocomplete="off"/>
</label>
</div>Generated by 
<a href="http://www.gradle.org">Gradle 3.5</a> at Nov 30, 2019 2:33:46 PM</p>
</div>
</div>
</body>
</html>
