<!DOCTYPE html>
<html>
<head>
<meta http-equiv="Content-Type" content="text/html; charset=utf-8"/>
<meta http-equiv="x-ua-compatible" content="IE=edge"/>
<title>Test results - Class org.drip.coverage.sequence.Statistics</title>
<link href="../css/base-style.css" rel="stylesheet" type="text/css"/>
<link href="../css/style.css" rel="stylesheet" type="text/css"/>
<script src="../js/report.js" type="text/javascript"></script>
</head>
<body>
<div id="content">
<h1>Class org.drip.coverage.sequence.Statistics</h1>
<div class="breadcrumbs">
<a href="../index.html">all</a> &gt; 
<a href="../packages/org.drip.coverage.sequence.html">org.drip.coverage.sequence</a> &gt; Statistics</div>
<div id="summary">
<table>
<tr>
<td>
<div class="summaryGroup">
<table>
<tr>
<td>
<div class="infoBox" id="tests">
<div class="counter">1</div>
<p>tests</p>
</div>
</td>
<td>
<div class="infoBox" id="failures">
<div class="counter">0</div>
<p>failures</p>
</div>
</td>
<td>
<div class="infoBox" id="ignored">
<div class="counter">0</div>
<p>ignored</p>
</div>
</td>
<td>
<div class="infoBox" id="duration">
<div class="counter">9.607s</div>
<p>duration</p>
</div>
</td>
</tr>
</table>
</div>
</td>
<td>
<div class="infoBox success" id="successRate">
<div class="percent">100%</div>
<p>successful</p>
</div>
</td>
</tr>
</table>
</div>
<div id="tabs">
<ul class="tabLinks">
<li>
<a href="#tab0">Tests</a>
</li>
<li>
<a href="#tab1">Standard output</a>
</li>
</ul>
<div id="tab0" class="tab">
<h2>Tests</h2>
<table>
<thead>
<tr>
<th>Test</th>
<th>Duration</th>
<th>Result</th>
</tr>
</thead>
<tr>
<td class="success">codeCoverageTest</td>
<td>9.607s</td>
<td class="success">passed</td>
</tr>
</table>
</div>
<div id="tab1" class="tab">
<h2>Standard output</h2>
<span class="code">
<pre>
	|-----------------------------------------------------------------|
	|    Copyright (C) 2011-2020 (DRIP, DROP)
	|-----------------------------------------------------------------|
	|    Build Version  =&gt; 4.64.0 multi mode
	|    Build JVM (TM) =&gt; 1.8.0_112
	|    Build Snap     =&gt; Sat Jan 18 23:49:45 EST 2020
	|    Start Time     =&gt; Sun Jan 19 01:11:44 EST 2020
	|    Setup Time     =&gt; Sun Jan 19 01:11:44 EST 2020
	|    Setup Duration =&gt; 1 ms
	|-----------------------------------------------------------------|


	||-------------------------------------------||
	||                R^1 METRICS                ||
	||-------------------------------------------||
	||    L -&gt; R:                                ||
	||            - Mean                         ||
	||            - Error                        ||
	||            - Variance                     ||
	||            - Standard Deviation           ||
	||-------------------------------------------||
	|| -0.00089 |  0.79853 |  1.00047 |  1.00023 ||
	|| -0.00540 |  0.80408 |  1.01678 |  1.00835 ||
	|| -0.00123 |  0.79316 |  0.98636 |  0.99316 ||
	||  0.00160 |  0.79897 |  1.00296 |  1.00148 ||
	|| -0.00355 |  0.79806 |  1.00028 |  1.00014 ||
	|| -0.00442 |  0.79704 |  0.99496 |  0.99748 ||
	||  0.00093 |  0.80194 |  1.00807 |  1.00403 ||
	|| -0.00007 |  0.79578 |  0.99460 |  0.99730 ||
	|| -0.00218 |  0.79596 |  0.99672 |  0.99836 ||
	||-------------------------------------------||

	||------------------------------------------------------------------------------------------||
	||                                     INPUT CORRELATION                                    ||
	||------------------------------------------------------------------------------------------||
	||  1.00000 | 0.16100 | 0.24500 | 0.35200 | 0.25900 | 0.16600 | 0.00300 | 0.03800 | 0.11400 ||
	||  0.16100 | 1.00000 | 0.00000 | 0.00000 | 0.00000 | 0.00000 | 0.00000 | 0.00000 | 0.00000 ||
	||  0.24500 | 0.00000 | 1.00000 | 0.00000 | 0.00000 | 0.00000 | 0.00000 | 0.00000 | 0.00000 ||
	||  0.35200 | 0.00000 | 0.00000 | 1.00000 | 0.00000 | 0.00000 | 0.00000 | 0.00000 | 0.00000 ||
	||  0.25900 | 0.00000 | 0.00000 | 0.00000 | 1.00000 | 0.00000 | 0.00000 | 0.00000 | 0.00000 ||
	||  0.16600 | 0.00000 | 0.00000 | 0.00000 | 0.00000 | 1.00000 | 0.00000 | 0.00000 | 0.00000 ||
	||  0.00300 | 0.00000 | 0.00000 | 0.00000 | 0.00000 | 0.00000 | 1.00000 | 0.00000 | 0.00000 ||
	||  0.03800 | 0.00000 | 0.00000 | 0.00000 | 0.00000 | 0.00000 | 0.00000 | 1.00000 | 0.00000 ||
	||  0.11400 | 0.00000 | 0.00000 | 0.00000 | 0.00000 | 0.00000 | 0.00000 | 0.00000 | 1.00000 ||
	||------------------------------------------------------------------------------------------||

	||------------------------------------------------------------------------------------------||
	||                                    OUTPUT CORRELATION                                    ||
	||------------------------------------------------------------------------------------------||
	||  1.00000 | 0.16614 | 0.24223 | 0.35449 | 0.25822 | 0.16976 |-0.00118 | 0.03649 | 0.11923 ||
	||  0.16614 | 1.00000 | 0.00906 | 0.00330 |-0.00523 | 0.00100 | 0.00996 |-0.00143 |-0.00107 ||
	||  0.24223 | 0.00906 | 1.00000 |-0.00381 | 0.00381 | 0.00008 |-0.00818 | 0.00295 |-0.00300 ||
	||  0.35449 | 0.00330 |-0.00381 | 1.00000 | 0.00248 | 0.00224 | 0.00131 |-0.00540 | 0.00003 ||
	||  0.25822 |-0.00523 | 0.00381 | 0.00248 | 1.00000 | 0.00294 | 0.00135 |-0.00236 | 0.00041 ||
	||  0.16976 | 0.00100 | 0.00008 | 0.00224 | 0.00294 | 1.00000 |-0.00857 | 0.00358 |-0.00660 ||
	|| -0.00118 | 0.00996 |-0.00818 | 0.00131 | 0.00135 |-0.00857 | 1.00000 |-0.00565 | 0.00384 ||
	||  0.03649 |-0.00143 | 0.00295 |-0.00540 |-0.00236 | 0.00358 |-0.00565 | 1.00000 |-0.00115 ||
	||  0.11923 |-0.00107 |-0.00300 | 0.00003 | 0.00041 |-0.00660 | 0.00384 |-0.00115 | 1.00000 ||
	||------------------------------------------------------------------------------------------||

	||------------------------------------------------------------------------------------------||
	||                                    OUTPUT COVARIANCE                                     ||
	||------------------------------------------------------------------------------------------||
	||  1.00047 | 0.16757 | 0.24063 | 0.35509 | 0.25831 | 0.16937 |-0.00118 | 0.03640 | 0.11906 ||
	||  0.16757 | 1.01678 | 0.00908 | 0.00333 |-0.00528 | 0.00101 | 0.01009 |-0.00143 |-0.00108 ||
	||  0.24063 | 0.00908 | 0.98636 |-0.00379 | 0.00378 | 0.00008 |-0.00816 | 0.00292 |-0.00297 ||
	||  0.35509 | 0.00333 |-0.00379 | 1.00296 | 0.00248 | 0.00224 | 0.00131 |-0.00539 | 0.00003 ||
	||  0.25831 |-0.00528 | 0.00378 | 0.00248 | 1.00028 | 0.00294 | 0.00136 |-0.00235 | 0.00041 ||
	||  0.16937 | 0.00101 | 0.00008 | 0.00224 | 0.00294 | 0.99496 |-0.00859 | 0.00356 |-0.00657 ||
	|| -0.00118 | 0.01009 |-0.00816 | 0.00131 | 0.00136 |-0.00859 | 1.00807 |-0.00566 | 0.00385 ||
	||  0.03640 |-0.00143 | 0.00292 |-0.00539 |-0.00235 | 0.00356 |-0.00566 | 0.99460 |-0.00115 ||
	||  0.11906 |-0.00108 |-0.00297 | 0.00003 | 0.00041 |-0.00657 | 0.00385 |-0.00115 | 0.99672 ||
	||------------------------------------------------------------------------------------------||


	|-----------------------------------------------------------------|
	|    Copyright (C) 2011-2020 (DRIP, DROP)
	|-----------------------------------------------------------------|
	|    Build Version  =&gt; 4.64.0 multi mode
	|    Build JVM (TM) =&gt; 1.8.0_112
	|    Build Snap     =&gt; Sat Jan 18 23:49:45 EST 2020
	|    Start Time     =&gt; Sun Jan 19 01:11:46 EST 2020
	|    Setup Time     =&gt; Sun Jan 19 01:11:46 EST 2020
	|    Setup Duration =&gt; 0 ms
	|-----------------------------------------------------------------|


	||-------------------------------------------||
	||                R^1 METRICS                ||
	||-------------------------------------------||
	||    L -&gt; R:                                ||
	||            - Mean                         ||
	||            - Error                        ||
	||            - Variance                     ||
	||            - Standard Deviation           ||
	||-------------------------------------------||
	|| -0.00444 |  0.79898 |  1.00302 |  1.00151 ||
	|| -0.00444 |  0.79665 |  0.99527 |  0.99763 ||
	|| -0.00580 |  0.80096 |  1.00501 |  1.00250 ||
	||  0.00308 |  0.79727 |  1.00057 |  1.00028 ||
	|| -0.00327 |  0.79421 |  0.99229 |  0.99614 ||
	||  0.00266 |  0.79916 |  1.00558 |  1.00278 ||
	||  0.00061 |  0.80227 |  1.01086 |  1.00542 ||
	||  0.00565 |  0.79692 |  0.99525 |  0.99762 ||
	||  0.00116 |  0.79386 |  0.99075 |  0.99537 ||
	||-------------------------------------------||

	||------------------------------------------------------------------------------------------||
	||                                     INPUT CORRELATION                                    ||
	||------------------------------------------------------------------------------------------||
	||  1.00000 | 0.16100 | 0.24500 | 0.35200 | 0.25900 | 0.16600 | 0.00300 | 0.03800 | 0.11400 ||
	||  0.16100 | 1.00000 | 0.00000 | 0.00000 | 0.00000 | 0.00000 | 0.00000 | 0.00000 | 0.00000 ||
	||  0.24500 | 0.00000 | 1.00000 | 0.00000 | 0.00000 | 0.00000 | 0.00000 | 0.00000 | 0.00000 ||
	||  0.35200 | 0.00000 | 0.00000 | 1.00000 | 0.00000 | 0.00000 | 0.00000 | 0.00000 | 0.00000 ||
	||  0.25900 | 0.00000 | 0.00000 | 0.00000 | 1.00000 | 0.00000 | 0.00000 | 0.00000 | 0.00000 ||
	||  0.16600 | 0.00000 | 0.00000 | 0.00000 | 0.00000 | 1.00000 | 0.00000 | 0.00000 | 0.00000 ||
	||  0.00300 | 0.00000 | 0.00000 | 0.00000 | 0.00000 | 0.00000 | 1.00000 | 0.00000 | 0.00000 ||
	||  0.03800 | 0.00000 | 0.00000 | 0.00000 | 0.00000 | 0.00000 | 0.00000 | 1.00000 | 0.00000 ||
	||  0.11400 | 0.00000 | 0.00000 | 0.00000 | 0.00000 | 0.00000 | 0.00000 | 0.00000 | 1.00000 ||
	||------------------------------------------------------------------------------------------||

	||------------------------------------------------------------------------------------------||
	||                                    OUTPUT CORRELATION                                    ||
	||------------------------------------------------------------------------------------------||
	||  1.00000 | 0.16710 | 0.24893 | 0.35180 | 0.25514 | 0.16672 | 0.00196 | 0.02879 | 0.11388 ||
	||  0.16710 | 1.00000 | 0.00246 | 0.00683 |-0.00115 |-0.00267 |-0.00180 |-0.00432 |-0.00147 ||
	||  0.24893 | 0.00246 | 1.00000 |-0.00396 | 0.00406 |-0.00465 |-0.00547 |-0.00349 | 0.00234 ||
	||  0.35180 | 0.00683 |-0.00396 | 1.00000 |-0.00635 | 0.00593 |-0.00227 |-0.00654 | 0.00223 ||
	||  0.25514 |-0.00115 | 0.00406 |-0.00635 | 1.00000 |-0.00087 | 0.01057 |-0.01250 |-0.00294 ||
	||  0.16672 |-0.00267 |-0.00465 | 0.00593 |-0.00087 | 1.00000 | 0.00144 |-0.00074 |-0.00196 ||
	||  0.00196 |-0.00180 |-0.00547 |-0.00227 | 0.01057 | 0.00144 | 1.00000 | 0.00100 |-0.00035 ||
	||  0.02879 |-0.00432 |-0.00349 |-0.00654 |-0.01250 |-0.00074 | 0.00100 | 1.00000 | 0.00428 ||
	||  0.11388 |-0.00147 | 0.00234 | 0.00223 |-0.00294 |-0.00196 |-0.00035 | 0.00428 | 1.00000 ||
	||------------------------------------------------------------------------------------------||

	||------------------------------------------------------------------------------------------||
	||                                    OUTPUT COVARIANCE                                     ||
	||------------------------------------------------------------------------------------------||
	||  1.00302 | 0.16695 | 0.24993 | 0.35243 | 0.25454 | 0.16744 | 0.00197 | 0.02876 | 0.11353 ||
	||  0.16695 | 0.99527 | 0.00246 | 0.00681 |-0.00115 |-0.00267 |-0.00181 |-0.00430 |-0.00146 ||
	||  0.24993 | 0.00246 | 1.00501 |-0.00397 | 0.00405 |-0.00467 |-0.00552 |-0.00349 | 0.00233 ||
	||  0.35243 | 0.00681 |-0.00397 | 1.00057 |-0.00633 | 0.00595 |-0.00229 |-0.00652 | 0.00222 ||
	||  0.25454 |-0.00115 | 0.00405 |-0.00633 | 0.99229 |-0.00087 | 0.01058 |-0.01242 |-0.00291 ||
	||  0.16744 |-0.00267 |-0.00467 | 0.00595 |-0.00087 | 1.00558 | 0.00146 |-0.00074 |-0.00195 ||
	||  0.00197 |-0.00181 |-0.00552 |-0.00229 | 0.01058 | 0.00146 | 1.01086 | 0.00100 |-0.00035 ||
	||  0.02876 |-0.00430 |-0.00349 |-0.00652 |-0.01242 |-0.00074 | 0.00100 | 0.99525 | 0.00425 ||
	||  0.11353 |-0.00146 | 0.00233 | 0.00222 |-0.00291 |-0.00195 |-0.00035 | 0.00425 | 0.99075 ||
	||------------------------------------------------------------------------------------------||


	|-----------------------------------------------------------------|
	|    Copyright (C) 2011-2020 (DRIP, DROP)
	|-----------------------------------------------------------------|
	|    Build Version  =&gt; 4.64.0 multi mode
	|    Build JVM (TM) =&gt; 1.8.0_112
	|    Build Snap     =&gt; Sat Jan 18 23:49:45 EST 2020
	|    Start Time     =&gt; Sun Jan 19 01:11:48 EST 2020
	|    Setup Time     =&gt; Sun Jan 19 01:11:48 EST 2020
	|    Setup Duration =&gt; 1 ms
	|-----------------------------------------------------------------|


	||-------------------------------------------||
	||                R^1 METRICS                ||
	||-------------------------------------------||
	||    L -&gt; R:                                ||
	||            - Mean                         ||
	||            - Error                        ||
	||            - Variance                     ||
	||            - Standard Deviation           ||
	||-------------------------------------------||
	||  0.00393 |  0.79857 |  0.99998 |  0.99999 ||
	||  0.00243 |  0.79593 |  0.99999 |  1.00000 ||
	|| -0.00069 |  0.79700 |  1.00000 |  1.00000 ||
	||  0.00509 |  0.79810 |  0.99997 |  0.99999 ||
	||  0.00123 |  0.79718 |  1.00000 |  1.00000 ||
	||  0.00550 |  0.79756 |  0.99997 |  0.99998 ||
	|| -0.00222 |  0.79685 |  1.00000 |  1.00000 ||
	||  0.00501 |  0.79890 |  0.99997 |  0.99999 ||
	|| -0.00271 |  0.79696 |  0.99999 |  1.00000 ||
	||-------------------------------------------||

	||------------------------------------------------------------------------------------------||
	||                                     INPUT CORRELATION                                    ||
	||------------------------------------------------------------------------------------------||
	||  1.00000 | 0.16100 | 0.24500 | 0.35200 | 0.25900 | 0.16600 | 0.00300 | 0.03800 | 0.11400 ||
	||  0.16100 | 1.00000 | 0.00000 | 0.00000 | 0.00000 | 0.00000 | 0.00000 | 0.00000 | 0.00000 ||
	||  0.24500 | 0.00000 | 1.00000 | 0.00000 | 0.00000 | 0.00000 | 0.00000 | 0.00000 | 0.00000 ||
	||  0.35200 | 0.00000 | 0.00000 | 1.00000 | 0.00000 | 0.00000 | 0.00000 | 0.00000 | 0.00000 ||
	||  0.25900 | 0.00000 | 0.00000 | 0.00000 | 1.00000 | 0.00000 | 0.00000 | 0.00000 | 0.00000 ||
	||  0.16600 | 0.00000 | 0.00000 | 0.00000 | 0.00000 | 1.00000 | 0.00000 | 0.00000 | 0.00000 ||
	||  0.00300 | 0.00000 | 0.00000 | 0.00000 | 0.00000 | 0.00000 | 1.00000 | 0.00000 | 0.00000 ||
	||  0.03800 | 0.00000 | 0.00000 | 0.00000 | 0.00000 | 0.00000 | 0.00000 | 1.00000 | 0.00000 ||
	||  0.11400 | 0.00000 | 0.00000 | 0.00000 | 0.00000 | 0.00000 | 0.00000 | 0.00000 | 1.00000 ||
	||------------------------------------------------------------------------------------------||

	||------------------------------------------------------------------------------------------||
	||                                    OUTPUT CORRELATION                                    ||
	||------------------------------------------------------------------------------------------||
	||  1.00000 | 0.15923 | 0.24770 | 0.35418 | 0.25863 | 0.17190 | 0.00230 | 0.03771 | 0.12433 ||
	||  0.15923 | 1.00000 | 0.00404 |-0.00078 | 0.00009 |-0.00262 | 0.00974 |-0.00196 | 0.00324 ||
	||  0.24770 | 0.00404 | 1.00000 | 0.00743 |-0.00158 |-0.00416 | 0.00125 | 0.00075 |-0.00435 ||
	||  0.35418 |-0.00078 | 0.00743 | 1.00000 | 0.00337 |-0.00229 | 0.00372 |-0.00240 | 0.00260 ||
	||  0.25863 | 0.00009 |-0.00158 | 0.00337 | 1.00000 | 0.00203 | 0.00320 |-0.00138 |-0.00058 ||
	||  0.17190 |-0.00262 |-0.00416 |-0.00229 | 0.00203 | 1.00000 |-0.00361 |-0.00131 |-0.00087 ||
	||  0.00230 | 0.00974 | 0.00125 | 0.00372 | 0.00320 |-0.00361 | 1.00000 | 0.00505 |-0.00006 ||
	||  0.03771 |-0.00196 | 0.00075 |-0.00240 |-0.00138 |-0.00131 | 0.00505 | 1.00000 | 0.00078 ||
	||  0.12433 | 0.00324 |-0.00435 | 0.00260 |-0.00058 |-0.00087 |-0.00006 | 0.00078 | 1.00000 ||
	||------------------------------------------------------------------------------------------||

	||------------------------------------------------------------------------------------------||
	||                                    OUTPUT COVARIANCE                                     ||
	||------------------------------------------------------------------------------------------||
	||  0.99998 | 0.15923 | 0.24770 | 0.35417 | 0.25863 | 0.17190 | 0.00230 | 0.03771 | 0.12433 ||
	||  0.15923 | 0.99999 | 0.00404 |-0.00078 | 0.00009 |-0.00262 | 0.00974 |-0.00196 | 0.00324 ||
	||  0.24770 | 0.00404 | 1.00000 | 0.00743 |-0.00158 |-0.00416 | 0.00125 | 0.00075 |-0.00435 ||
	||  0.35417 |-0.00078 | 0.00743 | 0.99997 | 0.00337 |-0.00229 | 0.00372 |-0.00240 | 0.00260 ||
	||  0.25863 | 0.00009 |-0.00158 | 0.00337 | 1.00000 | 0.00203 | 0.00320 |-0.00138 |-0.00058 ||
	||  0.17190 |-0.00262 |-0.00416 |-0.00229 | 0.00203 | 0.99997 |-0.00361 |-0.00131 |-0.00087 ||
	||  0.00230 | 0.00974 | 0.00125 | 0.00372 | 0.00320 |-0.00361 | 1.00000 | 0.00505 |-0.00006 ||
	||  0.03771 |-0.00196 | 0.00075 |-0.00240 |-0.00138 |-0.00131 | 0.00505 | 0.99997 | 0.00078 ||
	||  0.12433 | 0.00324 |-0.00435 | 0.00260 |-0.00058 |-0.00087 |-0.00006 | 0.00078 | 0.99999 ||
	||------------------------------------------------------------------------------------------||


	|-----------------------------------------------------------------|
	|    Copyright (C) 2011-2020 (DRIP, DROP)
	|-----------------------------------------------------------------|
	|    Build Version  =&gt; 4.64.0 multi mode
	|    Build JVM (TM) =&gt; 1.8.0_112
	|    Build Snap     =&gt; Sat Jan 18 23:49:45 EST 2020
	|    Start Time     =&gt; Sun Jan 19 01:11:51 EST 2020
	|    Setup Time     =&gt; Sun Jan 19 01:11:51 EST 2020
	|    Setup Duration =&gt; 1 ms
	|-----------------------------------------------------------------|


	||-------------------------------------------||
	||                R^1 METRICS                ||
	||-------------------------------------------||
	||    L -&gt; R:                                ||
	||            - Mean                         ||
	||            - Error                        ||
	||            - Variance                     ||
	||            - Standard Deviation           ||
	||-------------------------------------------||
	|| -0.00379 |  0.79670 |  0.99997 |  0.99998 ||
	|| -0.00593 |  0.79833 |  0.99994 |  0.99997 ||
	|| -0.00721 |  0.79782 |  0.99993 |  0.99996 ||
	||  0.00213 |  0.79812 |  0.99998 |  0.99999 ||
	|| -0.00383 |  0.79777 |  0.99997 |  0.99998 ||
	||  0.00064 |  0.79719 |  0.99998 |  0.99999 ||
	||  0.00158 |  0.79802 |  0.99998 |  0.99999 ||
	|| -0.00689 |  0.79922 |  0.99993 |  0.99997 ||
	|| -0.00414 |  0.79790 |  0.99996 |  0.99998 ||
	||-------------------------------------------||

	||------------------------------------------------------------------------------------------||
	||                                     INPUT CORRELATION                                    ||
	||------------------------------------------------------------------------------------------||
	||  1.00000 | 0.16100 | 0.24500 | 0.35200 | 0.25900 | 0.16600 | 0.00300 | 0.03800 | 0.11400 ||
	||  0.16100 | 1.00000 | 0.00000 | 0.00000 | 0.00000 | 0.00000 | 0.00000 | 0.00000 | 0.00000 ||
	||  0.24500 | 0.00000 | 1.00000 | 0.00000 | 0.00000 | 0.00000 | 0.00000 | 0.00000 | 0.00000 ||
	||  0.35200 | 0.00000 | 0.00000 | 1.00000 | 0.00000 | 0.00000 | 0.00000 | 0.00000 | 0.00000 ||
	||  0.25900 | 0.00000 | 0.00000 | 0.00000 | 1.00000 | 0.00000 | 0.00000 | 0.00000 | 0.00000 ||
	||  0.16600 | 0.00000 | 0.00000 | 0.00000 | 0.00000 | 1.00000 | 0.00000 | 0.00000 | 0.00000 ||
	||  0.00300 | 0.00000 | 0.00000 | 0.00000 | 0.00000 | 0.00000 | 1.00000 | 0.00000 | 0.00000 ||
	||  0.03800 | 0.00000 | 0.00000 | 0.00000 | 0.00000 | 0.00000 | 0.00000 | 1.00000 | 0.00000 ||
	||  0.11400 | 0.00000 | 0.00000 | 0.00000 | 0.00000 | 0.00000 | 0.00000 | 0.00000 | 1.00000 ||
	||------------------------------------------------------------------------------------------||

	||------------------------------------------------------------------------------------------||
	||                                    OUTPUT CORRELATION                                    ||
	||------------------------------------------------------------------------------------------||
	||  1.00000 | 0.16137 | 0.24514 | 0.35377 | 0.25632 | 0.16704 |-0.00018 | 0.02736 | 0.10858 ||
	||  0.16137 | 1.00000 | 0.00013 | 0.00703 |-0.00063 | 0.00146 |-0.00291 |-0.00033 |-0.00125 ||
	||  0.24514 | 0.00013 | 1.00000 | 0.00211 |-0.00332 |-0.00538 |-0.00374 |-0.00004 |-0.00209 ||
	||  0.35377 | 0.00703 | 0.00211 | 1.00000 | 0.00788 |-0.00077 |-0.00886 |-0.01213 |-0.00887 ||
	||  0.25632 |-0.00063 |-0.00332 | 0.00788 | 1.00000 |-0.00201 |-0.00469 |-0.00418 |-0.00467 ||
	||  0.16704 | 0.00146 |-0.00538 |-0.00077 |-0.00201 | 1.00000 |-0.00095 |-0.00432 | 0.00063 ||
	|| -0.00018 |-0.00291 |-0.00374 |-0.00886 |-0.00469 |-0.00095 | 1.00000 |-0.00038 | 0.00653 ||
	||  0.02736 |-0.00033 |-0.00004 |-0.01213 |-0.00418 |-0.00432 |-0.00038 | 1.00000 | 0.00134 ||
	||  0.10858 |-0.00125 |-0.00209 |-0.00887 |-0.00467 | 0.00063 | 0.00653 | 0.00134 | 1.00000 ||
	||------------------------------------------------------------------------------------------||

	||------------------------------------------------------------------------------------------||
	||                                    OUTPUT COVARIANCE                                     ||
	||------------------------------------------------------------------------------------------||
	||  0.99997 | 0.16136 | 0.24513 | 0.35376 | 0.25631 | 0.16703 |-0.00018 | 0.02736 | 0.10858 ||
	||  0.16136 | 0.99994 | 0.00013 | 0.00703 |-0.00063 | 0.00146 |-0.00291 |-0.00033 |-0.00125 ||
	||  0.24513 | 0.00013 | 0.99993 | 0.00211 |-0.00332 |-0.00538 |-0.00374 |-0.00004 |-0.00209 ||
	||  0.35376 | 0.00703 | 0.00211 | 0.99998 | 0.00788 |-0.00077 |-0.00886 |-0.01213 |-0.00887 ||
	||  0.25631 |-0.00063 |-0.00332 | 0.00788 | 0.99997 |-0.00201 |-0.00469 |-0.00418 |-0.00467 ||
	||  0.16703 | 0.00146 |-0.00538 |-0.00077 |-0.00201 | 0.99998 |-0.00094 |-0.00432 | 0.00063 ||
	|| -0.00018 |-0.00291 |-0.00374 |-0.00886 |-0.00469 |-0.00094 | 0.99998 |-0.00038 | 0.00653 ||
	||  0.02736 |-0.00033 |-0.00004 |-0.01213 |-0.00418 |-0.00432 |-0.00038 | 0.99993 | 0.00134 ||
	||  0.10858 |-0.00125 |-0.00209 |-0.00887 |-0.00467 | 0.00063 | 0.00653 | 0.00134 | 0.99996 ||
	||------------------------------------------------------------------------------------------||

</pre>
</span>
</div>
</div>
<div id="footer">
<p>
<div>
<label class="hidden" id="label-for-line-wrapping-toggle" for="line-wrapping-toggle">Wrap lines
<input id="line-wrapping-toggle" type="checkbox" autocomplete="off"/>
</label>
</div>Generated by 
<a href="http://www.gradle.org">Gradle 3.5</a> at Jan 19, 2020 1:38:02 AM</p>
</div>
</div>
</body>
</html>
