<!DOCTYPE html>
<html>
<head>
<meta http-equiv="Content-Type" content="text/html; charset=utf-8"/>
<meta http-equiv="x-ua-compatible" content="IE=edge"/>
<title>Test results - Class org.drip.coverage.sequence.Statistics</title>
<link href="../css/base-style.css" rel="stylesheet" type="text/css"/>
<link href="../css/style.css" rel="stylesheet" type="text/css"/>
<script src="../js/report.js" type="text/javascript"></script>
</head>
<body>
<div id="content">
<h1>Class org.drip.coverage.sequence.Statistics</h1>
<div class="breadcrumbs">
<a href="../index.html">all</a> &gt; 
<a href="../packages/org.drip.coverage.sequence.html">org.drip.coverage.sequence</a> &gt; Statistics</div>
<div id="summary">
<table>
<tr>
<td>
<div class="summaryGroup">
<table>
<tr>
<td>
<div class="infoBox" id="tests">
<div class="counter">1</div>
<p>tests</p>
</div>
</td>
<td>
<div class="infoBox" id="failures">
<div class="counter">0</div>
<p>failures</p>
</div>
</td>
<td>
<div class="infoBox" id="ignored">
<div class="counter">0</div>
<p>ignored</p>
</div>
</td>
<td>
<div class="infoBox" id="duration">
<div class="counter">9.498s</div>
<p>duration</p>
</div>
</td>
</tr>
</table>
</div>
</td>
<td>
<div class="infoBox success" id="successRate">
<div class="percent">100%</div>
<p>successful</p>
</div>
</td>
</tr>
</table>
</div>
<div id="tabs">
<ul class="tabLinks">
<li>
<a href="#tab0">Tests</a>
</li>
<li>
<a href="#tab1">Standard output</a>
</li>
</ul>
<div id="tab0" class="tab">
<h2>Tests</h2>
<table>
<thead>
<tr>
<th>Test</th>
<th>Duration</th>
<th>Result</th>
</tr>
</thead>
<tr>
<td class="success">codeCoverageTest</td>
<td>9.498s</td>
<td class="success">passed</td>
</tr>
</table>
</div>
<div id="tab1" class="tab">
<h2>Standard output</h2>
<span class="code">
<pre>
	|-----------------------------------------------------------------|
	|    Copyright (C) 2011-2018 (DRIP)
	|-----------------------------------------------------------------|
	|    Build Version  =&gt; 3.61.0 multi mode
	|    Build JVM (TM) =&gt; 1.8.0_112
	|    Build Snap     =&gt; Thu Jul 11 14:57:02 EST 2018
	|    Start Time     =&gt; Wed Jul 11 15:33:31 EDT 2018
	|    Setup Time     =&gt; Wed Jul 11 15:33:31 EDT 2018
	|    Setup Duration =&gt; 0 ms
	|-----------------------------------------------------------------|


	||-------------------------------------------||
	||                R^1 METRICS                ||
	||-------------------------------------------||
	||    L -&gt; R:                                ||
	||            - Mean                         ||
	||            - Error                        ||
	||            - Variance                     ||
	||            - Standard Deviation           ||
	||-------------------------------------------||
	|| -0.00622 |  0.79830 |  1.00050 |  1.00025 ||
	|| -0.01187 |  0.79725 |  0.99884 |  0.99942 ||
	|| -0.00224 |  0.79410 |  0.98724 |  0.99360 ||
	|| -0.00129 |  0.79570 |  0.98991 |  0.99494 ||
	||  0.00189 |  0.79872 |  1.00088 |  1.00044 ||
	||  0.00541 |  0.79774 |  0.99845 |  0.99923 ||
	|| -0.00786 |  0.79960 |  0.99727 |  0.99863 ||
	||  0.00344 |  0.80093 |  1.00750 |  1.00374 ||
	|| -0.00526 |  0.79531 |  0.99701 |  0.99850 ||
	||-------------------------------------------||

	||------------------------------------------------------------------------------------------||
	||                                     INPUT CORRELATION                                    ||
	||------------------------------------------------------------------------------------------||
	||  1.00000 | 0.16100 | 0.24500 | 0.35200 | 0.25900 | 0.16600 | 0.00300 | 0.03800 | 0.11400 ||
	||  0.16100 | 1.00000 | 0.00000 | 0.00000 | 0.00000 | 0.00000 | 0.00000 | 0.00000 | 0.00000 ||
	||  0.24500 | 0.00000 | 1.00000 | 0.00000 | 0.00000 | 0.00000 | 0.00000 | 0.00000 | 0.00000 ||
	||  0.35200 | 0.00000 | 0.00000 | 1.00000 | 0.00000 | 0.00000 | 0.00000 | 0.00000 | 0.00000 ||
	||  0.25900 | 0.00000 | 0.00000 | 0.00000 | 1.00000 | 0.00000 | 0.00000 | 0.00000 | 0.00000 ||
	||  0.16600 | 0.00000 | 0.00000 | 0.00000 | 0.00000 | 1.00000 | 0.00000 | 0.00000 | 0.00000 ||
	||  0.00300 | 0.00000 | 0.00000 | 0.00000 | 0.00000 | 0.00000 | 1.00000 | 0.00000 | 0.00000 ||
	||  0.03800 | 0.00000 | 0.00000 | 0.00000 | 0.00000 | 0.00000 | 0.00000 | 1.00000 | 0.00000 ||
	||  0.11400 | 0.00000 | 0.00000 | 0.00000 | 0.00000 | 0.00000 | 0.00000 | 0.00000 | 1.00000 ||
	||------------------------------------------------------------------------------------------||

	||------------------------------------------------------------------------------------------||
	||                                    OUTPUT CORRELATION                                    ||
	||------------------------------------------------------------------------------------------||
	||  1.00000 | 0.16615 | 0.24629 | 0.34573 | 0.26709 | 0.16052 | 0.00270 | 0.04012 | 0.11773 ||
	||  0.16615 | 1.00000 | 0.00211 |-0.00360 | 0.01208 |-0.00408 |-0.00068 |-0.00127 | 0.00167 ||
	||  0.24629 | 0.00211 | 1.00000 | 0.00483 | 0.00411 |-0.00845 | 0.00032 |-0.00521 | 0.00107 ||
	||  0.34573 |-0.00360 | 0.00483 | 1.00000 |-0.00134 |-0.00499 | 0.00287 | 0.00090 | 0.00695 ||
	||  0.26709 | 0.01208 | 0.00411 |-0.00134 | 1.00000 | 0.00544 |-0.00761 | 0.00447 | 0.00182 ||
	||  0.16052 |-0.00408 |-0.00845 |-0.00499 | 0.00544 | 1.00000 | 0.00303 |-0.00688 | 0.00356 ||
	||  0.00270 |-0.00068 | 0.00032 | 0.00287 |-0.00761 | 0.00303 | 1.00000 |-0.00542 |-0.00081 ||
	||  0.04012 |-0.00127 |-0.00521 | 0.00090 | 0.00447 |-0.00688 |-0.00542 | 1.00000 | 0.00832 ||
	||  0.11773 | 0.00167 | 0.00107 | 0.00695 | 0.00182 | 0.00356 |-0.00081 | 0.00832 | 1.00000 ||
	||------------------------------------------------------------------------------------------||

	||------------------------------------------------------------------------------------------||
	||                                    OUTPUT COVARIANCE                                     ||
	||------------------------------------------------------------------------------------------||
	||  1.00050 | 0.16610 | 0.24477 | 0.34407 | 0.26727 | 0.16044 | 0.00270 | 0.04028 | 0.11758 ||
	||  0.16610 | 0.99884 | 0.00209 |-0.00358 | 0.01208 |-0.00408 |-0.00068 |-0.00127 | 0.00166 ||
	||  0.24477 | 0.00209 | 0.98724 | 0.00478 | 0.00408 |-0.00839 | 0.00031 |-0.00519 | 0.00106 ||
	||  0.34407 |-0.00358 | 0.00478 | 0.98991 |-0.00134 |-0.00496 | 0.00285 | 0.00090 | 0.00691 ||
	||  0.26727 | 0.01208 | 0.00408 |-0.00134 | 1.00088 | 0.00544 |-0.00761 | 0.00449 | 0.00182 ||
	||  0.16044 |-0.00408 |-0.00839 |-0.00496 | 0.00544 | 0.99845 | 0.00302 |-0.00690 | 0.00355 ||
	||  0.00270 |-0.00068 | 0.00031 | 0.00285 |-0.00761 | 0.00302 | 0.99727 |-0.00543 |-0.00081 ||
	||  0.04028 |-0.00127 |-0.00519 | 0.00090 | 0.00449 |-0.00690 |-0.00543 | 1.00750 | 0.00833 ||
	||  0.11758 | 0.00166 | 0.00106 | 0.00691 | 0.00182 | 0.00355 |-0.00081 | 0.00833 | 0.99701 ||
	||------------------------------------------------------------------------------------------||


	|-----------------------------------------------------------------|
	|    Copyright (C) 2011-2018 (DRIP)
	|-----------------------------------------------------------------|
	|    Build Version  =&gt; 3.61.0 multi mode
	|    Build JVM (TM) =&gt; 1.8.0_112
	|    Build Snap     =&gt; Thu Jul 11 14:57:02 EST 2018
	|    Start Time     =&gt; Wed Jul 11 15:33:33 EDT 2018
	|    Setup Time     =&gt; Wed Jul 11 15:33:33 EDT 2018
	|    Setup Duration =&gt; 0 ms
	|-----------------------------------------------------------------|


	||-------------------------------------------||
	||                R^1 METRICS                ||
	||-------------------------------------------||
	||    L -&gt; R:                                ||
	||            - Mean                         ||
	||            - Error                        ||
	||            - Variance                     ||
	||            - Standard Deviation           ||
	||-------------------------------------------||
	|| -0.00485 |  0.79414 |  0.99230 |  0.99614 ||
	|| -0.00276 |  0.79799 |  0.99893 |  0.99946 ||
	||  0.00038 |  0.79320 |  0.98463 |  0.99229 ||
	|| -0.00265 |  0.79905 |  1.00138 |  1.00069 ||
	|| -0.00395 |  0.80050 |  1.00218 |  1.00109 ||
	|| -0.00634 |  0.79698 |  0.99133 |  0.99566 ||
	|| -0.00568 |  0.79473 |  0.99141 |  0.99570 ||
	|| -0.00157 |  0.79326 |  0.99165 |  0.99582 ||
	|| -0.00372 |  0.80190 |  1.00621 |  1.00310 ||
	||-------------------------------------------||

	||------------------------------------------------------------------------------------------||
	||                                     INPUT CORRELATION                                    ||
	||------------------------------------------------------------------------------------------||
	||  1.00000 | 0.16100 | 0.24500 | 0.35200 | 0.25900 | 0.16600 | 0.00300 | 0.03800 | 0.11400 ||
	||  0.16100 | 1.00000 | 0.00000 | 0.00000 | 0.00000 | 0.00000 | 0.00000 | 0.00000 | 0.00000 ||
	||  0.24500 | 0.00000 | 1.00000 | 0.00000 | 0.00000 | 0.00000 | 0.00000 | 0.00000 | 0.00000 ||
	||  0.35200 | 0.00000 | 0.00000 | 1.00000 | 0.00000 | 0.00000 | 0.00000 | 0.00000 | 0.00000 ||
	||  0.25900 | 0.00000 | 0.00000 | 0.00000 | 1.00000 | 0.00000 | 0.00000 | 0.00000 | 0.00000 ||
	||  0.16600 | 0.00000 | 0.00000 | 0.00000 | 0.00000 | 1.00000 | 0.00000 | 0.00000 | 0.00000 ||
	||  0.00300 | 0.00000 | 0.00000 | 0.00000 | 0.00000 | 0.00000 | 1.00000 | 0.00000 | 0.00000 ||
	||  0.03800 | 0.00000 | 0.00000 | 0.00000 | 0.00000 | 0.00000 | 0.00000 | 1.00000 | 0.00000 ||
	||  0.11400 | 0.00000 | 0.00000 | 0.00000 | 0.00000 | 0.00000 | 0.00000 | 0.00000 | 1.00000 ||
	||------------------------------------------------------------------------------------------||

	||------------------------------------------------------------------------------------------||
	||                                    OUTPUT CORRELATION                                    ||
	||------------------------------------------------------------------------------------------||
	||  1.00000 | 0.15897 | 0.24380 | 0.35515 | 0.25465 | 0.16741 |-0.00512 | 0.03970 | 0.10972 ||
	||  0.15897 | 1.00000 | 0.00280 |-0.00900 |-0.00139 |-0.01301 |-0.01357 |-0.00087 | 0.00671 ||
	||  0.24380 | 0.00280 | 1.00000 | 0.00520 |-0.00115 |-0.00104 | 0.00077 | 0.00457 | 0.00565 ||
	||  0.35515 |-0.00900 | 0.00520 | 1.00000 |-0.00253 |-0.00323 |-0.00042 |-0.00546 | 0.00158 ||
	||  0.25465 |-0.00139 |-0.00115 |-0.00253 | 1.00000 | 0.00540 |-0.00957 |-0.00139 | 0.00237 ||
	||  0.16741 |-0.01301 |-0.00104 |-0.00323 | 0.00540 | 1.00000 |-0.00654 | 0.00140 |-0.00369 ||
	|| -0.00512 |-0.01357 | 0.00077 |-0.00042 |-0.00957 |-0.00654 | 1.00000 |-0.00183 |-0.00430 ||
	||  0.03970 |-0.00087 | 0.00457 |-0.00546 |-0.00139 | 0.00140 |-0.00183 | 1.00000 | 0.00153 ||
	||  0.10972 | 0.00671 | 0.00565 | 0.00158 | 0.00237 |-0.00369 |-0.00430 | 0.00153 | 1.00000 ||
	||------------------------------------------------------------------------------------------||

	||------------------------------------------------------------------------------------------||
	||                                    OUTPUT COVARIANCE                                     ||
	||------------------------------------------------------------------------------------------||
	||  0.99230 | 0.15827 | 0.24099 | 0.35402 | 0.25394 | 0.16604 |-0.00508 | 0.03938 | 0.10963 ||
	||  0.15827 | 0.99893 | 0.00278 |-0.00900 |-0.00139 |-0.01295 |-0.01350 |-0.00087 | 0.00673 ||
	||  0.24099 | 0.00278 | 0.98463 | 0.00517 |-0.00114 |-0.00102 | 0.00076 | 0.00452 | 0.00563 ||
	||  0.35402 |-0.00900 | 0.00517 | 1.00138 |-0.00253 |-0.00322 |-0.00042 |-0.00544 | 0.00159 ||
	||  0.25394 |-0.00139 |-0.00114 |-0.00253 | 1.00218 | 0.00538 |-0.00954 |-0.00139 | 0.00238 ||
	||  0.16604 |-0.01295 |-0.00102 |-0.00322 | 0.00538 | 0.99133 |-0.00649 | 0.00139 |-0.00368 ||
	|| -0.00508 |-0.01350 | 0.00076 |-0.00042 |-0.00954 |-0.00649 | 0.99141 |-0.00181 |-0.00429 ||
	||  0.03938 |-0.00087 | 0.00452 |-0.00544 |-0.00139 | 0.00139 |-0.00181 | 0.99165 | 0.00152 ||
	||  0.10963 | 0.00673 | 0.00563 | 0.00159 | 0.00238 |-0.00368 |-0.00429 | 0.00152 | 1.00621 ||
	||------------------------------------------------------------------------------------------||


	|-----------------------------------------------------------------|
	|    Copyright (C) 2011-2018 (DRIP)
	|-----------------------------------------------------------------|
	|    Build Version  =&gt; 3.61.0 multi mode
	|    Build JVM (TM) =&gt; 1.8.0_112
	|    Build Snap     =&gt; Thu Jul 11 14:57:02 EST 2018
	|    Start Time     =&gt; Wed Jul 11 15:33:35 EDT 2018
	|    Setup Time     =&gt; Wed Jul 11 15:33:35 EDT 2018
	|    Setup Duration =&gt; 0 ms
	|-----------------------------------------------------------------|


	||-------------------------------------------||
	||                R^1 METRICS                ||
	||-------------------------------------------||
	||    L -&gt; R:                                ||
	||            - Mean                         ||
	||            - Error                        ||
	||            - Variance                     ||
	||            - Standard Deviation           ||
	||-------------------------------------------||
	||  0.00263 |  0.79823 |  0.99999 |  1.00000 ||
	|| -0.00157 |  0.79694 |  1.00000 |  1.00000 ||
	||  0.00070 |  0.79765 |  1.00000 |  1.00000 ||
	||  0.00353 |  0.79810 |  0.99999 |  0.99999 ||
	||  0.00477 |  0.79698 |  0.99998 |  0.99999 ||
	|| -0.00744 |  0.79838 |  0.99994 |  0.99997 ||
	||  0.00398 |  0.79821 |  0.99998 |  0.99999 ||
	||  0.00053 |  0.79897 |  1.00000 |  1.00000 ||
	||  0.00039 |  0.79867 |  1.00000 |  1.00000 ||
	||-------------------------------------------||

	||------------------------------------------------------------------------------------------||
	||                                     INPUT CORRELATION                                    ||
	||------------------------------------------------------------------------------------------||
	||  1.00000 | 0.16100 | 0.24500 | 0.35200 | 0.25900 | 0.16600 | 0.00300 | 0.03800 | 0.11400 ||
	||  0.16100 | 1.00000 | 0.00000 | 0.00000 | 0.00000 | 0.00000 | 0.00000 | 0.00000 | 0.00000 ||
	||  0.24500 | 0.00000 | 1.00000 | 0.00000 | 0.00000 | 0.00000 | 0.00000 | 0.00000 | 0.00000 ||
	||  0.35200 | 0.00000 | 0.00000 | 1.00000 | 0.00000 | 0.00000 | 0.00000 | 0.00000 | 0.00000 ||
	||  0.25900 | 0.00000 | 0.00000 | 0.00000 | 1.00000 | 0.00000 | 0.00000 | 0.00000 | 0.00000 ||
	||  0.16600 | 0.00000 | 0.00000 | 0.00000 | 0.00000 | 1.00000 | 0.00000 | 0.00000 | 0.00000 ||
	||  0.00300 | 0.00000 | 0.00000 | 0.00000 | 0.00000 | 0.00000 | 1.00000 | 0.00000 | 0.00000 ||
	||  0.03800 | 0.00000 | 0.00000 | 0.00000 | 0.00000 | 0.00000 | 0.00000 | 1.00000 | 0.00000 ||
	||  0.11400 | 0.00000 | 0.00000 | 0.00000 | 0.00000 | 0.00000 | 0.00000 | 0.00000 | 1.00000 ||
	||------------------------------------------------------------------------------------------||

	||------------------------------------------------------------------------------------------||
	||                                    OUTPUT CORRELATION                                    ||
	||------------------------------------------------------------------------------------------||
	||  1.00000 | 0.16810 | 0.24099 | 0.36076 | 0.25697 | 0.16098 | 0.00239 | 0.03220 | 0.10896 ||
	||  0.16810 | 1.00000 | 0.00439 | 0.00248 | 0.00297 | 0.00351 | 0.00199 |-0.00149 | 0.00641 ||
	||  0.24099 | 0.00439 | 1.00000 | 0.00293 | 0.00136 |-0.00275 |-0.00543 | 0.00485 |-0.00182 ||
	||  0.36076 | 0.00248 | 0.00293 | 1.00000 |-0.00272 | 0.00466 |-0.00273 |-0.00223 |-0.00347 ||
	||  0.25697 | 0.00297 | 0.00136 |-0.00272 | 1.00000 | 0.00098 | 0.00439 |-0.00026 |-0.00480 ||
	||  0.16098 | 0.00351 |-0.00275 | 0.00466 | 0.00098 | 1.00000 |-0.00219 | 0.00311 |-0.00003 ||
	||  0.00239 | 0.00199 |-0.00543 |-0.00273 | 0.00439 |-0.00219 | 1.00000 |-0.00383 |-0.00091 ||
	||  0.03220 |-0.00149 | 0.00485 |-0.00223 |-0.00026 | 0.00311 |-0.00383 | 1.00000 |-0.00669 ||
	||  0.10896 | 0.00641 |-0.00182 |-0.00347 |-0.00480 |-0.00003 |-0.00091 |-0.00669 | 1.00000 ||
	||------------------------------------------------------------------------------------------||

	||------------------------------------------------------------------------------------------||
	||                                    OUTPUT COVARIANCE                                     ||
	||------------------------------------------------------------------------------------------||
	||  0.99999 | 0.16810 | 0.24099 | 0.36076 | 0.25697 | 0.16097 | 0.00239 | 0.03220 | 0.10896 ||
	||  0.16810 | 1.00000 | 0.00439 | 0.00248 | 0.00297 | 0.00351 | 0.00199 |-0.00149 | 0.00641 ||
	||  0.24099 | 0.00439 | 1.00000 | 0.00293 | 0.00136 |-0.00275 |-0.00543 | 0.00485 |-0.00182 ||
	||  0.36076 | 0.00248 | 0.00293 | 0.99999 |-0.00272 | 0.00466 |-0.00273 |-0.00223 |-0.00347 ||
	||  0.25697 | 0.00297 | 0.00136 |-0.00272 | 0.99998 | 0.00098 | 0.00439 |-0.00026 |-0.00480 ||
	||  0.16097 | 0.00351 |-0.00275 | 0.00466 | 0.00098 | 0.99994 |-0.00219 | 0.00311 |-0.00003 ||
	||  0.00239 | 0.00199 |-0.00543 |-0.00273 | 0.00439 |-0.00219 | 0.99998 |-0.00383 |-0.00091 ||
	||  0.03220 |-0.00149 | 0.00485 |-0.00223 |-0.00026 | 0.00311 |-0.00383 | 1.00000 |-0.00669 ||
	||  0.10896 | 0.00641 |-0.00182 |-0.00347 |-0.00480 |-0.00003 |-0.00091 |-0.00669 | 1.00000 ||
	||------------------------------------------------------------------------------------------||


	|-----------------------------------------------------------------|
	|    Copyright (C) 2011-2018 (DRIP)
	|-----------------------------------------------------------------|
	|    Build Version  =&gt; 3.61.0 multi mode
	|    Build JVM (TM) =&gt; 1.8.0_112
	|    Build Snap     =&gt; Thu Jul 11 14:57:02 EST 2018
	|    Start Time     =&gt; Wed Jul 11 15:33:38 EDT 2018
	|    Setup Time     =&gt; Wed Jul 11 15:33:38 EDT 2018
	|    Setup Duration =&gt; 0 ms
	|-----------------------------------------------------------------|


	||-------------------------------------------||
	||                R^1 METRICS                ||
	||-------------------------------------------||
	||    L -&gt; R:                                ||
	||            - Mean                         ||
	||            - Error                        ||
	||            - Variance                     ||
	||            - Standard Deviation           ||
	||-------------------------------------------||
	|| -0.00140 |  0.79686 |  0.99998 |  0.99999 ||
	||  0.00378 |  0.79743 |  0.99997 |  0.99998 ||
	||  0.00199 |  0.79807 |  0.99998 |  0.99999 ||
	|| -0.00590 |  0.79763 |  0.99995 |  0.99997 ||
	||  0.00430 |  0.79993 |  0.99996 |  0.99998 ||
	|| -0.00153 |  0.79874 |  0.99998 |  0.99999 ||
	|| -0.00195 |  0.80003 |  0.99998 |  0.99999 ||
	|| -0.00185 |  0.79844 |  0.99998 |  0.99999 ||
	||  0.00067 |  0.79757 |  0.99998 |  0.99999 ||
	||-------------------------------------------||

	||------------------------------------------------------------------------------------------||
	||                                     INPUT CORRELATION                                    ||
	||------------------------------------------------------------------------------------------||
	||  1.00000 | 0.16100 | 0.24500 | 0.35200 | 0.25900 | 0.16600 | 0.00300 | 0.03800 | 0.11400 ||
	||  0.16100 | 1.00000 | 0.00000 | 0.00000 | 0.00000 | 0.00000 | 0.00000 | 0.00000 | 0.00000 ||
	||  0.24500 | 0.00000 | 1.00000 | 0.00000 | 0.00000 | 0.00000 | 0.00000 | 0.00000 | 0.00000 ||
	||  0.35200 | 0.00000 | 0.00000 | 1.00000 | 0.00000 | 0.00000 | 0.00000 | 0.00000 | 0.00000 ||
	||  0.25900 | 0.00000 | 0.00000 | 0.00000 | 1.00000 | 0.00000 | 0.00000 | 0.00000 | 0.00000 ||
	||  0.16600 | 0.00000 | 0.00000 | 0.00000 | 0.00000 | 1.00000 | 0.00000 | 0.00000 | 0.00000 ||
	||  0.00300 | 0.00000 | 0.00000 | 0.00000 | 0.00000 | 0.00000 | 1.00000 | 0.00000 | 0.00000 ||
	||  0.03800 | 0.00000 | 0.00000 | 0.00000 | 0.00000 | 0.00000 | 0.00000 | 1.00000 | 0.00000 ||
	||  0.11400 | 0.00000 | 0.00000 | 0.00000 | 0.00000 | 0.00000 | 0.00000 | 0.00000 | 1.00000 ||
	||------------------------------------------------------------------------------------------||

	||------------------------------------------------------------------------------------------||
	||                                    OUTPUT CORRELATION                                    ||
	||------------------------------------------------------------------------------------------||
	||  1.00000 | 0.15920 | 0.24149 | 0.35163 | 0.25213 | 0.17113 | 0.00364 | 0.04047 | 0.11911 ||
	||  0.15920 | 1.00000 |-0.00244 |-0.00672 | 0.00674 |-0.00369 | 0.00367 | 0.00478 |-0.00827 ||
	||  0.24149 |-0.00244 | 1.00000 | 0.00052 |-0.00306 |-0.00137 | 0.00313 | 0.00391 | 0.00044 ||
	||  0.35163 |-0.00672 | 0.00052 | 1.00000 | 0.00601 | 0.00746 |-0.00804 |-0.00083 | 0.00041 ||
	||  0.25213 | 0.00674 |-0.00306 | 0.00601 | 1.00000 | 0.00304 |-0.00501 | 0.00327 |-0.00500 ||
	||  0.17113 |-0.00369 |-0.00137 | 0.00746 | 0.00304 | 1.00000 | 0.00045 | 0.00766 | 0.00581 ||
	||  0.00364 | 0.00367 | 0.00313 |-0.00804 |-0.00501 | 0.00045 | 1.00000 | 0.00414 | 0.01089 ||
	||  0.04047 | 0.00478 | 0.00391 |-0.00083 | 0.00327 | 0.00766 | 0.00414 | 1.00000 |-0.00103 ||
	||  0.11911 |-0.00827 | 0.00044 | 0.00041 |-0.00500 | 0.00581 | 0.01089 |-0.00103 | 1.00000 ||
	||------------------------------------------------------------------------------------------||

	||------------------------------------------------------------------------------------------||
	||                                    OUTPUT COVARIANCE                                     ||
	||------------------------------------------------------------------------------------------||
	||  0.99998 | 0.15920 | 0.24148 | 0.35162 | 0.25212 | 0.17113 | 0.00364 | 0.04047 | 0.11911 ||
	||  0.15920 | 0.99997 |-0.00244 |-0.00672 | 0.00674 |-0.00369 | 0.00367 | 0.00478 |-0.00827 ||
	||  0.24148 |-0.00244 | 0.99998 | 0.00052 |-0.00306 |-0.00137 | 0.00313 | 0.00391 | 0.00044 ||
	||  0.35162 |-0.00672 | 0.00052 | 0.99995 | 0.00601 | 0.00746 |-0.00804 |-0.00083 | 0.00041 ||
	||  0.25212 | 0.00674 |-0.00306 | 0.00601 | 0.99996 | 0.00304 |-0.00501 | 0.00327 |-0.00500 ||
	||  0.17113 |-0.00369 |-0.00137 | 0.00746 | 0.00304 | 0.99998 | 0.00045 | 0.00766 | 0.00581 ||
	||  0.00364 | 0.00367 | 0.00313 |-0.00804 |-0.00501 | 0.00045 | 0.99998 | 0.00414 | 0.01089 ||
	||  0.04047 | 0.00478 | 0.00391 |-0.00083 | 0.00327 | 0.00766 | 0.00414 | 0.99998 |-0.00103 ||
	||  0.11911 |-0.00827 | 0.00044 | 0.00041 |-0.00500 | 0.00581 | 0.01089 |-0.00103 | 0.99998 ||
	||------------------------------------------------------------------------------------------||

</pre>
</span>
</div>
</div>
<div id="footer">
<p>
<div>
<label class="hidden" id="label-for-line-wrapping-toggle" for="line-wrapping-toggle">Wrap lines
<input id="line-wrapping-toggle" type="checkbox" autocomplete="off"/>
</label>
</div>Generated by 
<a href="http://www.gradle.org">Gradle 3.5</a> at Jul 11, 2018 4:00:22 PM</p>
</div>
</div>
</body>
</html>
