<!DOCTYPE html>
<html>
<head>
<meta http-equiv="Content-Type" content="text/html; charset=utf-8"/>
<meta http-equiv="x-ua-compatible" content="IE=edge"/>
<title>Test results - Class org.drip.coverage.sequence.Statistics</title>
<link href="../css/base-style.css" rel="stylesheet" type="text/css"/>
<link href="../css/style.css" rel="stylesheet" type="text/css"/>
<script src="../js/report.js" type="text/javascript"></script>
</head>
<body>
<div id="content">
<h1>Class org.drip.coverage.sequence.Statistics</h1>
<div class="breadcrumbs">
<a href="../index.html">all</a> &gt; 
<a href="../packages/org.drip.coverage.sequence.html">org.drip.coverage.sequence</a> &gt; Statistics</div>
<div id="summary">
<table>
<tr>
<td>
<div class="summaryGroup">
<table>
<tr>
<td>
<div class="infoBox" id="tests">
<div class="counter">1</div>
<p>tests</p>
</div>
</td>
<td>
<div class="infoBox" id="failures">
<div class="counter">0</div>
<p>failures</p>
</div>
</td>
<td>
<div class="infoBox" id="ignored">
<div class="counter">0</div>
<p>ignored</p>
</div>
</td>
<td>
<div class="infoBox" id="duration">
<div class="counter">10.809s</div>
<p>duration</p>
</div>
</td>
</tr>
</table>
</div>
</td>
<td>
<div class="infoBox success" id="successRate">
<div class="percent">100%</div>
<p>successful</p>
</div>
</td>
</tr>
</table>
</div>
<div id="tabs">
<ul class="tabLinks">
<li>
<a href="#tab0">Tests</a>
</li>
<li>
<a href="#tab1">Standard output</a>
</li>
</ul>
<div id="tab0" class="tab">
<h2>Tests</h2>
<table>
<thead>
<tr>
<th>Test</th>
<th>Duration</th>
<th>Result</th>
</tr>
</thead>
<tr>
<td class="success">codeCoverageTest</td>
<td>10.809s</td>
<td class="success">passed</td>
</tr>
</table>
</div>
<div id="tab1" class="tab">
<h2>Standard output</h2>
<span class="code">
<pre>
	|-----------------------------------------------------------------|
	|    Copyright (C) 2011-2018 (DRIP)
	|-----------------------------------------------------------------|
	|    Build Version  =&gt; 3.77.0 multi mode
	|    Build JVM (TM) =&gt; 1.8.0_112
	|    Build Snap     =&gt; Wed Oct 03 23:30:03 EST 2018
	|    Start Time     =&gt; Thu Oct 04 00:06:48 EDT 2018
	|    Setup Time     =&gt; Thu Oct 04 00:06:48 EDT 2018
	|    Setup Duration =&gt; 0 ms
	|-----------------------------------------------------------------|


	||-------------------------------------------||
	||                R^1 METRICS                ||
	||-------------------------------------------||
	||    L -&gt; R:                                ||
	||            - Mean                         ||
	||            - Error                        ||
	||            - Variance                     ||
	||            - Standard Deviation           ||
	||-------------------------------------------||
	||  0.00164 |  0.79695 |  0.99644 |  0.99822 ||
	|| -0.00268 |  0.80150 |  1.00746 |  1.00372 ||
	|| -0.00328 |  0.79728 |  0.99914 |  0.99957 ||
	|| -0.00005 |  0.79747 |  0.99723 |  0.99861 ||
	||  0.00833 |  0.79499 |  0.99084 |  0.99541 ||
	||  0.00517 |  0.79543 |  0.99356 |  0.99677 ||
	||  0.00684 |  0.79512 |  0.99790 |  0.99895 ||
	||  0.00617 |  0.79825 |  1.00303 |  1.00152 ||
	||  0.00073 |  0.79845 |  1.00010 |  1.00005 ||
	||-------------------------------------------||

	||------------------------------------------------------------------------------------------||
	||                                     INPUT CORRELATION                                    ||
	||------------------------------------------------------------------------------------------||
	||  1.00000 | 0.16100 | 0.24500 | 0.35200 | 0.25900 | 0.16600 | 0.00300 | 0.03800 | 0.11400 ||
	||  0.16100 | 1.00000 | 0.00000 | 0.00000 | 0.00000 | 0.00000 | 0.00000 | 0.00000 | 0.00000 ||
	||  0.24500 | 0.00000 | 1.00000 | 0.00000 | 0.00000 | 0.00000 | 0.00000 | 0.00000 | 0.00000 ||
	||  0.35200 | 0.00000 | 0.00000 | 1.00000 | 0.00000 | 0.00000 | 0.00000 | 0.00000 | 0.00000 ||
	||  0.25900 | 0.00000 | 0.00000 | 0.00000 | 1.00000 | 0.00000 | 0.00000 | 0.00000 | 0.00000 ||
	||  0.16600 | 0.00000 | 0.00000 | 0.00000 | 0.00000 | 1.00000 | 0.00000 | 0.00000 | 0.00000 ||
	||  0.00300 | 0.00000 | 0.00000 | 0.00000 | 0.00000 | 0.00000 | 1.00000 | 0.00000 | 0.00000 ||
	||  0.03800 | 0.00000 | 0.00000 | 0.00000 | 0.00000 | 0.00000 | 0.00000 | 1.00000 | 0.00000 ||
	||  0.11400 | 0.00000 | 0.00000 | 0.00000 | 0.00000 | 0.00000 | 0.00000 | 0.00000 | 1.00000 ||
	||------------------------------------------------------------------------------------------||

	||------------------------------------------------------------------------------------------||
	||                                    OUTPUT CORRELATION                                    ||
	||------------------------------------------------------------------------------------------||
	||  1.00000 | 0.15985 | 0.23966 | 0.35513 | 0.25906 | 0.16185 | 0.00393 | 0.03418 | 0.11601 ||
	||  0.15985 | 1.00000 |-0.00422 | 0.00687 |-0.00232 |-0.00476 |-0.00052 |-0.00784 |-0.00595 ||
	||  0.23966 |-0.00422 | 1.00000 |-0.00220 |-0.00004 |-0.00190 | 0.00090 | 0.00128 |-0.00246 ||
	||  0.35513 | 0.00687 |-0.00220 | 1.00000 | 0.00668 | 0.00365 |-0.00038 | 0.00044 | 0.00145 ||
	||  0.25906 |-0.00232 |-0.00004 | 0.00668 | 1.00000 |-0.00103 | 0.00553 | 0.00142 |-0.00040 ||
	||  0.16185 |-0.00476 |-0.00190 | 0.00365 |-0.00103 | 1.00000 |-0.00602 | 0.00197 | 0.00102 ||
	||  0.00393 |-0.00052 | 0.00090 |-0.00038 | 0.00553 |-0.00602 | 1.00000 |-0.00866 |-0.00438 ||
	||  0.03418 |-0.00784 | 0.00128 | 0.00044 | 0.00142 | 0.00197 |-0.00866 | 1.00000 |-0.00210 ||
	||  0.11601 |-0.00595 |-0.00246 | 0.00145 |-0.00040 | 0.00102 |-0.00438 |-0.00210 | 1.00000 ||
	||------------------------------------------------------------------------------------------||

	||------------------------------------------------------------------------------------------||
	||                                    OUTPUT COVARIANCE                                     ||
	||------------------------------------------------------------------------------------------||
	||  0.99644 | 0.16016 | 0.23914 | 0.35401 | 0.25741 | 0.16104 | 0.00392 | 0.03417 | 0.11581 ||
	||  0.16016 | 1.00746 |-0.00423 | 0.00689 |-0.00232 |-0.00476 |-0.00052 |-0.00788 |-0.00598 ||
	||  0.23914 |-0.00423 | 0.99914 |-0.00219 |-0.00004 |-0.00189 | 0.00090 | 0.00128 |-0.00246 ||
	||  0.35401 | 0.00689 |-0.00219 | 0.99723 | 0.00664 | 0.00363 |-0.00038 | 0.00044 | 0.00145 ||
	||  0.25741 |-0.00232 |-0.00004 | 0.00664 | 0.99084 |-0.00102 | 0.00550 | 0.00142 |-0.00039 ||
	||  0.16104 |-0.00476 |-0.00189 | 0.00363 |-0.00102 | 0.99356 |-0.00599 | 0.00196 | 0.00102 ||
	||  0.00392 |-0.00052 | 0.00090 |-0.00038 | 0.00550 |-0.00599 | 0.99790 |-0.00866 |-0.00438 ||
	||  0.03417 |-0.00788 | 0.00128 | 0.00044 | 0.00142 | 0.00196 |-0.00866 | 1.00303 |-0.00210 ||
	||  0.11581 |-0.00598 |-0.00246 | 0.00145 |-0.00039 | 0.00102 |-0.00438 |-0.00210 | 1.00010 ||
	||------------------------------------------------------------------------------------------||


	|-----------------------------------------------------------------|
	|    Copyright (C) 2011-2018 (DRIP)
	|-----------------------------------------------------------------|
	|    Build Version  =&gt; 3.77.0 multi mode
	|    Build JVM (TM) =&gt; 1.8.0_112
	|    Build Snap     =&gt; Wed Oct 03 23:30:03 EST 2018
	|    Start Time     =&gt; Thu Oct 04 00:06:51 EDT 2018
	|    Setup Time     =&gt; Thu Oct 04 00:06:51 EDT 2018
	|    Setup Duration =&gt; 0 ms
	|-----------------------------------------------------------------|


	||-------------------------------------------||
	||                R^1 METRICS                ||
	||-------------------------------------------||
	||    L -&gt; R:                                ||
	||            - Mean                         ||
	||            - Error                        ||
	||            - Variance                     ||
	||            - Standard Deviation           ||
	||-------------------------------------------||
	|| -0.00208 |  0.80123 |  1.00583 |  1.00291 ||
	|| -0.00122 |  0.80183 |  1.00873 |  1.00436 ||
	||  0.00685 |  0.80084 |  1.00382 |  1.00191 ||
	|| -0.00009 |  0.79802 |  0.99871 |  0.99935 ||
	|| -0.00331 |  0.79898 |  1.00259 |  1.00130 ||
	|| -0.00143 |  0.79838 |  0.99863 |  0.99932 ||
	||  0.00246 |  0.79741 |  1.00274 |  1.00137 ||
	|| -0.00015 |  0.79535 |  0.99598 |  0.99799 ||
	||  0.00031 |  0.79878 |  1.00246 |  1.00123 ||
	||-------------------------------------------||

	||------------------------------------------------------------------------------------------||
	||                                     INPUT CORRELATION                                    ||
	||------------------------------------------------------------------------------------------||
	||  1.00000 | 0.16100 | 0.24500 | 0.35200 | 0.25900 | 0.16600 | 0.00300 | 0.03800 | 0.11400 ||
	||  0.16100 | 1.00000 | 0.00000 | 0.00000 | 0.00000 | 0.00000 | 0.00000 | 0.00000 | 0.00000 ||
	||  0.24500 | 0.00000 | 1.00000 | 0.00000 | 0.00000 | 0.00000 | 0.00000 | 0.00000 | 0.00000 ||
	||  0.35200 | 0.00000 | 0.00000 | 1.00000 | 0.00000 | 0.00000 | 0.00000 | 0.00000 | 0.00000 ||
	||  0.25900 | 0.00000 | 0.00000 | 0.00000 | 1.00000 | 0.00000 | 0.00000 | 0.00000 | 0.00000 ||
	||  0.16600 | 0.00000 | 0.00000 | 0.00000 | 0.00000 | 1.00000 | 0.00000 | 0.00000 | 0.00000 ||
	||  0.00300 | 0.00000 | 0.00000 | 0.00000 | 0.00000 | 0.00000 | 1.00000 | 0.00000 | 0.00000 ||
	||  0.03800 | 0.00000 | 0.00000 | 0.00000 | 0.00000 | 0.00000 | 0.00000 | 1.00000 | 0.00000 ||
	||  0.11400 | 0.00000 | 0.00000 | 0.00000 | 0.00000 | 0.00000 | 0.00000 | 0.00000 | 1.00000 ||
	||------------------------------------------------------------------------------------------||

	||------------------------------------------------------------------------------------------||
	||                                    OUTPUT CORRELATION                                    ||
	||------------------------------------------------------------------------------------------||
	||  1.00000 | 0.15955 | 0.24970 | 0.35376 | 0.26097 | 0.17271 | 0.00855 | 0.03957 | 0.11376 ||
	||  0.15955 | 1.00000 |-0.00235 | 0.00371 |-0.00024 |-0.00116 |-0.00168 | 0.00396 | 0.00007 ||
	||  0.24970 |-0.00235 | 1.00000 | 0.00046 | 0.00005 | 0.00937 | 0.00375 | 0.00831 |-0.00109 ||
	||  0.35376 | 0.00371 | 0.00046 | 1.00000 | 0.00187 |-0.00492 | 0.00595 |-0.00613 |-0.00612 ||
	||  0.26097 |-0.00024 | 0.00005 | 0.00187 | 1.00000 | 0.00120 |-0.00174 |-0.00304 |-0.00302 ||
	||  0.17271 |-0.00116 | 0.00937 |-0.00492 | 0.00120 | 1.00000 |-0.00113 | 0.00347 | 0.00334 ||
	||  0.00855 |-0.00168 | 0.00375 | 0.00595 |-0.00174 |-0.00113 | 1.00000 | 0.00342 |-0.00675 ||
	||  0.03957 | 0.00396 | 0.00831 |-0.00613 |-0.00304 | 0.00347 | 0.00342 | 1.00000 |-0.00083 ||
	||  0.11376 | 0.00007 |-0.00109 |-0.00612 |-0.00302 | 0.00334 |-0.00675 |-0.00083 | 1.00000 ||
	||------------------------------------------------------------------------------------------||

	||------------------------------------------------------------------------------------------||
	||                                    OUTPUT COVARIANCE                                     ||
	||------------------------------------------------------------------------------------------||
	||  1.00583 | 0.16071 | 0.25091 | 0.35456 | 0.26207 | 0.17310 | 0.00859 | 0.03960 | 0.11423 ||
	||  0.16071 | 1.00873 |-0.00236 | 0.00372 |-0.00024 |-0.00116 |-0.00169 | 0.00396 | 0.00007 ||
	||  0.25091 |-0.00236 | 1.00382 | 0.00046 | 0.00005 | 0.00938 | 0.00376 | 0.00831 |-0.00109 ||
	||  0.35456 | 0.00372 | 0.00046 | 0.99871 | 0.00187 |-0.00491 | 0.00595 |-0.00611 |-0.00612 ||
	||  0.26207 |-0.00024 | 0.00005 | 0.00187 | 1.00259 | 0.00120 |-0.00175 |-0.00304 |-0.00303 ||
	||  0.17310 |-0.00116 | 0.00938 |-0.00491 | 0.00120 | 0.99863 |-0.00113 | 0.00346 | 0.00334 ||
	||  0.00859 |-0.00169 | 0.00376 | 0.00595 |-0.00175 |-0.00113 | 1.00274 | 0.00342 |-0.00677 ||
	||  0.03960 | 0.00396 | 0.00831 |-0.00611 |-0.00304 | 0.00346 | 0.00342 | 0.99598 |-0.00082 ||
	||  0.11423 | 0.00007 |-0.00109 |-0.00612 |-0.00303 | 0.00334 |-0.00677 |-0.00082 | 1.00246 ||
	||------------------------------------------------------------------------------------------||


	|-----------------------------------------------------------------|
	|    Copyright (C) 2011-2018 (DRIP)
	|-----------------------------------------------------------------|
	|    Build Version  =&gt; 3.77.0 multi mode
	|    Build JVM (TM) =&gt; 1.8.0_112
	|    Build Snap     =&gt; Wed Oct 03 23:30:03 EST 2018
	|    Start Time     =&gt; Thu Oct 04 00:06:53 EDT 2018
	|    Setup Time     =&gt; Thu Oct 04 00:06:53 EDT 2018
	|    Setup Duration =&gt; 0 ms
	|-----------------------------------------------------------------|


	||-------------------------------------------||
	||                R^1 METRICS                ||
	||-------------------------------------------||
	||    L -&gt; R:                                ||
	||            - Mean                         ||
	||            - Error                        ||
	||            - Variance                     ||
	||            - Standard Deviation           ||
	||-------------------------------------------||
	||  0.00122 |  0.79746 |  1.00000 |  1.00000 ||
	||  0.00136 |  0.79623 |  1.00000 |  1.00000 ||
	|| -0.00044 |  0.79936 |  1.00000 |  1.00000 ||
	||  0.00038 |  0.79856 |  1.00000 |  1.00000 ||
	||  0.00525 |  0.79676 |  0.99997 |  0.99999 ||
	||  0.00503 |  0.79728 |  0.99997 |  0.99999 ||
	||  0.00424 |  0.79864 |  0.99998 |  0.99999 ||
	|| -0.00079 |  0.79889 |  1.00000 |  1.00000 ||
	|| -0.00295 |  0.79781 |  0.99999 |  1.00000 ||
	||-------------------------------------------||

	||------------------------------------------------------------------------------------------||
	||                                     INPUT CORRELATION                                    ||
	||------------------------------------------------------------------------------------------||
	||  1.00000 | 0.16100 | 0.24500 | 0.35200 | 0.25900 | 0.16600 | 0.00300 | 0.03800 | 0.11400 ||
	||  0.16100 | 1.00000 | 0.00000 | 0.00000 | 0.00000 | 0.00000 | 0.00000 | 0.00000 | 0.00000 ||
	||  0.24500 | 0.00000 | 1.00000 | 0.00000 | 0.00000 | 0.00000 | 0.00000 | 0.00000 | 0.00000 ||
	||  0.35200 | 0.00000 | 0.00000 | 1.00000 | 0.00000 | 0.00000 | 0.00000 | 0.00000 | 0.00000 ||
	||  0.25900 | 0.00000 | 0.00000 | 0.00000 | 1.00000 | 0.00000 | 0.00000 | 0.00000 | 0.00000 ||
	||  0.16600 | 0.00000 | 0.00000 | 0.00000 | 0.00000 | 1.00000 | 0.00000 | 0.00000 | 0.00000 ||
	||  0.00300 | 0.00000 | 0.00000 | 0.00000 | 0.00000 | 0.00000 | 1.00000 | 0.00000 | 0.00000 ||
	||  0.03800 | 0.00000 | 0.00000 | 0.00000 | 0.00000 | 0.00000 | 0.00000 | 1.00000 | 0.00000 ||
	||  0.11400 | 0.00000 | 0.00000 | 0.00000 | 0.00000 | 0.00000 | 0.00000 | 0.00000 | 1.00000 ||
	||------------------------------------------------------------------------------------------||

	||------------------------------------------------------------------------------------------||
	||                                    OUTPUT CORRELATION                                    ||
	||------------------------------------------------------------------------------------------||
	||  1.00000 | 0.15908 | 0.24425 | 0.35045 | 0.25850 | 0.16172 | 0.00596 | 0.03300 | 0.11463 ||
	||  0.15908 | 1.00000 | 0.00540 |-0.00690 | 0.00510 |-0.00056 | 0.00254 |-0.00040 | 0.00460 ||
	||  0.24425 | 0.00540 | 1.00000 | 0.00788 |-0.00103 |-0.00398 | 0.00027 |-0.00827 | 0.00494 ||
	||  0.35045 |-0.00690 | 0.00788 | 1.00000 |-0.00202 |-0.00157 | 0.00137 |-0.00304 | 0.00014 ||
	||  0.25850 | 0.00510 |-0.00103 |-0.00202 | 1.00000 | 0.00356 |-0.00509 | 0.00197 | 0.00716 ||
	||  0.16172 |-0.00056 |-0.00398 |-0.00157 | 0.00356 | 1.00000 | 0.00156 | 0.00770 |-0.00078 ||
	||  0.00596 | 0.00254 | 0.00027 | 0.00137 |-0.00509 | 0.00156 | 1.00000 |-0.00315 | 0.00451 ||
	||  0.03300 |-0.00040 |-0.00827 |-0.00304 | 0.00197 | 0.00770 |-0.00315 | 1.00000 |-0.00322 ||
	||  0.11463 | 0.00460 | 0.00494 | 0.00014 | 0.00716 |-0.00078 | 0.00451 |-0.00322 | 1.00000 ||
	||------------------------------------------------------------------------------------------||

	||------------------------------------------------------------------------------------------||
	||                                    OUTPUT COVARIANCE                                     ||
	||------------------------------------------------------------------------------------------||
	||  1.00000 | 0.15908 | 0.24425 | 0.35045 | 0.25849 | 0.16171 | 0.00596 | 0.03300 | 0.11463 ||
	||  0.15908 | 1.00000 | 0.00540 |-0.00690 | 0.00510 |-0.00056 | 0.00254 |-0.00040 | 0.00460 ||
	||  0.24425 | 0.00540 | 1.00000 | 0.00788 |-0.00103 |-0.00398 | 0.00027 |-0.00827 | 0.00494 ||
	||  0.35045 |-0.00690 | 0.00788 | 1.00000 |-0.00202 |-0.00157 | 0.00137 |-0.00304 | 0.00014 ||
	||  0.25849 | 0.00510 |-0.00103 |-0.00202 | 0.99997 | 0.00356 |-0.00509 | 0.00197 | 0.00716 ||
	||  0.16171 |-0.00056 |-0.00398 |-0.00157 | 0.00356 | 0.99997 | 0.00156 | 0.00770 |-0.00078 ||
	||  0.00596 | 0.00254 | 0.00027 | 0.00137 |-0.00509 | 0.00156 | 0.99998 |-0.00315 | 0.00451 ||
	||  0.03300 |-0.00040 |-0.00827 |-0.00304 | 0.00197 | 0.00770 |-0.00315 | 1.00000 |-0.00322 ||
	||  0.11463 | 0.00460 | 0.00494 | 0.00014 | 0.00716 |-0.00078 | 0.00451 |-0.00322 | 0.99999 ||
	||------------------------------------------------------------------------------------------||


	|-----------------------------------------------------------------|
	|    Copyright (C) 2011-2018 (DRIP)
	|-----------------------------------------------------------------|
	|    Build Version  =&gt; 3.77.0 multi mode
	|    Build JVM (TM) =&gt; 1.8.0_112
	|    Build Snap     =&gt; Wed Oct 03 23:30:03 EST 2018
	|    Start Time     =&gt; Thu Oct 04 00:06:56 EDT 2018
	|    Setup Time     =&gt; Thu Oct 04 00:06:56 EDT 2018
	|    Setup Duration =&gt; 0 ms
	|-----------------------------------------------------------------|


	||-------------------------------------------||
	||                R^1 METRICS                ||
	||-------------------------------------------||
	||    L -&gt; R:                                ||
	||            - Mean                         ||
	||            - Error                        ||
	||            - Variance                     ||
	||            - Standard Deviation           ||
	||-------------------------------------------||
	|| -0.00276 |  0.79828 |  0.99997 |  0.99999 ||
	||  0.01125 |  0.79807 |  0.99985 |  0.99993 ||
	||  0.00232 |  0.79579 |  0.99997 |  0.99999 ||
	|| -0.00310 |  0.79820 |  0.99997 |  0.99999 ||
	|| -0.00069 |  0.79834 |  0.99998 |  0.99999 ||
	|| -0.00213 |  0.79832 |  0.99998 |  0.99999 ||
	||  0.00940 |  0.79911 |  0.99989 |  0.99995 ||
	||  0.00244 |  0.79847 |  0.99997 |  0.99999 ||
	|| -0.00132 |  0.79819 |  0.99998 |  0.99999 ||
	||-------------------------------------------||

	||------------------------------------------------------------------------------------------||
	||                                     INPUT CORRELATION                                    ||
	||------------------------------------------------------------------------------------------||
	||  1.00000 | 0.16100 | 0.24500 | 0.35200 | 0.25900 | 0.16600 | 0.00300 | 0.03800 | 0.11400 ||
	||  0.16100 | 1.00000 | 0.00000 | 0.00000 | 0.00000 | 0.00000 | 0.00000 | 0.00000 | 0.00000 ||
	||  0.24500 | 0.00000 | 1.00000 | 0.00000 | 0.00000 | 0.00000 | 0.00000 | 0.00000 | 0.00000 ||
	||  0.35200 | 0.00000 | 0.00000 | 1.00000 | 0.00000 | 0.00000 | 0.00000 | 0.00000 | 0.00000 ||
	||  0.25900 | 0.00000 | 0.00000 | 0.00000 | 1.00000 | 0.00000 | 0.00000 | 0.00000 | 0.00000 ||
	||  0.16600 | 0.00000 | 0.00000 | 0.00000 | 0.00000 | 1.00000 | 0.00000 | 0.00000 | 0.00000 ||
	||  0.00300 | 0.00000 | 0.00000 | 0.00000 | 0.00000 | 0.00000 | 1.00000 | 0.00000 | 0.00000 ||
	||  0.03800 | 0.00000 | 0.00000 | 0.00000 | 0.00000 | 0.00000 | 0.00000 | 1.00000 | 0.00000 ||
	||  0.11400 | 0.00000 | 0.00000 | 0.00000 | 0.00000 | 0.00000 | 0.00000 | 0.00000 | 1.00000 ||
	||------------------------------------------------------------------------------------------||

	||------------------------------------------------------------------------------------------||
	||                                    OUTPUT CORRELATION                                    ||
	||------------------------------------------------------------------------------------------||
	||  1.00000 | 0.16713 | 0.25115 | 0.36099 | 0.26524 | 0.17435 | 0.00489 | 0.04533 | 0.11201 ||
	||  0.16713 | 1.00000 |-0.00673 | 0.01324 | 0.00084 | 0.00072 | 0.00614 | 0.00559 | 0.00583 ||
	||  0.25115 |-0.00673 | 1.00000 |-0.00021 | 0.00091 | 0.00528 | 0.00708 | 0.00302 | 0.00412 ||
	||  0.36099 | 0.01324 |-0.00021 | 1.00000 | 0.00483 | 0.00610 | 0.00079 | 0.00117 |-0.00471 ||
	||  0.26524 | 0.00084 | 0.00091 | 0.00483 | 1.00000 | 0.00211 |-0.00135 | 0.00753 |-0.00255 ||
	||  0.17435 | 0.00072 | 0.00528 | 0.00610 | 0.00211 | 1.00000 |-0.00268 |-0.00666 | 0.00843 ||
	||  0.00489 | 0.00614 | 0.00708 | 0.00079 |-0.00135 |-0.00268 | 1.00000 | 0.00233 | 0.00672 ||
	||  0.04533 | 0.00559 | 0.00302 | 0.00117 | 0.00753 |-0.00666 | 0.00233 | 1.00000 | 0.00238 ||
	||  0.11201 | 0.00583 | 0.00412 |-0.00471 |-0.00255 | 0.00843 | 0.00672 | 0.00238 | 1.00000 ||
	||------------------------------------------------------------------------------------------||

	||------------------------------------------------------------------------------------------||
	||                                    OUTPUT COVARIANCE                                     ||
	||------------------------------------------------------------------------------------------||
	||  0.99997 | 0.16712 | 0.25114 | 0.36098 | 0.26523 | 0.17435 | 0.00489 | 0.04533 | 0.11200 ||
	||  0.16712 | 0.99985 |-0.00673 | 0.01324 | 0.00084 | 0.00072 | 0.00613 | 0.00559 | 0.00583 ||
	||  0.25114 |-0.00673 | 0.99997 |-0.00021 | 0.00091 | 0.00528 | 0.00708 | 0.00302 | 0.00412 ||
	||  0.36098 | 0.01324 |-0.00021 | 0.99997 | 0.00483 | 0.00610 | 0.00079 | 0.00117 |-0.00471 ||
	||  0.26523 | 0.00084 | 0.00091 | 0.00483 | 0.99998 | 0.00211 |-0.00135 | 0.00753 |-0.00255 ||
	||  0.17435 | 0.00072 | 0.00528 | 0.00610 | 0.00211 | 0.99998 |-0.00268 |-0.00666 | 0.00843 ||
	||  0.00489 | 0.00613 | 0.00708 | 0.00079 |-0.00135 |-0.00268 | 0.99989 | 0.00233 | 0.00672 ||
	||  0.04533 | 0.00559 | 0.00302 | 0.00117 | 0.00753 |-0.00666 | 0.00233 | 0.99997 | 0.00238 ||
	||  0.11200 | 0.00583 | 0.00412 |-0.00471 |-0.00255 | 0.00843 | 0.00672 | 0.00238 | 0.99998 ||
	||------------------------------------------------------------------------------------------||

</pre>
</span>
</div>
</div>
<div id="footer">
<p>
<div>
<label class="hidden" id="label-for-line-wrapping-toggle" for="line-wrapping-toggle">Wrap lines
<input id="line-wrapping-toggle" type="checkbox" autocomplete="off"/>
</label>
</div>Generated by 
<a href="http://www.gradle.org">Gradle 3.5</a> at Oct 4, 2018 12:35:40 AM</p>
</div>
</div>
</body>
</html>
