<!DOCTYPE html>
<html>
<head>
<meta http-equiv="Content-Type" content="text/html; charset=utf-8"/>
<meta http-equiv="x-ua-compatible" content="IE=edge"/>
<title>Test results - Class org.drip.coverage.sequence.Statistics</title>
<link href="../css/base-style.css" rel="stylesheet" type="text/css"/>
<link href="../css/style.css" rel="stylesheet" type="text/css"/>
<script src="../js/report.js" type="text/javascript"></script>
</head>
<body>
<div id="content">
<h1>Class org.drip.coverage.sequence.Statistics</h1>
<div class="breadcrumbs">
<a href="../index.html">all</a> &gt; 
<a href="../packages/org.drip.coverage.sequence.html">org.drip.coverage.sequence</a> &gt; Statistics</div>
<div id="summary">
<table>
<tr>
<td>
<div class="summaryGroup">
<table>
<tr>
<td>
<div class="infoBox" id="tests">
<div class="counter">1</div>
<p>tests</p>
</div>
</td>
<td>
<div class="infoBox" id="failures">
<div class="counter">0</div>
<p>failures</p>
</div>
</td>
<td>
<div class="infoBox" id="ignored">
<div class="counter">0</div>
<p>ignored</p>
</div>
</td>
<td>
<div class="infoBox" id="duration">
<div class="counter">9.681s</div>
<p>duration</p>
</div>
</td>
</tr>
</table>
</div>
</td>
<td>
<div class="infoBox success" id="successRate">
<div class="percent">100%</div>
<p>successful</p>
</div>
</td>
</tr>
</table>
</div>
<div id="tabs">
<ul class="tabLinks">
<li>
<a href="#tab0">Tests</a>
</li>
<li>
<a href="#tab1">Standard output</a>
</li>
</ul>
<div id="tab0" class="tab">
<h2>Tests</h2>
<table>
<thead>
<tr>
<th>Test</th>
<th>Duration</th>
<th>Result</th>
</tr>
</thead>
<tr>
<td class="success">codeCoverageTest</td>
<td>9.681s</td>
<td class="success">passed</td>
</tr>
</table>
</div>
<div id="tab1" class="tab">
<h2>Standard output</h2>
<span class="code">
<pre>
	|-----------------------------------------------------------------|
	|    Copyright (C) 2011-2018 (DRIP)
	|-----------------------------------------------------------------|
	|    Build Version  =&gt; 3.27.0 multi mode
	|    Build JVM (TM) =&gt; 1.8.0_112
	|    Build Snap     =&gt; Sat Jan 13 13:23:56 EST 2017
	|    Start Time     =&gt; Tue Jan 16 21:24:01 EST 2018
	|    Setup Time     =&gt; Tue Jan 16 21:24:01 EST 2018
	|    Setup Duration =&gt; 0 ms
	|-----------------------------------------------------------------|


	||-------------------------------------------||
	||                R^1 METRICS                ||
	||-------------------------------------------||
	||    L -&gt; R:                                ||
	||            - Mean                         ||
	||            - Error                        ||
	||            - Variance                     ||
	||            - Standard Deviation           ||
	||-------------------------------------------||
	|| -0.00318 |  0.79273 |  0.99223 |  0.99611 ||
	|| -0.00974 |  0.80243 |  1.01032 |  1.00514 ||
	||  0.01152 |  0.79685 |  0.99852 |  0.99926 ||
	||  0.00536 |  0.79709 |  0.99983 |  0.99992 ||
	|| -0.00250 |  0.79912 |  1.00789 |  1.00394 ||
	|| -0.00592 |  0.80295 |  1.00999 |  1.00498 ||
	|| -0.00196 |  0.80165 |  1.00781 |  1.00390 ||
	|| -0.00059 |  0.79990 |  1.00479 |  1.00239 ||
	|| -0.00110 |  0.79341 |  0.98885 |  0.99441 ||
	||-------------------------------------------||

	||------------------------------------------------------------------------------------------||
	||                                     INPUT CORRELATION                                    ||
	||------------------------------------------------------------------------------------------||
	||  1.00000 | 0.16100 | 0.24500 | 0.35200 | 0.25900 | 0.16600 | 0.00300 | 0.03800 | 0.11400 ||
	||  0.16100 | 1.00000 | 0.00000 | 0.00000 | 0.00000 | 0.00000 | 0.00000 | 0.00000 | 0.00000 ||
	||  0.24500 | 0.00000 | 1.00000 | 0.00000 | 0.00000 | 0.00000 | 0.00000 | 0.00000 | 0.00000 ||
	||  0.35200 | 0.00000 | 0.00000 | 1.00000 | 0.00000 | 0.00000 | 0.00000 | 0.00000 | 0.00000 ||
	||  0.25900 | 0.00000 | 0.00000 | 0.00000 | 1.00000 | 0.00000 | 0.00000 | 0.00000 | 0.00000 ||
	||  0.16600 | 0.00000 | 0.00000 | 0.00000 | 0.00000 | 1.00000 | 0.00000 | 0.00000 | 0.00000 ||
	||  0.00300 | 0.00000 | 0.00000 | 0.00000 | 0.00000 | 0.00000 | 1.00000 | 0.00000 | 0.00000 ||
	||  0.03800 | 0.00000 | 0.00000 | 0.00000 | 0.00000 | 0.00000 | 0.00000 | 1.00000 | 0.00000 ||
	||  0.11400 | 0.00000 | 0.00000 | 0.00000 | 0.00000 | 0.00000 | 0.00000 | 0.00000 | 1.00000 ||
	||------------------------------------------------------------------------------------------||

	||------------------------------------------------------------------------------------------||
	||                                    OUTPUT CORRELATION                                    ||
	||------------------------------------------------------------------------------------------||
	||  1.00000 | 0.16463 | 0.23900 | 0.35470 | 0.25783 | 0.15877 | 0.00333 | 0.03343 | 0.11304 ||
	||  0.16463 | 1.00000 | 0.00351 |-0.00213 |-0.00467 | 0.01061 | 0.00416 | 0.00066 | 0.00214 ||
	||  0.23900 | 0.00351 | 1.00000 |-0.00096 | 0.00299 |-0.00195 | 0.00515 |-0.00442 | 0.00263 ||
	||  0.35470 |-0.00213 |-0.00096 | 1.00000 | 0.00139 |-0.00218 |-0.01094 |-0.00484 | 0.00120 ||
	||  0.25783 |-0.00467 | 0.00299 | 0.00139 | 1.00000 |-0.00067 |-0.00012 |-0.00368 | 0.00335 ||
	||  0.15877 | 0.01061 |-0.00195 |-0.00218 |-0.00067 | 1.00000 |-0.00733 | 0.00266 |-0.00024 ||
	||  0.00333 | 0.00416 | 0.00515 |-0.01094 |-0.00012 |-0.00733 | 1.00000 |-0.00237 | 0.00264 ||
	||  0.03343 | 0.00066 |-0.00442 |-0.00484 |-0.00368 | 0.00266 |-0.00237 | 1.00000 |-0.00508 ||
	||  0.11304 | 0.00214 | 0.00263 | 0.00120 | 0.00335 |-0.00024 | 0.00264 |-0.00508 | 1.00000 ||
	||------------------------------------------------------------------------------------------||

	||------------------------------------------------------------------------------------------||
	||                                    OUTPUT COVARIANCE                                     ||
	||------------------------------------------------------------------------------------------||
	||  0.99223 | 0.16483 | 0.23789 | 0.35329 | 0.25784 | 0.15894 | 0.00333 | 0.03338 | 0.11197 ||
	||  0.16483 | 1.01032 | 0.00353 |-0.00214 |-0.00471 | 0.01072 | 0.00420 | 0.00066 | 0.00214 ||
	||  0.23789 | 0.00353 | 0.99852 |-0.00095 | 0.00300 |-0.00196 | 0.00517 |-0.00443 | 0.00261 ||
	||  0.35329 |-0.00214 |-0.00095 | 0.99983 | 0.00139 |-0.00219 |-0.01099 |-0.00485 | 0.00120 ||
	||  0.25784 |-0.00471 | 0.00300 | 0.00139 | 1.00789 |-0.00067 |-0.00012 |-0.00370 | 0.00335 ||
	||  0.15894 | 0.01072 |-0.00196 |-0.00219 |-0.00067 | 1.00999 |-0.00740 | 0.00268 |-0.00024 ||
	||  0.00333 | 0.00420 | 0.00517 |-0.01099 |-0.00012 |-0.00740 | 1.00781 |-0.00239 | 0.00264 ||
	||  0.03338 | 0.00066 |-0.00443 |-0.00485 |-0.00370 | 0.00268 |-0.00239 | 1.00479 |-0.00507 ||
	||  0.11197 | 0.00214 | 0.00261 | 0.00120 | 0.00335 |-0.00024 | 0.00264 |-0.00507 | 0.98885 ||
	||------------------------------------------------------------------------------------------||


	|-----------------------------------------------------------------|
	|    Copyright (C) 2011-2018 (DRIP)
	|-----------------------------------------------------------------|
	|    Build Version  =&gt; 3.27.0 multi mode
	|    Build JVM (TM) =&gt; 1.8.0_112
	|    Build Snap     =&gt; Sat Jan 13 13:23:56 EST 2017
	|    Start Time     =&gt; Tue Jan 16 21:24:04 EST 2018
	|    Setup Time     =&gt; Tue Jan 16 21:24:04 EST 2018
	|    Setup Duration =&gt; 0 ms
	|-----------------------------------------------------------------|


	||-------------------------------------------||
	||                R^1 METRICS                ||
	||-------------------------------------------||
	||    L -&gt; R:                                ||
	||            - Mean                         ||
	||            - Error                        ||
	||            - Variance                     ||
	||            - Standard Deviation           ||
	||-------------------------------------------||
	||  0.00867 |  0.79881 |  0.99878 |  0.99939 ||
	||  0.00029 |  0.79526 |  0.99546 |  0.99773 ||
	|| -0.00247 |  0.79958 |  1.00369 |  1.00184 ||
	|| -0.00314 |  0.79584 |  0.99432 |  0.99715 ||
	||  0.00495 |  0.80125 |  1.00880 |  1.00439 ||
	|| -0.00642 |  0.79590 |  0.99622 |  0.99811 ||
	|| -0.00602 |  0.79503 |  0.99142 |  0.99570 ||
	|| -0.00335 |  0.80322 |  1.01188 |  1.00592 ||
	||  0.00175 |  0.79956 |  1.00320 |  1.00160 ||
	||-------------------------------------------||

	||------------------------------------------------------------------------------------------||
	||                                     INPUT CORRELATION                                    ||
	||------------------------------------------------------------------------------------------||
	||  1.00000 | 0.16100 | 0.24500 | 0.35200 | 0.25900 | 0.16600 | 0.00300 | 0.03800 | 0.11400 ||
	||  0.16100 | 1.00000 | 0.00000 | 0.00000 | 0.00000 | 0.00000 | 0.00000 | 0.00000 | 0.00000 ||
	||  0.24500 | 0.00000 | 1.00000 | 0.00000 | 0.00000 | 0.00000 | 0.00000 | 0.00000 | 0.00000 ||
	||  0.35200 | 0.00000 | 0.00000 | 1.00000 | 0.00000 | 0.00000 | 0.00000 | 0.00000 | 0.00000 ||
	||  0.25900 | 0.00000 | 0.00000 | 0.00000 | 1.00000 | 0.00000 | 0.00000 | 0.00000 | 0.00000 ||
	||  0.16600 | 0.00000 | 0.00000 | 0.00000 | 0.00000 | 1.00000 | 0.00000 | 0.00000 | 0.00000 ||
	||  0.00300 | 0.00000 | 0.00000 | 0.00000 | 0.00000 | 0.00000 | 1.00000 | 0.00000 | 0.00000 ||
	||  0.03800 | 0.00000 | 0.00000 | 0.00000 | 0.00000 | 0.00000 | 0.00000 | 1.00000 | 0.00000 ||
	||  0.11400 | 0.00000 | 0.00000 | 0.00000 | 0.00000 | 0.00000 | 0.00000 | 0.00000 | 1.00000 ||
	||------------------------------------------------------------------------------------------||

	||------------------------------------------------------------------------------------------||
	||                                    OUTPUT CORRELATION                                    ||
	||------------------------------------------------------------------------------------------||
	||  1.00000 | 0.16045 | 0.23699 | 0.35189 | 0.26398 | 0.16331 | 0.00393 | 0.03616 | 0.11243 ||
	||  0.16045 | 1.00000 |-0.00633 |-0.00135 | 0.00137 | 0.00060 | 0.00271 | 0.00530 |-0.00793 ||
	||  0.23699 |-0.00633 | 1.00000 |-0.00338 | 0.00074 |-0.00502 | 0.00084 |-0.00224 |-0.00541 ||
	||  0.35189 |-0.00135 |-0.00338 | 1.00000 | 0.00385 |-0.00256 | 0.00408 |-0.00014 |-0.00569 ||
	||  0.26398 | 0.00137 | 0.00074 | 0.00385 | 1.00000 | 0.00045 |-0.00795 | 0.00506 | 0.00896 ||
	||  0.16331 | 0.00060 |-0.00502 |-0.00256 | 0.00045 | 1.00000 | 0.01145 | 0.00132 | 0.00478 ||
	||  0.00393 | 0.00271 | 0.00084 | 0.00408 |-0.00795 | 0.01145 | 1.00000 |-0.00307 | 0.00020 ||
	||  0.03616 | 0.00530 |-0.00224 |-0.00014 | 0.00506 | 0.00132 |-0.00307 | 1.00000 |-0.00117 ||
	||  0.11243 |-0.00793 |-0.00541 |-0.00569 | 0.00896 | 0.00478 | 0.00020 |-0.00117 | 1.00000 ||
	||------------------------------------------------------------------------------------------||

	||------------------------------------------------------------------------------------------||
	||                                    OUTPUT COVARIANCE                                     ||
	||------------------------------------------------------------------------------------------||
	||  0.99878 | 0.15999 | 0.23728 | 0.35067 | 0.26497 | 0.16290 | 0.00391 | 0.03635 | 0.11254 ||
	||  0.15999 | 0.99546 |-0.00632 |-0.00134 | 0.00137 | 0.00060 | 0.00269 | 0.00532 |-0.00793 ||
	||  0.23728 |-0.00632 | 1.00369 |-0.00337 | 0.00074 |-0.00502 | 0.00083 |-0.00225 |-0.00543 ||
	||  0.35067 |-0.00134 |-0.00337 | 0.99432 | 0.00385 |-0.00254 | 0.00405 |-0.00014 |-0.00568 ||
	||  0.26497 | 0.00137 | 0.00074 | 0.00385 | 1.00880 | 0.00046 |-0.00795 | 0.00511 | 0.00902 ||
	||  0.16290 | 0.00060 |-0.00502 |-0.00254 | 0.00046 | 0.99622 | 0.01138 | 0.00132 | 0.00478 ||
	||  0.00391 | 0.00269 | 0.00083 | 0.00405 |-0.00795 | 0.01138 | 0.99142 |-0.00308 | 0.00019 ||
	||  0.03635 | 0.00532 |-0.00225 |-0.00014 | 0.00511 | 0.00132 |-0.00308 | 1.01188 |-0.00118 ||
	||  0.11254 |-0.00793 |-0.00543 |-0.00568 | 0.00902 | 0.00478 | 0.00019 |-0.00118 | 1.00320 ||
	||------------------------------------------------------------------------------------------||


	|-----------------------------------------------------------------|
	|    Copyright (C) 2011-2018 (DRIP)
	|-----------------------------------------------------------------|
	|    Build Version  =&gt; 3.27.0 multi mode
	|    Build JVM (TM) =&gt; 1.8.0_112
	|    Build Snap     =&gt; Sat Jan 13 13:23:56 EST 2017
	|    Start Time     =&gt; Tue Jan 16 21:24:06 EST 2018
	|    Setup Time     =&gt; Tue Jan 16 21:24:06 EST 2018
	|    Setup Duration =&gt; 0 ms
	|-----------------------------------------------------------------|


	||-------------------------------------------||
	||                R^1 METRICS                ||
	||-------------------------------------------||
	||    L -&gt; R:                                ||
	||            - Mean                         ||
	||            - Error                        ||
	||            - Variance                     ||
	||            - Standard Deviation           ||
	||-------------------------------------------||
	||  0.00244 |  0.79759 |  0.99999 |  1.00000 ||
	||  0.00262 |  0.79674 |  0.99999 |  1.00000 ||
	|| -0.00052 |  0.79601 |  1.00000 |  1.00000 ||
	|| -0.00193 |  0.79766 |  1.00000 |  1.00000 ||
	|| -0.00027 |  0.79484 |  1.00000 |  1.00000 ||
	||  0.01127 |  0.79757 |  0.99987 |  0.99994 ||
	||  0.01023 |  0.79933 |  0.99990 |  0.99995 ||
	|| -0.00022 |  0.79741 |  1.00000 |  1.00000 ||
	||  0.00126 |  0.79746 |  1.00000 |  1.00000 ||
	||-------------------------------------------||

	||------------------------------------------------------------------------------------------||
	||                                     INPUT CORRELATION                                    ||
	||------------------------------------------------------------------------------------------||
	||  1.00000 | 0.16100 | 0.24500 | 0.35200 | 0.25900 | 0.16600 | 0.00300 | 0.03800 | 0.11400 ||
	||  0.16100 | 1.00000 | 0.00000 | 0.00000 | 0.00000 | 0.00000 | 0.00000 | 0.00000 | 0.00000 ||
	||  0.24500 | 0.00000 | 1.00000 | 0.00000 | 0.00000 | 0.00000 | 0.00000 | 0.00000 | 0.00000 ||
	||  0.35200 | 0.00000 | 0.00000 | 1.00000 | 0.00000 | 0.00000 | 0.00000 | 0.00000 | 0.00000 ||
	||  0.25900 | 0.00000 | 0.00000 | 0.00000 | 1.00000 | 0.00000 | 0.00000 | 0.00000 | 0.00000 ||
	||  0.16600 | 0.00000 | 0.00000 | 0.00000 | 0.00000 | 1.00000 | 0.00000 | 0.00000 | 0.00000 ||
	||  0.00300 | 0.00000 | 0.00000 | 0.00000 | 0.00000 | 0.00000 | 1.00000 | 0.00000 | 0.00000 ||
	||  0.03800 | 0.00000 | 0.00000 | 0.00000 | 0.00000 | 0.00000 | 0.00000 | 1.00000 | 0.00000 ||
	||  0.11400 | 0.00000 | 0.00000 | 0.00000 | 0.00000 | 0.00000 | 0.00000 | 0.00000 | 1.00000 ||
	||------------------------------------------------------------------------------------------||

	||------------------------------------------------------------------------------------------||
	||                                    OUTPUT CORRELATION                                    ||
	||------------------------------------------------------------------------------------------||
	||  1.00000 | 0.15543 | 0.24942 | 0.34491 | 0.25555 | 0.16336 | 0.00622 | 0.03426 | 0.12199 ||
	||  0.15543 | 1.00000 | 0.00042 |-0.00601 |-0.00261 |-0.00416 | 0.00100 | 0.00392 |-0.00072 ||
	||  0.24942 | 0.00042 | 1.00000 | 0.00465 |-0.00461 | 0.00315 |-0.00167 |-0.00186 |-0.00427 ||
	||  0.34491 |-0.00601 | 0.00465 | 1.00000 |-0.00231 |-0.00494 | 0.00504 |-0.00915 | 0.01220 ||
	||  0.25555 |-0.00261 |-0.00461 |-0.00231 | 1.00000 | 0.00181 | 0.00758 | 0.00402 |-0.00053 ||
	||  0.16336 |-0.00416 | 0.00315 |-0.00494 | 0.00181 | 1.00000 |-0.00684 |-0.00036 |-0.00076 ||
	||  0.00622 | 0.00100 |-0.00167 | 0.00504 | 0.00758 |-0.00684 | 1.00000 | 0.00872 |-0.00198 ||
	||  0.03426 | 0.00392 |-0.00186 |-0.00915 | 0.00402 |-0.00036 | 0.00872 | 1.00000 | 0.00717 ||
	||  0.12199 |-0.00072 |-0.00427 | 0.01220 |-0.00053 |-0.00076 |-0.00198 | 0.00717 | 1.00000 ||
	||------------------------------------------------------------------------------------------||

	||------------------------------------------------------------------------------------------||
	||                                    OUTPUT COVARIANCE                                     ||
	||------------------------------------------------------------------------------------------||
	||  0.99999 | 0.15543 | 0.24942 | 0.34491 | 0.25554 | 0.16335 | 0.00622 | 0.03426 | 0.12199 ||
	||  0.15543 | 0.99999 | 0.00042 |-0.00601 |-0.00261 |-0.00416 | 0.00100 | 0.00392 |-0.00072 ||
	||  0.24942 | 0.00042 | 1.00000 | 0.00465 |-0.00461 | 0.00315 |-0.00167 |-0.00186 |-0.00427 ||
	||  0.34491 |-0.00601 | 0.00465 | 1.00000 |-0.00231 |-0.00494 | 0.00504 |-0.00915 | 0.01220 ||
	||  0.25554 |-0.00261 |-0.00461 |-0.00231 | 1.00000 | 0.00181 | 0.00758 | 0.00402 |-0.00053 ||
	||  0.16335 |-0.00416 | 0.00315 |-0.00494 | 0.00181 | 0.99987 |-0.00684 |-0.00036 |-0.00076 ||
	||  0.00622 | 0.00100 |-0.00167 | 0.00504 | 0.00758 |-0.00684 | 0.99990 | 0.00872 |-0.00198 ||
	||  0.03426 | 0.00392 |-0.00186 |-0.00915 | 0.00402 |-0.00036 | 0.00872 | 1.00000 | 0.00717 ||
	||  0.12199 |-0.00072 |-0.00427 | 0.01220 |-0.00053 |-0.00076 |-0.00198 | 0.00717 | 1.00000 ||
	||------------------------------------------------------------------------------------------||


	|-----------------------------------------------------------------|
	|    Copyright (C) 2011-2018 (DRIP)
	|-----------------------------------------------------------------|
	|    Build Version  =&gt; 3.27.0 multi mode
	|    Build JVM (TM) =&gt; 1.8.0_112
	|    Build Snap     =&gt; Sat Jan 13 13:23:56 EST 2017
	|    Start Time     =&gt; Tue Jan 16 21:24:08 EST 2018
	|    Setup Time     =&gt; Tue Jan 16 21:24:08 EST 2018
	|    Setup Duration =&gt; 0 ms
	|-----------------------------------------------------------------|


	||-------------------------------------------||
	||                R^1 METRICS                ||
	||-------------------------------------------||
	||    L -&gt; R:                                ||
	||            - Mean                         ||
	||            - Error                        ||
	||            - Variance                     ||
	||            - Standard Deviation           ||
	||-------------------------------------------||
	|| -0.00958 |  0.79650 |  0.99989 |  0.99994 ||
	||  0.00078 |  0.79814 |  0.99998 |  0.99999 ||
	|| -0.00322 |  0.79827 |  0.99997 |  0.99998 ||
	|| -0.00442 |  0.79678 |  0.99996 |  0.99998 ||
	|| -0.00316 |  0.79901 |  0.99997 |  0.99999 ||
	||  0.00197 |  0.79865 |  0.99998 |  0.99999 ||
	|| -0.00181 |  0.79756 |  0.99998 |  0.99999 ||
	|| -0.00487 |  0.79663 |  0.99996 |  0.99998 ||
	|| -0.00076 |  0.79807 |  0.99998 |  0.99999 ||
	||-------------------------------------------||

	||------------------------------------------------------------------------------------------||
	||                                     INPUT CORRELATION                                    ||
	||------------------------------------------------------------------------------------------||
	||  1.00000 | 0.16100 | 0.24500 | 0.35200 | 0.25900 | 0.16600 | 0.00300 | 0.03800 | 0.11400 ||
	||  0.16100 | 1.00000 | 0.00000 | 0.00000 | 0.00000 | 0.00000 | 0.00000 | 0.00000 | 0.00000 ||
	||  0.24500 | 0.00000 | 1.00000 | 0.00000 | 0.00000 | 0.00000 | 0.00000 | 0.00000 | 0.00000 ||
	||  0.35200 | 0.00000 | 0.00000 | 1.00000 | 0.00000 | 0.00000 | 0.00000 | 0.00000 | 0.00000 ||
	||  0.25900 | 0.00000 | 0.00000 | 0.00000 | 1.00000 | 0.00000 | 0.00000 | 0.00000 | 0.00000 ||
	||  0.16600 | 0.00000 | 0.00000 | 0.00000 | 0.00000 | 1.00000 | 0.00000 | 0.00000 | 0.00000 ||
	||  0.00300 | 0.00000 | 0.00000 | 0.00000 | 0.00000 | 0.00000 | 1.00000 | 0.00000 | 0.00000 ||
	||  0.03800 | 0.00000 | 0.00000 | 0.00000 | 0.00000 | 0.00000 | 0.00000 | 1.00000 | 0.00000 ||
	||  0.11400 | 0.00000 | 0.00000 | 0.00000 | 0.00000 | 0.00000 | 0.00000 | 0.00000 | 1.00000 ||
	||------------------------------------------------------------------------------------------||

	||------------------------------------------------------------------------------------------||
	||                                    OUTPUT CORRELATION                                    ||
	||------------------------------------------------------------------------------------------||
	||  1.00000 | 0.16709 | 0.24629 | 0.35326 | 0.25862 | 0.17605 | 0.00849 | 0.03399 | 0.11936 ||
	||  0.16709 | 1.00000 |-0.00186 |-0.00041 | 0.00099 |-0.00057 |-0.00289 | 0.00039 | 0.00332 ||
	||  0.24629 |-0.00186 | 1.00000 | 0.00535 | 0.00701 |-0.00232 |-0.00321 |-0.00506 | 0.00006 ||
	||  0.35326 |-0.00041 | 0.00535 | 1.00000 |-0.00447 | 0.00334 | 0.00412 | 0.00032 | 0.00381 ||
	||  0.25862 | 0.00099 | 0.00701 |-0.00447 | 1.00000 | 0.00280 |-0.00417 |-0.00134 | 0.00007 ||
	||  0.17605 |-0.00057 |-0.00232 | 0.00334 | 0.00280 | 1.00000 | 0.00283 |-0.00333 |-0.00394 ||
	||  0.00849 |-0.00289 |-0.00321 | 0.00412 |-0.00417 | 0.00283 | 1.00000 |-0.00591 | 0.00719 ||
	||  0.03399 | 0.00039 |-0.00506 | 0.00032 |-0.00134 |-0.00333 |-0.00591 | 1.00000 | 0.00589 ||
	||  0.11936 | 0.00332 | 0.00006 | 0.00381 | 0.00007 |-0.00394 | 0.00719 | 0.00589 | 1.00000 ||
	||------------------------------------------------------------------------------------------||

	||------------------------------------------------------------------------------------------||
	||                                    OUTPUT COVARIANCE                                     ||
	||------------------------------------------------------------------------------------------||
	||  0.99989 | 0.16708 | 0.24627 | 0.35324 | 0.25860 | 0.17604 | 0.00849 | 0.03399 | 0.11935 ||
	||  0.16708 | 0.99998 |-0.00186 |-0.00041 | 0.00099 |-0.00057 |-0.00289 | 0.00039 | 0.00332 ||
	||  0.24627 |-0.00186 | 0.99997 | 0.00535 | 0.00701 |-0.00232 |-0.00321 |-0.00506 | 0.00006 ||
	||  0.35324 |-0.00041 | 0.00535 | 0.99996 |-0.00447 | 0.00334 | 0.00412 | 0.00032 | 0.00381 ||
	||  0.25860 | 0.00099 | 0.00701 |-0.00447 | 0.99997 | 0.00280 |-0.00417 |-0.00134 | 0.00007 ||
	||  0.17604 |-0.00057 |-0.00232 | 0.00334 | 0.00280 | 0.99998 | 0.00283 |-0.00333 |-0.00394 ||
	||  0.00849 |-0.00289 |-0.00321 | 0.00412 |-0.00417 | 0.00283 | 0.99998 |-0.00591 | 0.00718 ||
	||  0.03399 | 0.00039 |-0.00506 | 0.00032 |-0.00134 |-0.00333 |-0.00591 | 0.99996 | 0.00589 ||
	||  0.11935 | 0.00332 | 0.00006 | 0.00381 | 0.00007 |-0.00394 | 0.00718 | 0.00589 | 0.99998 ||
	||------------------------------------------------------------------------------------------||

</pre>
</span>
</div>
</div>
<div id="footer">
<p>
<div>
<label class="hidden" id="label-for-line-wrapping-toggle" for="line-wrapping-toggle">Wrap lines
<input id="line-wrapping-toggle" type="checkbox" autocomplete="off"/>
</label>
</div>Generated by 
<a href="http://www.gradle.org">Gradle 3.5</a> at Jan 16, 2018 10:02:19 PM</p>
</div>
</div>
</body>
</html>
