<!DOCTYPE html>
<html>
<head>
<meta http-equiv="Content-Type" content="text/html; charset=utf-8"/>
<meta http-equiv="x-ua-compatible" content="IE=edge"/>
<title>Test results - Class org.drip.coverage.portfolioconstruction.BlackLitterman</title>
<link href="../css/base-style.css" rel="stylesheet" type="text/css"/>
<link href="../css/style.css" rel="stylesheet" type="text/css"/>
<script src="../js/report.js" type="text/javascript"></script>
</head>
<body>
<div id="content">
<h1>Class org.drip.coverage.portfolioconstruction.BlackLitterman</h1>
<div class="breadcrumbs">
<a href="../index.html">all</a> &gt; 
<a href="../packages/org.drip.coverage.portfolioconstruction.html">org.drip.coverage.portfolioconstruction</a> &gt; BlackLitterman</div>
<div id="summary">
<table>
<tr>
<td>
<div class="summaryGroup">
<table>
<tr>
<td>
<div class="infoBox" id="tests">
<div class="counter">1</div>
<p>tests</p>
</div>
</td>
<td>
<div class="infoBox" id="failures">
<div class="counter">0</div>
<p>failures</p>
</div>
</td>
<td>
<div class="infoBox" id="ignored">
<div class="counter">0</div>
<p>ignored</p>
</div>
</td>
<td>
<div class="infoBox" id="duration">
<div class="counter">0.281s</div>
<p>duration</p>
</div>
</td>
</tr>
</table>
</div>
</td>
<td>
<div class="infoBox success" id="successRate">
<div class="percent">100%</div>
<p>successful</p>
</div>
</td>
</tr>
</table>
</div>
<div id="tabs">
<ul class="tabLinks">
<li>
<a href="#tab0">Tests</a>
</li>
<li>
<a href="#tab1">Standard output</a>
</li>
</ul>
<div id="tab0" class="tab">
<h2>Tests</h2>
<table>
<thead>
<tr>
<th>Test</th>
<th>Duration</th>
<th>Result</th>
</tr>
</thead>
<tr>
<td class="success">codeCoverageTest</td>
<td>0.281s</td>
<td class="success">passed</td>
</tr>
</table>
</div>
<div id="tab1" class="tab">
<h2>Standard output</h2>
<span class="code">
<pre>
	|-----------------------------------------------------------------|
	|    Copyright (C) 2011-2019 (DRIP, DROP)
	|-----------------------------------------------------------------|
	|    Build Version  =&gt; 4.50.0 multi mode
	|    Build JVM (TM) =&gt; 1.8.0_112
	|    Build Snap     =&gt; Sat Nov 30 12:38:53 EST 2019
	|    Start Time     =&gt; Sat Nov 30 13:43:43 EST 2019
	|    Setup Time     =&gt; Sat Nov 30 13:43:43 EST 2019
	|    Setup Duration =&gt; 0 ms
	|-----------------------------------------------------------------|


	|------------------------||
	| TAU   =&gt;  1.00000000   ||
	| DELTA =&gt;  1.00000000   ||
	|------------------------||

	|------------------------------------------------------------------------------------------------||
	|                           PRIOR CROSS ASSET COVARIANCE MATRIX                                  ||
	|------------------------------------------------------------------------------------------------||
	|     |    A     |    B     |    C     ||
	|------------------------------------------------------------------------------------------------||
	| A | 0.00091000 | 0.00030000 | 0.00060000 ||
	| B | 0.00030000 | 0.00011000 | 0.00020000 ||
	| C | 0.00060000 | 0.00020000 | 0.00041000 ||
	|------------------------------------------------------------------------------------------------||

	|------------------------------------------------------------------------------------------------||
	|                          VIEW SCOPING ASSET PROJECTION LOADING                                 ||
	|------------------------------------------------------------------------------------------------||
	|     |    A     |    B     |    C     ||
	|------------------------------------------------------------------------------------------------||
	|  #0 | 1.00000000 |-1.00000000 | 0.00000000 ||
	|------------------------------------------------------------------------------------------------||

	|------------------------------------------------------------------------------------------------||
	|------------------------------------------------------------------------------------------------||
	|  #0 | 0.00010000 | 2.00%
	|------------------------------------------------------------------------------------------------||
	|------------------------------------------------------------------------------------------------||

	|------------------------------------------------------------------------------------------------||
	|                           JOINT CROSS ASSET COVARIANCE MATRIX                                  ||
	|------------------------------------------------------------------------------------------------||
	|     |    A     |    B     |    C     ||
	|------------------------------------------------------------------------------------------------||
	| A | 0.00019442 | 0.00007712 | 0.00013077 ||
	| B | 0.00007712 | 0.00004058 | 0.00005385 ||
	| C | 0.00013077 | 0.00005385 | 0.00010231 ||
	|------------------------------------------------------------------------------------------------||

	|------------------------------------------------------------------------------------------------||
	|                         POSTERIOR CROSS ASSET COVARIANCE MATRIX                                ||
	|------------------------------------------------------------------------------------------------||
	|     |    A     |    B     |    C     ||
	|------------------------------------------------------------------------------------------------||
	| A | 0.00110442 | 0.00037712 | 0.00073077 ||
	| B | 0.00037712 | 0.00015058 | 0.00025385 ||
	| C | 0.00073077 | 0.00025385 | 0.00051231 ||
	|------------------------------------------------------------------------------------------------||

	|------------------------||
	| JOINT/POSTERIOR RETURN ||
	|------------------------||
	|  ID  =&gt;  RIOC  | DJ05  ||
	|------------------------||
	|  [A] =&gt;  3.35% | 3.35% ||
	|  [B] =&gt;  1.73% | 1.73% ||
	|  [C] =&gt;  2.54% | 2.54% ||
	|------------------------||

	|-----------------------------------------------------------------|
	|    Copyright (C) 2011-2019 (DRIP, DROP)
	|-----------------------------------------------------------------|
	|    Build Version  =&gt; 4.50.0 multi mode
	|    Build JVM (TM) =&gt; 1.8.0_112
	|    Build Snap     =&gt; Sat Nov 30 12:38:53 EST 2019
	|    Start Time     =&gt; Sat Nov 30 13:43:43 EST 2019
	|    Setup Time     =&gt; Sat Nov 30 13:43:43 EST 2019
	|    Finish Time    =&gt; Sat Nov 30 13:43:43 EST 2019
	|    Setup Duration =&gt; 0 ms
	|    Run Duration   =&gt; 35 ms
	|-----------------------------------------------------------------|


	|-----------------------------------------------------------------|
	|    Copyright (C) 2011-2019 (DRIP, DROP)
	|-----------------------------------------------------------------|
	|    Build Version  =&gt; 4.50.0 multi mode
	|    Build JVM (TM) =&gt; 1.8.0_112
	|    Build Snap     =&gt; Sat Nov 30 12:38:53 EST 2019
	|    Start Time     =&gt; Sat Nov 30 13:43:43 EST 2019
	|    Setup Time     =&gt; Sat Nov 30 13:43:43 EST 2019
	|    Setup Duration =&gt; 0 ms
	|-----------------------------------------------------------------|


	|------------------------||
	| TAU   =&gt;  1.00000000   ||
	| DELTA =&gt;  1.00000000   ||
	|------------------------||

	|------------------------------------------------------------------------------------------------||
	|                           PRIOR CROSS ASSET COVARIANCE MATRIX                                  ||
	|------------------------------------------------------------------------------------------------||
	|     |    A     |    B     |    C     ||
	|------------------------------------------------------------------------------------------------||
	| A | 0.00091000 | 0.00030000 | 0.00060000 ||
	| B | 0.00030000 | 0.00011000 | 0.00020000 ||
	| C | 0.00060000 | 0.00020000 | 0.00041000 ||
	|------------------------------------------------------------------------------------------------||

	|------------------------------------------------------------------------------------------------||
	|                          VIEW SCOPING ASSET PROJECTION LOADING                                 ||
	|------------------------------------------------------------------------------------------------||
	|     |    A     |    B     |    C     ||
	|------------------------------------------------------------------------------------------------||
	|  #0 | 1.00000000 |-1.00000000 | 0.00000000 ||
	|------------------------------------------------------------------------------------------------||

	|------------------------------------------------------------------------------------------------||
	|------------------------------------------------------------------------------------------------||
	|  #0 | 0.00000001 | 2.00%
	|------------------------------------------------------------------------------------------------||
	|------------------------------------------------------------------------------------------------||

	|------------------------------------------------------------------------------------------------||
	|                           JOINT CROSS ASSET COVARIANCE MATRIX                                  ||
	|------------------------------------------------------------------------------------------------||
	|     |    A     |    B     |    C     ||
	|------------------------------------------------------------------------------------------------||
	| A | 0.00002407 | 0.00002405 | 0.00001906 ||
	| B | 0.00002405 | 0.00002405 | 0.00001905 ||
	| C | 0.00001906 | 0.00001905 | 0.00002906 ||
	|------------------------------------------------------------------------------------------------||

	|------------------------------------------------------------------------------------------------||
	|                         POSTERIOR CROSS ASSET COVARIANCE MATRIX                                ||
	|------------------------------------------------------------------------------------------------||
	|     |    A     |    B     |    C     ||
	|------------------------------------------------------------------------------------------------||
	| A | 0.00093407 | 0.00032405 | 0.00061906 ||
	| B | 0.00032405 | 0.00013405 | 0.00021905 ||
	| C | 0.00061906 | 0.00021905 | 0.00043906 ||
	|------------------------------------------------------------------------------------------------||

	|------------------------||
	| JOINT/POSTERIOR RETURN ||
	|------------------------||
	|  ID  =&gt;  RIOC  | DJ05  ||
	|------------------------||
	|  [A] =&gt;  3.90% | 3.90% ||
	|  [B] =&gt;  1.90% | 1.90% ||
	|  [C] =&gt;  2.90% | 2.90% ||
	|------------------------||

	|-----------------------------------------------------------------|
	|    Copyright (C) 2011-2019 (DRIP, DROP)
	|-----------------------------------------------------------------|
	|    Build Version  =&gt; 4.50.0 multi mode
	|    Build JVM (TM) =&gt; 1.8.0_112
	|    Build Snap     =&gt; Sat Nov 30 12:38:53 EST 2019
	|    Start Time     =&gt; Sat Nov 30 13:43:43 EST 2019
	|    Setup Time     =&gt; Sat Nov 30 13:43:43 EST 2019
	|    Finish Time    =&gt; Sat Nov 30 13:43:43 EST 2019
	|    Setup Duration =&gt; 0 ms
	|    Run Duration   =&gt; 26 ms
	|-----------------------------------------------------------------|


	|-----------------------------------------------------------------|
	|    Copyright (C) 2011-2019 (DRIP, DROP)
	|-----------------------------------------------------------------|
	|    Build Version  =&gt; 4.50.0 multi mode
	|    Build JVM (TM) =&gt; 1.8.0_112
	|    Build Snap     =&gt; Sat Nov 30 12:38:53 EST 2019
	|    Start Time     =&gt; Sat Nov 30 13:43:43 EST 2019
	|    Setup Time     =&gt; Sat Nov 30 13:43:43 EST 2019
	|    Setup Duration =&gt; 0 ms
	|-----------------------------------------------------------------|


	|------------------------||
	| TAU   =&gt;  1.00000000   ||
	| DELTA =&gt;  1.00000000   ||
	|------------------------||

	|------------------------------------------------------------------------------------------------||
	|                           PRIOR CROSS ASSET COVARIANCE MATRIX                                  ||
	|------------------------------------------------------------------------------------------------||
	|     |    A     |    B     |    C     ||
	|------------------------------------------------------------------------------------------------||
	| A | 0.00091000 | 0.00030000 | 0.00060000 ||
	| B | 0.00030000 | 0.00011000 | 0.00020000 ||
	| C | 0.00060000 | 0.00020000 | 0.00041000 ||
	|------------------------------------------------------------------------------------------------||

	|------------------------------------------------------------------------------------------------||
	|                          VIEW SCOPING ASSET PROJECTION LOADING                                 ||
	|------------------------------------------------------------------------------------------------||
	|     |    A     |    B     |    C     ||
	|------------------------------------------------------------------------------------------------||
	|  #0 | 1.00000000 |-1.00000000 | 0.00000000 ||
	|------------------------------------------------------------------------------------------------||

	|------------------------------------------------------------------------------------------------||
	|------------------------------------------------------------------------------------------------||
	|  #0 | 0.00001000 | 2.00%
	|------------------------------------------------------------------------------------------------||
	|------------------------------------------------------------------------------------------------||

	|------------------------------------------------------------------------------------------------||
	|                           JOINT CROSS ASSET COVARIANCE MATRIX                                  ||
	|------------------------------------------------------------------------------------------------||
	|     |    A     |    B     |    C     ||
	|------------------------------------------------------------------------------------------------||
	| A | 0.00004465 | 0.00003047 | 0.00003256 ||
	| B | 0.00003047 | 0.00002605 | 0.00002326 ||
	| C | 0.00003256 | 0.00002326 | 0.00003791 ||
	|------------------------------------------------------------------------------------------------||

	|------------------------------------------------------------------------------------------------||
	|                         POSTERIOR CROSS ASSET COVARIANCE MATRIX                                ||
	|------------------------------------------------------------------------------------------------||
	|     |    A     |    B     |    C     ||
	|------------------------------------------------------------------------------------------------||
	| A | 0.00095465 | 0.00033047 | 0.00063256 ||
	| B | 0.00033047 | 0.00013605 | 0.00022326 ||
	| C | 0.00063256 | 0.00022326 | 0.00044791 ||
	|------------------------------------------------------------------------------------------------||

	|------------------------||
	| JOINT/POSTERIOR RETURN ||
	|------------------------||
	|  ID  =&gt;  RIOC  | DJ05  ||
	|------------------------||
	|  [A] =&gt;  3.84% | 3.84% ||
	|  [B] =&gt;  1.88% | 1.88% ||
	|  [C] =&gt;  2.86% | 2.86% ||
	|------------------------||

	|-----------------------------------------------------------------|
	|    Copyright (C) 2011-2019 (DRIP, DROP)
	|-----------------------------------------------------------------|
	|    Build Version  =&gt; 4.50.0 multi mode
	|    Build JVM (TM) =&gt; 1.8.0_112
	|    Build Snap     =&gt; Sat Nov 30 12:38:53 EST 2019
	|    Start Time     =&gt; Sat Nov 30 13:43:43 EST 2019
	|    Setup Time     =&gt; Sat Nov 30 13:43:43 EST 2019
	|    Finish Time    =&gt; Sat Nov 30 13:43:43 EST 2019
	|    Setup Duration =&gt; 0 ms
	|    Run Duration   =&gt; 9 ms
	|-----------------------------------------------------------------|


	|-----------------------------------------------------------------|
	|    Copyright (C) 2011-2019 (DRIP, DROP)
	|-----------------------------------------------------------------|
	|    Build Version  =&gt; 4.50.0 multi mode
	|    Build JVM (TM) =&gt; 1.8.0_112
	|    Build Snap     =&gt; Sat Nov 30 12:38:53 EST 2019
	|    Start Time     =&gt; Sat Nov 30 13:43:43 EST 2019
	|    Setup Time     =&gt; Sat Nov 30 13:43:43 EST 2019
	|    Setup Duration =&gt; 0 ms
	|-----------------------------------------------------------------|


	|---------------------------------------------------------------------------------------------||
	|                                HISTORICAL COVARIANCE MATRIX                                 ||
	|---------------------------------------------------------------------------------------------||
	| CORPORATE BOND      | 0.0050 | 0.0047 | 0.0024 | 0.0036 | 0.0023 | 0.0031 | 0.0032 | 0.0030 ||
	| LONG TERM GOVVIE    | 0.0047 | 0.0062 | 0.0030 | 0.0033 | 0.0016 | 0.0024 | 0.0026 | 0.0020 ||
	| MEDIUM TERM GOVVIE  | 0.0024 | 0.0030 | 0.0020 | 0.0015 | 0.0006 | 0.0009 | 0.0012 | 0.0008 ||
	| STRONG BUY EQUITY   | 0.0036 | 0.0033 | 0.0015 | 0.0468 | 0.0354 | 0.0371 | 0.0379 | 0.0414 ||
	| BUY EQUITY          | 0.0023 | 0.0016 | 0.0006 | 0.0354 | 0.0354 | 0.0323 | 0.0317 | 0.0371 ||
	| NEUTRAL EQUITY      | 0.0031 | 0.0024 | 0.0009 | 0.0371 | 0.0323 | 0.0349 | 0.0342 | 0.0364 ||
	| SELL EQUITY         | 0.0032 | 0.0026 | 0.0012 | 0.0379 | 0.0317 | 0.0342 | 0.0432 | 0.0384 ||
	| STRONG SELL EQUITY  | 0.0030 | 0.0020 | 0.0008 | 0.0414 | 0.0371 | 0.0364 | 0.0384 | 0.0498 ||
	|---------------------------------------------------------------------------------------------||

	||---------------------------------||
	||         MARKET WEIGHT           ||
	||---------------------------------||
	||  CORPORATE BOND      =&gt;  16.67% ||
	||  LONG TERM GOVVIE    =&gt;  08.33% ||
	||  MEDIUM TERM GOVVIE  =&gt;  08.33% ||
	||  STRONG BUY EQUITY   =&gt;  22.06% ||
	||  BUY EQUITY          =&gt;  11.84% ||
	||  NEUTRAL EQUITY      =&gt;  10.65% ||
	||  SELL EQUITY         =&gt;  05.91% ||
	||  STRONG SELL EQUITY  =&gt;  16.22% ||
	||---------------------------------||

	||---------------------------------||
	||       HISTORICAL RETURNS        ||
	||---------------------------------||
	||  CORPORATE BOND      =&gt;  05.95% ||
	||  LONG TERM GOVVIE    =&gt;  05.53% ||
	||  MEDIUM TERM GOVVIE  =&gt;  05.45% ||
	||  STRONG BUY EQUITY   =&gt;  13.02% ||
	||  BUY EQUITY          =&gt;  11.14% ||
	||  NEUTRAL EQUITY      =&gt;  11.16% ||
	||  SELL EQUITY         =&gt;  12.17% ||
	||  STRONG SELL EQUITY  =&gt;  12.20% ||
	||---------------------------------||

	||---------------------------------------------||
	||      HISTORICAL PARAM OPTIMAL WEIGHTS       ||
	||---------------------------------------------||
	||         ASSET        =&gt;   CALC   |   PAPER  ||
	||---------------------------------------------||
	||  CORPORATE BOND      =&gt;  021.54% |  025.11% ||
	||  LONG TERM GOVVIE    =&gt; -054.34% | -060.54% ||
	||  MEDIUM TERM GOVVIE  =&gt;  119.76% |  119.75% ||
	||  STRONG BUY EQUITY   =&gt;  006.24% |  009.32% ||
	||  BUY EQUITY          =&gt;  008.08% |  007.50% ||
	||  NEUTRAL EQUITY      =&gt; -004.50% | -005.09% ||
	||  SELL EQUITY         =&gt;  004.72% |  005.43% ||
	||  STRONG SELL EQUITY  =&gt; -001.49% | -001.49% ||
	||---------------------------------------------||

	||----------------------------------------||
	||         MARKET IMPLIED RETURNS         ||
	||----------------------------------------||
	||         ASSET        =&gt;  CALC  | PAPER ||
	||----------------------------------------||
	||  CORPORATE BOND      =&gt;  3.35% | 3.35% ||
	||  LONG TERM GOVVIE    =&gt;  3.32% | 3.32% ||
	||  MEDIUM TERM GOVVIE  =&gt;  3.15% | 3.15% ||
	||  STRONG BUY EQUITY   =&gt;  5.84% | 5.84% ||
	||  BUY EQUITY          =&gt;  5.39% | 5.39% ||
	||  NEUTRAL EQUITY      =&gt;  5.44% | 5.44% ||
	||  SELL EQUITY         =&gt;  5.54% | 5.54% ||
	||  STRONG SELL EQUITY  =&gt;  5.85% | 5.85% ||
	||----------------------------------------||


	|-----------------------------------------------------------------|
	|    Copyright (C) 2011-2019 (DRIP, DROP)
	|-----------------------------------------------------------------|
	|    Build Version  =&gt; 4.50.0 multi mode
	|    Build JVM (TM) =&gt; 1.8.0_112
	|    Build Snap     =&gt; Sat Nov 30 12:38:53 EST 2019
	|    Start Time     =&gt; Sat Nov 30 13:43:43 EST 2019
	|    Setup Time     =&gt; Sat Nov 30 13:43:43 EST 2019
	|    Finish Time    =&gt; Sat Nov 30 13:43:43 EST 2019
	|    Setup Duration =&gt; 0 ms
	|    Run Duration   =&gt; 30 ms
	|-----------------------------------------------------------------|


	|-----------------------------------------------------------------|
	|    Copyright (C) 2011-2019 (DRIP, DROP)
	|-----------------------------------------------------------------|
	|    Build Version  =&gt; 4.50.0 multi mode
	|    Build JVM (TM) =&gt; 1.8.0_112
	|    Build Snap     =&gt; Sat Nov 30 12:38:53 EST 2019
	|    Start Time     =&gt; Sat Nov 30 13:43:43 EST 2019
	|    Setup Time     =&gt; Sat Nov 30 13:43:43 EST 2019
	|    Setup Duration =&gt; 0 ms
	|-----------------------------------------------------------------|


	|------------------------||
	| TAU   =&gt;  0.00250000   ||
	| DELTA =&gt;  1.00000000   ||
	|------------------------||

	|------------------------------------------------------------------------------------------------||
	|                           PRIOR CROSS ASSET COVARIANCE MATRIX                                  ||
	|------------------------------------------------------------------------------------------------||
	|     |    CORPORATE BOND          |    LONG TERM GOVVIE        |    MEDIUM TERM GOVVIE      |    STRONG BUY EQUITY       |    BUY EQUITY              |    NEUTRAL EQUITY          |    SELL EQUITY             |    STRONG SELL EQUITY      ||
	|------------------------------------------------------------------------------------------------||
	| CORPORATE BOND      | 0.00500000 | 0.00470000 | 0.00240000 | 0.00360000 | 0.00230000 | 0.00310000 | 0.00320000 | 0.00300000 ||
	| LONG TERM GOVVIE    | 0.00470000 | 0.00620000 | 0.00300000 | 0.00330000 | 0.00160000 | 0.00240000 | 0.00260000 | 0.00200000 ||
	| MEDIUM TERM GOVVIE  | 0.00240000 | 0.00300000 | 0.00200000 | 0.00150000 | 0.00060000 | 0.00090000 | 0.00120000 | 0.00080000 ||
	| STRONG BUY EQUITY   | 0.00360000 | 0.00330000 | 0.00150000 | 0.04680000 | 0.03540000 | 0.03710000 | 0.03790000 | 0.04140000 ||
	| BUY EQUITY          | 0.00230000 | 0.00160000 | 0.00060000 | 0.03540000 | 0.03540000 | 0.03230000 | 0.03170000 | 0.03710000 ||
	| NEUTRAL EQUITY      | 0.00310000 | 0.00240000 | 0.00090000 | 0.03710000 | 0.03230000 | 0.03490000 | 0.03420000 | 0.03640000 ||
	| SELL EQUITY         | 0.00320000 | 0.00260000 | 0.00120000 | 0.03790000 | 0.03170000 | 0.03420000 | 0.04320000 | 0.03840000 ||
	| STRONG SELL EQUITY  | 0.00300000 | 0.00200000 | 0.00080000 | 0.04140000 | 0.03710000 | 0.03640000 | 0.03840000 | 0.04980000 ||
	|------------------------------------------------------------------------------------------------||

	|------------------------------------------------------------------------------------------------||
	|                          VIEW SCOPING ASSET PROJECTION LOADING                                 ||
	|------------------------------------------------------------------------------------------------||
	|     |    CORPORATE BOND          |    LONG TERM GOVVIE        |    MEDIUM TERM GOVVIE      |    STRONG BUY EQUITY       |    BUY EQUITY              |    NEUTRAL EQUITY          |    SELL EQUITY             |    STRONG SELL EQUITY      ||
	|------------------------------------------------------------------------------------------------||
	|  #0 | 0.00000000 | 0.00000000 | 0.00000000 | 0.33000000 | 0.18000000 | 0.16000000 | 0.09000000 | 0.24000000 ||
	|  #1 |-0.50000000 |-0.25000000 |-0.25000000 | 0.33000000 | 0.18000000 | 0.16000000 | 0.09000000 | 0.24000000 ||
	|  #2 | 0.00000000 | 0.00000000 | 0.00000000 | 1.00000000 | 0.00000000 | 0.00000000 | 0.00000000 | 0.00000000 ||
	|  #3 | 0.00000000 | 0.00000000 | 0.00000000 | 0.00000000 | 1.00000000 | 0.00000000 | 0.00000000 | 0.00000000 ||
	|  #4 | 0.00000000 | 0.00000000 | 0.00000000 | 0.00000000 | 0.00000000 | 0.00000000 | 1.00000000 | 0.00000000 ||
	|  #5 | 0.00000000 | 0.00000000 | 0.00000000 | 0.00000000 | 0.00000000 | 0.00000000 | 0.00000000 | 1.00000000 ||
	|------------------------------------------------------------------------------------------------||

	|------------------------------------------------------------------------------------------------||
	|------------------------------------------------------------------------------------------------||
	|  #0 | 0.00120000 | 0.00000000 | 0.00000000 | 0.00000000 | 0.00000000 | 0.00000000 | 6.34%
	|  #1 | 0.00000000 | 0.00090000 | 0.00000000 | 0.00000000 | 0.00000000 | 0.00000000 | 4.00%
	|  #2 | 0.00000000 | 0.00000000 | 0.00090000 | 0.00000000 | 0.00000000 | 0.00000000 | 8.34%
	|  #3 | 0.00000000 | 0.00000000 | 0.00000000 | 0.00360000 | 0.00000000 | 0.00000000 | 7.84%
	|  #4 | 0.00000000 | 0.00000000 | 0.00000000 | 0.00000000 | 0.00360000 | 0.00000000 | 4.84%
	|  #5 | 0.00000000 | 0.00000000 | 0.00000000 | 0.00000000 | 0.00000000 | 0.00090000 | 4.34%
	|------------------------------------------------------------------------------------------------||
	|------------------------------------------------------------------------------------------------||

	|------------------------------------------------------------------------------------------------||
	|                           JOINT CROSS ASSET COVARIANCE MATRIX                                  ||
	|------------------------------------------------------------------------------------------------||
	|     |    CORPORATE BOND          |    LONG TERM GOVVIE        |    MEDIUM TERM GOVVIE      |    STRONG BUY EQUITY       |    BUY EQUITY              |    NEUTRAL EQUITY          |    SELL EQUITY             |    STRONG SELL EQUITY      ||
	|------------------------------------------------------------------------------------------------||
	| CORPORATE BOND      | 0.00001231 | 0.00001158 | 0.00000592 | 0.00000712 | 0.00000421 | 0.00000618 | 0.00000634 | 0.00000560 ||
	| LONG TERM GOVVIE    | 0.00001158 | 0.00001534 | 0.00000742 | 0.00000696 | 0.00000297 | 0.00000494 | 0.00000537 | 0.00000374 ||
	| MEDIUM TERM GOVVIE  | 0.00000592 | 0.00000742 | 0.00000496 | 0.00000327 | 0.00000113 | 0.00000186 | 0.00000259 | 0.00000155 ||
	| STRONG BUY EQUITY   | 0.00000712 | 0.00000696 | 0.00000327 | 0.00008249 | 0.00005944 | 0.00006342 | 0.00006408 | 0.00006824 ||
	| BUY EQUITY          | 0.00000421 | 0.00000297 | 0.00000113 | 0.00005944 | 0.00006383 | 0.00005594 | 0.00005330 | 0.00006277 ||
	| NEUTRAL EQUITY      | 0.00000618 | 0.00000494 | 0.00000186 | 0.00006342 | 0.00005594 | 0.00006224 | 0.00005932 | 0.00006085 ||
	| SELL EQUITY         | 0.00000634 | 0.00000537 | 0.00000259 | 0.00006408 | 0.00005330 | 0.00005932 | 0.00008048 | 0.00006443 ||
	| STRONG SELL EQUITY  | 0.00000560 | 0.00000374 | 0.00000155 | 0.00006824 | 0.00006277 | 0.00006085 | 0.00006443 | 0.00008782 ||
	|------------------------------------------------------------------------------------------------||

	|------------------------------------------------------------------------------------------------||
	|                         POSTERIOR CROSS ASSET COVARIANCE MATRIX                                ||
	|------------------------------------------------------------------------------------------------||
	|     |    CORPORATE BOND          |    LONG TERM GOVVIE        |    MEDIUM TERM GOVVIE      |    STRONG BUY EQUITY       |    BUY EQUITY              |    NEUTRAL EQUITY          |    SELL EQUITY             |    STRONG SELL EQUITY      ||
	|------------------------------------------------------------------------------------------------||
	| CORPORATE BOND      | 0.00501231 | 0.00471158 | 0.00240592 | 0.00360712 | 0.00230421 | 0.00310618 | 0.00320634 | 0.00300560 ||
	| LONG TERM GOVVIE    | 0.00471158 | 0.00621534 | 0.00300742 | 0.00330696 | 0.00160297 | 0.00240494 | 0.00260537 | 0.00200374 ||
	| MEDIUM TERM GOVVIE  | 0.00240592 | 0.00300742 | 0.00200496 | 0.00150327 | 0.00060113 | 0.00090186 | 0.00120259 | 0.00080155 ||
	| STRONG BUY EQUITY   | 0.00360712 | 0.00330696 | 0.00150327 | 0.04688249 | 0.03545944 | 0.03716342 | 0.03796408 | 0.04146824 ||
	| BUY EQUITY          | 0.00230421 | 0.00160297 | 0.00060113 | 0.03545944 | 0.03546383 | 0.03235594 | 0.03175330 | 0.03716277 ||
	| NEUTRAL EQUITY      | 0.00310618 | 0.00240494 | 0.00090186 | 0.03716342 | 0.03235594 | 0.03496224 | 0.03425932 | 0.03646085 ||
	| SELL EQUITY         | 0.00320634 | 0.00260537 | 0.00120259 | 0.03796408 | 0.03175330 | 0.03425932 | 0.04328048 | 0.03846443 ||
	| STRONG SELL EQUITY  | 0.00300560 | 0.00200374 | 0.00080155 | 0.04146824 | 0.03716277 | 0.03646085 | 0.03846443 | 0.04988782 ||
	|------------------------------------------------------------------------------------------------||

	|------------------------||
	| JOINT/POSTERIOR RETURN ||
	|------------------------||
	|   ID  =&gt; RIOC  | HL99  ||
	|------------------------||
	| [CORPORATE BOND     ] =&gt; 03.36% | 03.36% ||
	| [LONG TERM GOVVIE   ] =&gt; 03.33% | 03.33% ||
	| [MEDIUM TERM GOVVIE ] =&gt; 03.15% | 03.15% ||
	| [STRONG BUY EQUITY  ] =&gt; 06.14% | 06.14% ||
	| [BUY EQUITY         ] =&gt; 05.62% | 05.62% ||
	| [NEUTRAL EQUITY     ] =&gt; 05.68% | 05.68% ||
	| [SELL EQUITY        ] =&gt; 05.77% | 05.77% ||
	| [STRONG SELL EQUITY ] =&gt; 06.08% | 06.08% ||
	|------------------------||

	|-----------------------------------------------------------------|
	|    Copyright (C) 2011-2019 (DRIP, DROP)
	|-----------------------------------------------------------------|
	|    Build Version  =&gt; 4.50.0 multi mode
	|    Build JVM (TM) =&gt; 1.8.0_112
	|    Build Snap     =&gt; Sat Nov 30 12:38:53 EST 2019
	|    Start Time     =&gt; Sat Nov 30 13:43:43 EST 2019
	|    Setup Time     =&gt; Sat Nov 30 13:43:43 EST 2019
	|    Finish Time    =&gt; Sat Nov 30 13:43:43 EST 2019
	|    Setup Duration =&gt; 0 ms
	|    Run Duration   =&gt; 31 ms
	|-----------------------------------------------------------------|


	|-----------------------------------------------------------------|
	|    Copyright (C) 2011-2019 (DRIP, DROP)
	|-----------------------------------------------------------------|
	|    Build Version  =&gt; 4.50.0 multi mode
	|    Build JVM (TM) =&gt; 1.8.0_112
	|    Build Snap     =&gt; Sat Nov 30 12:38:53 EST 2019
	|    Start Time     =&gt; Sat Nov 30 13:43:43 EST 2019
	|    Setup Time     =&gt; Sat Nov 30 13:43:43 EST 2019
	|    Setup Duration =&gt; 0 ms
	|-----------------------------------------------------------------|


	|------------------------------------------------------------------------------------------------------||
	|                                          CO-VARIANCE MATRIX                                          ||
	|------------------------------------------------------------------------------------------------------||
	| US Bonds             |  0.0014 |  0.0015 | -0.0008 | -0.0017 | -0.0010 | -0.0007 | -0.0015 | -0.0006 ||
	| Global Bonds xUSD    |  0.0015 |  0.0076 |  0.0026 | -0.0006 | -0.0013 | -0.0003 | -0.0002 |  0.0005 ||
	| World Equity xUS     | -0.0008 |  0.0026 |  0.0251 |  0.0292 |  0.0208 |  0.0147 |  0.0248 |  0.0134 ||
	| Emerging Equity      | -0.0017 | -0.0006 |  0.0292 |  0.0663 |  0.0359 |  0.0244 |  0.0490 |  0.0268 ||
	| US Large Cap Growth  | -0.0010 | -0.0013 |  0.0208 |  0.0359 |  0.0468 |  0.0283 |  0.0520 |  0.0260 ||
	| US Large Cap Value   | -0.0007 | -0.0003 |  0.0147 |  0.0244 |  0.0283 |  0.0252 |  0.0314 |  0.0215 ||
	| US Small Cap Growth  | -0.0015 | -0.0002 |  0.0248 |  0.0490 |  0.0520 |  0.0314 |  0.0809 |  0.0411 ||
	| US Small Cap Value   | -0.0006 |  0.0005 |  0.0134 |  0.0268 |  0.0260 |  0.0215 |  0.0411 |  0.0276 ||
	|------------------------------------------------------------------------------------------------------||

	||-------------------------------------------------------------||
	||         MARKET CAPITALIZATION AND EQUILIBRIUM WEIGHTS       ||
	||-------------------------------------------------------------||
	||     ASSET CLASS      =&gt;  CAPITALIZATION |  OUTPUT |  PAPER  ||
	||-------------------------------------------------------------||
	|| US Bonds             =&gt;  08360741000000 |  20.16% |  20.16% ||
	|| Global Bonds xUSD    =&gt;  11583275710000 |  27.93% |  27.93% ||
	|| World Equity xUS     =&gt;  09212460000000 |  22.21% |  22.21% ||
	|| Emerging Equity      =&gt;  00964647000000 |  02.33% |  02.33% ||
	|| US Large Cap Growth  =&gt;  05217844438500 |  12.58% |  12.58% ||
	|| US Large Cap Value   =&gt;  05217844438500 |  12.58% |  12.58% ||
	|| US Small Cap Growth  =&gt;  00459897061500 |  01.11% |  01.11% ||
	|| US Small Cap Value   =&gt;  00459897061500 |  01.11% |  01.11% ||
	||-------------------------------------------------------------||

	||-------------------------------------------||
	||         RISK PREMIUM IMPLIED RETURNS      ||
	||-------------------------------------------||
	||     ASSET CLASS      =&gt;  OUTPUT |  PAPER  ||
	||-------------------------------------------||
	|| US Bonds             =&gt;  00.08% |  00.08% ||
	|| Global Bonds xUSD    =&gt;  00.94% |  00.94% ||
	|| World Equity xUS     =&gt;  03.95% |  03.95% ||
	|| Emerging Equity      =&gt;  05.37% |  05.37% ||
	|| US Large Cap Growth  =&gt;  05.12% |  05.13% ||
	|| US Large Cap Value   =&gt;  03.68% |  03.68% ||
	|| US Small Cap Growth  =&gt;  06.11% |  06.12% ||
	|| US Small Cap Value   =&gt;  03.49% |  03.49% ||
	||-------------------------------------------||


	|-----------------------------------------------------------------|
	|    Copyright (C) 2011-2019 (DRIP, DROP)
	|-----------------------------------------------------------------|
	|    Build Version  =&gt; 4.50.0 multi mode
	|    Build JVM (TM) =&gt; 1.8.0_112
	|    Build Snap     =&gt; Sat Nov 30 12:38:53 EST 2019
	|    Start Time     =&gt; Sat Nov 30 13:43:43 EST 2019
	|    Setup Time     =&gt; Sat Nov 30 13:43:43 EST 2019
	|    Finish Time    =&gt; Sat Nov 30 13:43:43 EST 2019
	|    Setup Duration =&gt; 0 ms
	|    Run Duration   =&gt; 0 ms
	|-----------------------------------------------------------------|


	|-----------------------------------------------------------------|
	|    Copyright (C) 2011-2019 (DRIP, DROP)
	|-----------------------------------------------------------------|
	|    Build Version  =&gt; 4.50.0 multi mode
	|    Build JVM (TM) =&gt; 1.8.0_112
	|    Build Snap     =&gt; Sat Nov 30 12:38:53 EST 2019
	|    Start Time     =&gt; Sat Nov 30 13:43:43 EST 2019
	|    Setup Time     =&gt; Sat Nov 30 13:43:43 EST 2019
	|    Setup Duration =&gt; 0 ms
	|-----------------------------------------------------------------|


	|-----------------------------------------------------------------------------------||
	|                         G7 CORRELATION MATRIX INPUT                               ||
	|-----------------------------------------------------------------------------------||
	| Australia                 | 1.000 | 0.488 | 0.478 | 0.515 | 0.439 | 0.512 | 0.491 ||
	| Canada                    | 0.488 | 1.000 | 0.664 | 0.655 | 0.310 | 0.608 | 0.779 ||
	| France                    | 0.478 | 0.664 | 1.000 | 0.861 | 0.355 | 0.783 | 0.668 ||
	| Germany                   | 0.515 | 0.655 | 0.861 | 1.000 | 0.354 | 0.777 | 0.653 ||
	| Japan                     | 0.439 | 0.310 | 0.355 | 0.354 | 1.000 | 0.405 | 0.306 ||
	| United Kingdom            | 0.512 | 0.608 | 0.783 | 0.777 | 0.405 | 1.000 | 0.652 ||
	| United States of America  | 0.491 | 0.779 | 0.668 | 0.653 | 0.306 | 0.652 | 1.000 ||
	|-----------------------------------------------------------------------------------||

	|-----------------------------------------------------------------------------------||
	|                         G7 COVARIANCE MATRIX INPUT                                ||
	|-----------------------------------------------------------------------------------||
	| Australia                 | 0.026 | 0.016 | 0.019 | 0.022 | 0.015 | 0.016 | 0.015 ||
	| Canada                    | 0.016 | 0.041 | 0.033 | 0.036 | 0.013 | 0.025 | 0.030 ||
	| France                    | 0.019 | 0.033 | 0.062 | 0.058 | 0.018 | 0.039 | 0.031 ||
	| Germany                   | 0.022 | 0.036 | 0.058 | 0.073 | 0.020 | 0.042 | 0.033 ||
	| Japan                     | 0.015 | 0.013 | 0.018 | 0.020 | 0.044 | 0.017 | 0.012 ||
	| United Kingdom            | 0.016 | 0.025 | 0.039 | 0.042 | 0.017 | 0.040 | 0.024 ||
	| United States of America  | 0.015 | 0.030 | 0.031 | 0.033 | 0.012 | 0.024 | 0.035 ||
	|-----------------------------------------------------------------------------------||

	||----------------------------------------------||
	||     BENCHMARK WEIGHT AND RETURNS VOLATILITY  ||
	||----------------------------------------------||
	||        ASSET CLASS        =&gt; WEIGHT |   VOL  ||
	||----------------------------------------------||
	|| Australia                 =&gt;  01.6% |  16.0% ||
	|| Canada                    =&gt;  02.2% |  20.3% ||
	|| France                    =&gt;  05.2% |  24.8% ||
	|| Germany                   =&gt;  05.5% |  27.1% ||
	|| Japan                     =&gt;  11.6% |  21.0% ||
	|| United Kingdom            =&gt;  12.4% |  20.0% ||
	|| United States of America  =&gt;  61.5% |  18.7% ||
	||----------------------------------------------||

	||----------------------------------------------||
	||          RISK PREMIUM IMPLIED RETURNS        ||
	||----------------------------------------------||
	||         ASSET CLASS       =&gt; OUTPUT |  PAPER ||
	||----------------------------------------------||
	|| Australia                 =&gt;  3.94% |  3.94% ||
	|| Canada                    =&gt;  6.92% |  6.92% ||
	|| France                    =&gt;  8.36% |  8.36% ||
	|| Germany                   =&gt;  9.03% |  9.03% ||
	|| Japan                     =&gt;  4.30% |  4.30% ||
	|| United Kingdom            =&gt;  6.77% |  6.77% ||
	|| United States of America  =&gt;  7.56% |  7.56% ||
	||----------------------------------------------||


	|-----------------------------------------------------------------|
	|    Copyright (C) 2011-2019 (DRIP, DROP)
	|-----------------------------------------------------------------|
	|    Build Version  =&gt; 4.50.0 multi mode
	|    Build JVM (TM) =&gt; 1.8.0_112
	|    Build Snap     =&gt; Sat Nov 30 12:38:53 EST 2019
	|    Start Time     =&gt; Sat Nov 30 13:43:43 EST 2019
	|    Setup Time     =&gt; Sat Nov 30 13:43:43 EST 2019
	|    Finish Time    =&gt; Sat Nov 30 13:43:43 EST 2019
	|    Setup Duration =&gt; 0 ms
	|    Run Duration   =&gt; 0 ms
	|-----------------------------------------------------------------|


	|-----------------------------------------------------------------|
	|    Copyright (C) 2011-2019 (DRIP, DROP)
	|-----------------------------------------------------------------|
	|    Build Version  =&gt; 4.50.0 multi mode
	|    Build JVM (TM) =&gt; 1.8.0_112
	|    Build Snap     =&gt; Sat Nov 30 12:38:53 EST 2019
	|    Start Time     =&gt; Sat Nov 30 13:43:43 EST 2019
	|    Setup Time     =&gt; Sat Nov 30 13:43:43 EST 2019
	|    Setup Duration =&gt; 0 ms
	|-----------------------------------------------------------------|


	|------------------------||
	| TAU   =&gt;  0.30000000   ||
	| DELTA =&gt;  1.25000000   ||
	|------------------------||

	||-------------------------------------------||
	||    MARKET CAPITALIZATION RECONCILER #1    ||
	||-------------------------------------------||
	||           SECTOR         =&gt;  WT. |  PAPER ||
	||-------------------------------------------||
	|| AGRO &amp; FOOD INDUSTRY     =&gt;  07% |   07%  ||
	|| CONSUMER PRODUCTS        =&gt;  01% |   01%  ||
	|| FINANCIALS               =&gt;  20% |   20%  ||
	|| INDUSTRIALS              =&gt;  11% |   11%  ||
	|| PROPERTY &amp; CONSTRUCTION  =&gt;  14% |   14%  ||
	|| RESOURCES                =&gt;  29% |   29%  ||
