<!DOCTYPE html>
<html>
<head>
<meta http-equiv="Content-Type" content="text/html; charset=utf-8"/>
<meta http-equiv="x-ua-compatible" content="IE=edge"/>
<title>Test results - Class org.drip.coverage.sequence.Statistics</title>
<link href="../css/base-style.css" rel="stylesheet" type="text/css"/>
<link href="../css/style.css" rel="stylesheet" type="text/css"/>
<script src="../js/report.js" type="text/javascript"></script>
</head>
<body>
<div id="content">
<h1>Class org.drip.coverage.sequence.Statistics</h1>
<div class="breadcrumbs">
<a href="../index.html">all</a> &gt; 
<a href="../packages/org.drip.coverage.sequence.html">org.drip.coverage.sequence</a> &gt; Statistics</div>
<div id="summary">
<table>
<tr>
<td>
<div class="summaryGroup">
<table>
<tr>
<td>
<div class="infoBox" id="tests">
<div class="counter">1</div>
<p>tests</p>
</div>
</td>
<td>
<div class="infoBox" id="failures">
<div class="counter">0</div>
<p>failures</p>
</div>
</td>
<td>
<div class="infoBox" id="ignored">
<div class="counter">0</div>
<p>ignored</p>
</div>
</td>
<td>
<div class="infoBox" id="duration">
<div class="counter">9.998s</div>
<p>duration</p>
</div>
</td>
</tr>
</table>
</div>
</td>
<td>
<div class="infoBox success" id="successRate">
<div class="percent">100%</div>
<p>successful</p>
</div>
</td>
</tr>
</table>
</div>
<div id="tabs">
<ul class="tabLinks">
<li>
<a href="#tab0">Tests</a>
</li>
<li>
<a href="#tab1">Standard output</a>
</li>
</ul>
<div id="tab0" class="tab">
<h2>Tests</h2>
<table>
<thead>
<tr>
<th>Test</th>
<th>Duration</th>
<th>Result</th>
</tr>
</thead>
<tr>
<td class="success">codeCoverageTest</td>
<td>9.998s</td>
<td class="success">passed</td>
</tr>
</table>
</div>
<div id="tab1" class="tab">
<h2>Standard output</h2>
<span class="code">
<pre>
	|-----------------------------------------------------------------|
	|    Copyright (C) 2011-2019 (DRIP, DROP)
	|-----------------------------------------------------------------|
	|    Build Version  =&gt; 4.00.0 multi mode
	|    Build JVM (TM) =&gt; 1.8.0_112
	|    Build Snap     =&gt; Sun Jan 20 19:56:44 EST 2018
	|    Start Time     =&gt; Mon Jan 21 00:00:44 EST 2019
	|    Setup Time     =&gt; Mon Jan 21 00:00:44 EST 2019
	|    Setup Duration =&gt; 0 ms
	|-----------------------------------------------------------------|


	||-------------------------------------------||
	||                R^1 METRICS                ||
	||-------------------------------------------||
	||    L -&gt; R:                                ||
	||            - Mean                         ||
	||            - Error                        ||
	||            - Variance                     ||
	||            - Standard Deviation           ||
	||-------------------------------------------||
	||  0.00189 |  0.79834 |  1.00145 |  1.00072 ||
	|| -0.00294 |  0.79758 |  1.00046 |  1.00023 ||
	||  0.00524 |  0.79625 |  0.99375 |  0.99687 ||
	||  0.00058 |  0.79661 |  0.99698 |  0.99849 ||
	||  0.00951 |  0.79236 |  0.98775 |  0.99386 ||
	||  0.00090 |  0.79816 |  1.00221 |  1.00110 ||
	|| -0.00263 |  0.80189 |  1.01180 |  1.00588 ||
	|| -0.00076 |  0.79928 |  1.00583 |  1.00291 ||
	||  0.00500 |  0.79718 |  0.99898 |  0.99949 ||
	||-------------------------------------------||

	||------------------------------------------------------------------------------------------||
	||                                     INPUT CORRELATION                                    ||
	||------------------------------------------------------------------------------------------||
	||  1.00000 | 0.16100 | 0.24500 | 0.35200 | 0.25900 | 0.16600 | 0.00300 | 0.03800 | 0.11400 ||
	||  0.16100 | 1.00000 | 0.00000 | 0.00000 | 0.00000 | 0.00000 | 0.00000 | 0.00000 | 0.00000 ||
	||  0.24500 | 0.00000 | 1.00000 | 0.00000 | 0.00000 | 0.00000 | 0.00000 | 0.00000 | 0.00000 ||
	||  0.35200 | 0.00000 | 0.00000 | 1.00000 | 0.00000 | 0.00000 | 0.00000 | 0.00000 | 0.00000 ||
	||  0.25900 | 0.00000 | 0.00000 | 0.00000 | 1.00000 | 0.00000 | 0.00000 | 0.00000 | 0.00000 ||
	||  0.16600 | 0.00000 | 0.00000 | 0.00000 | 0.00000 | 1.00000 | 0.00000 | 0.00000 | 0.00000 ||
	||  0.00300 | 0.00000 | 0.00000 | 0.00000 | 0.00000 | 0.00000 | 1.00000 | 0.00000 | 0.00000 ||
	||  0.03800 | 0.00000 | 0.00000 | 0.00000 | 0.00000 | 0.00000 | 0.00000 | 1.00000 | 0.00000 ||
	||  0.11400 | 0.00000 | 0.00000 | 0.00000 | 0.00000 | 0.00000 | 0.00000 | 0.00000 | 1.00000 ||
	||------------------------------------------------------------------------------------------||

	||------------------------------------------------------------------------------------------||
	||                                    OUTPUT CORRELATION                                    ||
	||------------------------------------------------------------------------------------------||
	||  1.00000 | 0.16025 | 0.24471 | 0.34854 | 0.25736 | 0.16102 |-0.00226 | 0.03558 | 0.11154 ||
	||  0.16025 | 1.00000 |-0.00094 | 0.00435 |-0.00025 |-0.00282 |-0.00090 |-0.00135 |-0.00295 ||
	||  0.24471 |-0.00094 | 1.00000 |-0.00746 |-0.00669 | 0.00438 |-0.00624 |-0.00770 |-0.00376 ||
	||  0.34854 | 0.00435 |-0.00746 | 1.00000 |-0.00046 |-0.00927 | 0.00068 |-0.00513 |-0.00197 ||
	||  0.25736 |-0.00025 |-0.00669 |-0.00046 | 1.00000 |-0.00454 |-0.00298 | 0.00136 |-0.00127 ||
	||  0.16102 |-0.00282 | 0.00438 |-0.00927 |-0.00454 | 1.00000 | 0.00582 | 0.00474 | 0.00296 ||
	|| -0.00226 |-0.00090 |-0.00624 | 0.00068 |-0.00298 | 0.00582 | 1.00000 |-0.00601 | 0.00523 ||
	||  0.03558 |-0.00135 |-0.00770 |-0.00513 | 0.00136 | 0.00474 |-0.00601 | 1.00000 |-0.00032 ||
	||  0.11154 |-0.00295 |-0.00376 |-0.00197 |-0.00127 | 0.00296 | 0.00523 |-0.00032 | 1.00000 ||
	||------------------------------------------------------------------------------------------||

	||------------------------------------------------------------------------------------------||
	||                                    OUTPUT COVARIANCE                                     ||
	||------------------------------------------------------------------------------------------||
	||  1.00145 | 0.16040 | 0.24412 | 0.34827 | 0.25597 | 0.16132 |-0.00227 | 0.03571 | 0.11156 ||
	||  0.16040 | 1.00046 |-0.00093 | 0.00434 |-0.00025 |-0.00282 |-0.00091 |-0.00136 |-0.00295 ||
	||  0.24412 |-0.00093 | 0.99375 |-0.00742 |-0.00663 | 0.00437 |-0.00625 |-0.00770 |-0.00374 ||
	||  0.34827 | 0.00434 |-0.00742 | 0.99698 |-0.00045 |-0.00926 | 0.00069 |-0.00514 |-0.00196 ||
	||  0.25597 |-0.00025 |-0.00663 |-0.00045 | 0.98775 |-0.00452 |-0.00298 | 0.00136 |-0.00126 ||
	||  0.16132 |-0.00282 | 0.00437 |-0.00926 |-0.00452 | 1.00221 | 0.00587 | 0.00476 | 0.00296 ||
	|| -0.00227 |-0.00091 |-0.00625 | 0.00069 |-0.00298 | 0.00587 | 1.01180 |-0.00606 | 0.00526 ||
	||  0.03571 |-0.00136 |-0.00770 |-0.00514 | 0.00136 | 0.00476 |-0.00606 | 1.00583 |-0.00032 ||
	||  0.11156 |-0.00295 |-0.00374 |-0.00196 |-0.00126 | 0.00296 | 0.00526 |-0.00032 | 0.99898 ||
	||------------------------------------------------------------------------------------------||


	|-----------------------------------------------------------------|
	|    Copyright (C) 2011-2019 (DRIP, DROP)
	|-----------------------------------------------------------------|
	|    Build Version  =&gt; 4.00.0 multi mode
	|    Build JVM (TM) =&gt; 1.8.0_112
	|    Build Snap     =&gt; Sun Jan 20 19:56:44 EST 2018
	|    Start Time     =&gt; Mon Jan 21 00:00:46 EST 2019
	|    Setup Time     =&gt; Mon Jan 21 00:00:46 EST 2019
	|    Setup Duration =&gt; 0 ms
	|-----------------------------------------------------------------|


	||-------------------------------------------||
	||                R^1 METRICS                ||
	||-------------------------------------------||
	||    L -&gt; R:                                ||
	||            - Mean                         ||
	||            - Error                        ||
	||            - Variance                     ||
	||            - Standard Deviation           ||
	||-------------------------------------------||
	||  0.00613 |  0.79690 |  0.99625 |  0.99813 ||
	|| -0.00032 |  0.79441 |  0.99273 |  0.99636 ||
	|| -0.00270 |  0.79581 |  0.99538 |  0.99769 ||
	||  0.00518 |  0.80238 |  1.01160 |  1.00578 ||
	||  0.00206 |  0.79265 |  0.99249 |  0.99624 ||
	||  0.00598 |  0.79803 |  0.99646 |  0.99823 ||
	|| -0.00242 |  0.80102 |  1.00777 |  1.00388 ||
	||  0.00308 |  0.79820 |  1.00092 |  1.00046 ||
	||  0.00441 |  0.79797 |  1.00076 |  1.00038 ||
	||-------------------------------------------||

	||------------------------------------------------------------------------------------------||
	||                                     INPUT CORRELATION                                    ||
	||------------------------------------------------------------------------------------------||
	||  1.00000 | 0.16100 | 0.24500 | 0.35200 | 0.25900 | 0.16600 | 0.00300 | 0.03800 | 0.11400 ||
	||  0.16100 | 1.00000 | 0.00000 | 0.00000 | 0.00000 | 0.00000 | 0.00000 | 0.00000 | 0.00000 ||
	||  0.24500 | 0.00000 | 1.00000 | 0.00000 | 0.00000 | 0.00000 | 0.00000 | 0.00000 | 0.00000 ||
	||  0.35200 | 0.00000 | 0.00000 | 1.00000 | 0.00000 | 0.00000 | 0.00000 | 0.00000 | 0.00000 ||
	||  0.25900 | 0.00000 | 0.00000 | 0.00000 | 1.00000 | 0.00000 | 0.00000 | 0.00000 | 0.00000 ||
	||  0.16600 | 0.00000 | 0.00000 | 0.00000 | 0.00000 | 1.00000 | 0.00000 | 0.00000 | 0.00000 ||
	||  0.00300 | 0.00000 | 0.00000 | 0.00000 | 0.00000 | 0.00000 | 1.00000 | 0.00000 | 0.00000 ||
	||  0.03800 | 0.00000 | 0.00000 | 0.00000 | 0.00000 | 0.00000 | 0.00000 | 1.00000 | 0.00000 ||
	||  0.11400 | 0.00000 | 0.00000 | 0.00000 | 0.00000 | 0.00000 | 0.00000 | 0.00000 | 1.00000 ||
	||------------------------------------------------------------------------------------------||

	||------------------------------------------------------------------------------------------||
	||                                    OUTPUT CORRELATION                                    ||
	||------------------------------------------------------------------------------------------||
	||  1.00000 | 0.15800 | 0.24584 | 0.35620 | 0.25559 | 0.17508 | 0.00200 | 0.04363 | 0.09940 ||
	||  0.15800 | 1.00000 |-0.00866 |-0.00334 |-0.00745 | 0.00257 |-0.00223 | 0.00184 | 0.00109 ||
	||  0.24584 |-0.00866 | 1.00000 | 0.00177 | 0.00235 | 0.01143 | 0.00053 |-0.00466 | 0.00083 ||
	||  0.35620 |-0.00334 | 0.00177 | 1.00000 |-0.00738 | 0.00322 |-0.00359 |-0.00142 |-0.00088 ||
	||  0.25559 |-0.00745 | 0.00235 |-0.00738 | 1.00000 | 0.00061 | 0.00884 | 0.00194 |-0.00327 ||
	||  0.17508 | 0.00257 | 0.01143 | 0.00322 | 0.00061 | 1.00000 |-0.00286 | 0.00381 |-0.00990 ||
	||  0.00200 |-0.00223 | 0.00053 |-0.00359 | 0.00884 |-0.00286 | 1.00000 |-0.00047 |-0.00171 ||
	||  0.04363 | 0.00184 |-0.00466 |-0.00142 | 0.00194 | 0.00381 |-0.00047 | 1.00000 |-0.00452 ||
	||  0.09940 | 0.00109 | 0.00083 |-0.00088 |-0.00327 |-0.00990 |-0.00171 |-0.00452 | 1.00000 ||
	||------------------------------------------------------------------------------------------||

	||------------------------------------------------------------------------------------------||
	||                                    OUTPUT COVARIANCE                                     ||
	||------------------------------------------------------------------------------------------||
	||  0.99625 | 0.15713 | 0.24481 | 0.35759 | 0.25415 | 0.17444 | 0.00200 | 0.04357 | 0.09925 ||
	||  0.15713 | 0.99273 |-0.00861 |-0.00334 |-0.00740 | 0.00256 |-0.00223 | 0.00183 | 0.00108 ||
	||  0.24481 |-0.00861 | 0.99538 | 0.00177 | 0.00234 | 0.01138 | 0.00054 |-0.00465 | 0.00083 ||
	||  0.35759 |-0.00334 | 0.00177 | 1.01160 |-0.00739 | 0.00323 |-0.00362 |-0.00143 |-0.00089 ||
	||  0.25415 |-0.00740 | 0.00234 |-0.00739 | 0.99249 | 0.00060 | 0.00884 | 0.00194 |-0.00326 ||
	||  0.17444 | 0.00256 | 0.01138 | 0.00323 | 0.00060 | 0.99646 |-0.00286 | 0.00381 |-0.00989 ||
	||  0.00200 |-0.00223 | 0.00054 |-0.00362 | 0.00884 |-0.00286 | 1.00777 |-0.00047 |-0.00172 ||
	||  0.04357 | 0.00183 |-0.00465 |-0.00143 | 0.00194 | 0.00381 |-0.00047 | 1.00092 |-0.00452 ||
	||  0.09925 | 0.00108 | 0.00083 |-0.00089 |-0.00326 |-0.00989 |-0.00172 |-0.00452 | 1.00076 ||
	||------------------------------------------------------------------------------------------||


	|-----------------------------------------------------------------|
	|    Copyright (C) 2011-2019 (DRIP, DROP)
	|-----------------------------------------------------------------|
	|    Build Version  =&gt; 4.00.0 multi mode
	|    Build JVM (TM) =&gt; 1.8.0_112
	|    Build Snap     =&gt; Sun Jan 20 19:56:44 EST 2018
	|    Start Time     =&gt; Mon Jan 21 00:00:49 EST 2019
	|    Setup Time     =&gt; Mon Jan 21 00:00:49 EST 2019
	|    Setup Duration =&gt; 0 ms
	|-----------------------------------------------------------------|


	||-------------------------------------------||
	||                R^1 METRICS                ||
	||-------------------------------------------||
	||    L -&gt; R:                                ||
	||            - Mean                         ||
	||            - Error                        ||
	||            - Variance                     ||
	||            - Standard Deviation           ||
	||-------------------------------------------||
	||  0.00088 |  0.79815 |  1.00000 |  1.00000 ||
	|| -0.00390 |  0.79693 |  0.99998 |  0.99999 ||
	|| -0.00376 |  0.79887 |  0.99999 |  0.99999 ||
	|| -0.00286 |  0.79852 |  0.99999 |  1.00000 ||
	||  0.00232 |  0.79844 |  0.99999 |  1.00000 ||
	||  0.00485 |  0.79725 |  0.99998 |  0.99999 ||
	||  0.00338 |  0.79943 |  0.99999 |  0.99999 ||
	||  0.00006 |  0.79752 |  1.00000 |  1.00000 ||
	|| -0.00204 |  0.79774 |  1.00000 |  1.00000 ||
	||-------------------------------------------||

	||------------------------------------------------------------------------------------------||
	||                                     INPUT CORRELATION                                    ||
	||------------------------------------------------------------------------------------------||
	||  1.00000 | 0.16100 | 0.24500 | 0.35200 | 0.25900 | 0.16600 | 0.00300 | 0.03800 | 0.11400 ||
	||  0.16100 | 1.00000 | 0.00000 | 0.00000 | 0.00000 | 0.00000 | 0.00000 | 0.00000 | 0.00000 ||
	||  0.24500 | 0.00000 | 1.00000 | 0.00000 | 0.00000 | 0.00000 | 0.00000 | 0.00000 | 0.00000 ||
	||  0.35200 | 0.00000 | 0.00000 | 1.00000 | 0.00000 | 0.00000 | 0.00000 | 0.00000 | 0.00000 ||
	||  0.25900 | 0.00000 | 0.00000 | 0.00000 | 1.00000 | 0.00000 | 0.00000 | 0.00000 | 0.00000 ||
	||  0.16600 | 0.00000 | 0.00000 | 0.00000 | 0.00000 | 1.00000 | 0.00000 | 0.00000 | 0.00000 ||
	||  0.00300 | 0.00000 | 0.00000 | 0.00000 | 0.00000 | 0.00000 | 1.00000 | 0.00000 | 0.00000 ||
	||  0.03800 | 0.00000 | 0.00000 | 0.00000 | 0.00000 | 0.00000 | 0.00000 | 1.00000 | 0.00000 ||
	||  0.11400 | 0.00000 | 0.00000 | 0.00000 | 0.00000 | 0.00000 | 0.00000 | 0.00000 | 1.00000 ||
	||------------------------------------------------------------------------------------------||

	||------------------------------------------------------------------------------------------||
	||                                    OUTPUT CORRELATION                                    ||
	||------------------------------------------------------------------------------------------||
	||  1.00000 | 0.16090 | 0.25156 | 0.34659 | 0.25874 | 0.17032 | 0.01182 | 0.03264 | 0.11375 ||
	||  0.16090 | 1.00000 | 0.00280 |-0.00289 | 0.00344 |-0.00133 |-0.00077 |-0.00397 |-0.00224 ||
	||  0.25156 | 0.00280 | 1.00000 |-0.00317 | 0.00643 |-0.00594 | 0.01031 |-0.00037 | 0.00089 ||
	||  0.34659 |-0.00289 |-0.00317 | 1.00000 |-0.01239 | 0.00723 | 0.00136 |-0.00500 | 0.00058 ||
	||  0.25874 | 0.00344 | 0.00643 |-0.01239 | 1.00000 |-0.00353 | 0.00519 |-0.00625 |-0.00133 ||
	||  0.17032 |-0.00133 |-0.00594 | 0.00723 |-0.00353 | 1.00000 | 0.00348 | 0.00957 |-0.00526 ||
	||  0.01182 |-0.00077 | 0.01031 | 0.00136 | 0.00519 | 0.00348 | 1.00000 |-0.00159 |-0.00189 ||
	||  0.03264 |-0.00397 |-0.00037 |-0.00500 |-0.00625 | 0.00957 |-0.00159 | 1.00000 |-0.00221 ||
	||  0.11375 |-0.00224 | 0.00089 | 0.00058 |-0.00133 |-0.00526 |-0.00189 |-0.00221 | 1.00000 ||
	||------------------------------------------------------------------------------------------||

	||------------------------------------------------------------------------------------------||
	||                                    OUTPUT COVARIANCE                                     ||
	||------------------------------------------------------------------------------------------||
	||  1.00000 | 0.16090 | 0.25156 | 0.34659 | 0.25874 | 0.17032 | 0.01182 | 0.03264 | 0.11375 ||
	||  0.16090 | 0.99998 | 0.00280 |-0.00289 | 0.00344 |-0.00133 |-0.00077 |-0.00397 |-0.00224 ||
	||  0.25156 | 0.00280 | 0.99999 |-0.00317 | 0.00643 |-0.00594 | 0.01031 |-0.00037 | 0.00089 ||
	||  0.34659 |-0.00289 |-0.00317 | 0.99999 |-0.01239 | 0.00723 | 0.00136 |-0.00500 | 0.00058 ||
	||  0.25874 | 0.00344 | 0.00643 |-0.01239 | 0.99999 |-0.00353 | 0.00519 |-0.00625 |-0.00133 ||
	||  0.17032 |-0.00133 |-0.00594 | 0.00723 |-0.00353 | 0.99998 | 0.00348 | 0.00957 |-0.00526 ||
	||  0.01182 |-0.00077 | 0.01031 | 0.00136 | 0.00519 | 0.00348 | 0.99999 |-0.00159 |-0.00189 ||
	||  0.03264 |-0.00397 |-0.00037 |-0.00500 |-0.00625 | 0.00957 |-0.00159 | 1.00000 |-0.00221 ||
	||  0.11375 |-0.00224 | 0.00089 | 0.00058 |-0.00133 |-0.00526 |-0.00189 |-0.00221 | 1.00000 ||
	||------------------------------------------------------------------------------------------||


	|-----------------------------------------------------------------|
	|    Copyright (C) 2011-2019 (DRIP, DROP)
	|-----------------------------------------------------------------|
	|    Build Version  =&gt; 4.00.0 multi mode
	|    Build JVM (TM) =&gt; 1.8.0_112
	|    Build Snap     =&gt; Sun Jan 20 19:56:44 EST 2018
	|    Start Time     =&gt; Mon Jan 21 00:00:51 EST 2019
	|    Setup Time     =&gt; Mon Jan 21 00:00:51 EST 2019
	|    Setup Duration =&gt; 0 ms
	|-----------------------------------------------------------------|


	||-------------------------------------------||
	||                R^1 METRICS                ||
	||-------------------------------------------||
	||    L -&gt; R:                                ||
	||            - Mean                         ||
	||            - Error                        ||
	||            - Variance                     ||
	||            - Standard Deviation           ||
	||-------------------------------------------||
	||  0.00016 |  0.79913 |  0.99998 |  0.99999 ||
	|| -0.00163 |  0.79635 |  0.99998 |  0.99999 ||
	|| -0.00200 |  0.79854 |  0.99998 |  0.99999 ||
	|| -0.00021 |  0.79875 |  0.99998 |  0.99999 ||
	|| -0.00588 |  0.79738 |  0.99995 |  0.99997 ||
	||  0.00125 |  0.79740 |  0.99998 |  0.99999 ||
	||  0.00219 |  0.79923 |  0.99998 |  0.99999 ||
	||  0.00635 |  0.79636 |  0.99994 |  0.99997 ||
	|| -0.00220 |  0.79777 |  0.99998 |  0.99999 ||
	||-------------------------------------------||

	||------------------------------------------------------------------------------------------||
	||                                     INPUT CORRELATION                                    ||
	||------------------------------------------------------------------------------------------||
	||  1.00000 | 0.16100 | 0.24500 | 0.35200 | 0.25900 | 0.16600 | 0.00300 | 0.03800 | 0.11400 ||
	||  0.16100 | 1.00000 | 0.00000 | 0.00000 | 0.00000 | 0.00000 | 0.00000 | 0.00000 | 0.00000 ||
	||  0.24500 | 0.00000 | 1.00000 | 0.00000 | 0.00000 | 0.00000 | 0.00000 | 0.00000 | 0.00000 ||
	||  0.35200 | 0.00000 | 0.00000 | 1.00000 | 0.00000 | 0.00000 | 0.00000 | 0.00000 | 0.00000 ||
	||  0.25900 | 0.00000 | 0.00000 | 0.00000 | 1.00000 | 0.00000 | 0.00000 | 0.00000 | 0.00000 ||
	||  0.16600 | 0.00000 | 0.00000 | 0.00000 | 0.00000 | 1.00000 | 0.00000 | 0.00000 | 0.00000 ||
	||  0.00300 | 0.00000 | 0.00000 | 0.00000 | 0.00000 | 0.00000 | 1.00000 | 0.00000 | 0.00000 ||
	||  0.03800 | 0.00000 | 0.00000 | 0.00000 | 0.00000 | 0.00000 | 0.00000 | 1.00000 | 0.00000 ||
	||  0.11400 | 0.00000 | 0.00000 | 0.00000 | 0.00000 | 0.00000 | 0.00000 | 0.00000 | 1.00000 ||
	||------------------------------------------------------------------------------------------||

	||------------------------------------------------------------------------------------------||
	||                                    OUTPUT CORRELATION                                    ||
	||------------------------------------------------------------------------------------------||
	||  1.00000 | 0.16273 | 0.24332 | 0.35669 | 0.25725 | 0.16667 | 0.00927 | 0.03643 | 0.11287 ||
	||  0.16273 | 1.00000 |-0.00482 | 0.00021 |-0.00566 |-0.00249 |-0.00045 | 0.00590 |-0.00109 ||
	||  0.24332 |-0.00482 | 1.00000 |-0.00910 | 0.00356 |-0.00562 | 0.00030 |-0.00509 |-0.00180 ||
	||  0.35669 | 0.00021 |-0.00910 | 1.00000 |-0.00408 | 0.00027 | 0.00164 | 0.00367 |-0.00084 ||
	||  0.25725 |-0.00566 | 0.00356 |-0.00408 | 1.00000 | 0.00136 | 0.00133 | 0.00911 |-0.00630 ||
	||  0.16667 |-0.00249 |-0.00562 | 0.00027 | 0.00136 | 1.00000 | 0.00090 | 0.00201 | 0.00112 ||
	||  0.00927 |-0.00045 | 0.00030 | 0.00164 | 0.00133 | 0.00090 | 1.00000 | 0.00245 | 0.00443 ||
	||  0.03643 | 0.00590 |-0.00509 | 0.00367 | 0.00911 | 0.00201 | 0.00245 | 1.00000 | 0.00211 ||
	||  0.11287 |-0.00109 |-0.00180 |-0.00084 |-0.00630 | 0.00112 | 0.00443 | 0.00211 | 1.00000 ||
	||------------------------------------------------------------------------------------------||

	||------------------------------------------------------------------------------------------||
	||                                    OUTPUT COVARIANCE                                     ||
	||------------------------------------------------------------------------------------------||
	||  0.99998 | 0.16273 | 0.24331 | 0.35669 | 0.25724 | 0.16667 | 0.00927 | 0.03643 | 0.11287 ||
	||  0.16273 | 0.99998 |-0.00482 | 0.00021 |-0.00566 |-0.00249 |-0.00045 | 0.00590 |-0.00109 ||
	||  0.24331 |-0.00482 | 0.99998 |-0.00910 | 0.00356 |-0.00562 | 0.00030 |-0.00509 |-0.00180 ||
	||  0.35669 | 0.00021 |-0.00910 | 0.99998 |-0.00408 | 0.00027 | 0.00164 | 0.00367 |-0.00084 ||
	||  0.25724 |-0.00566 | 0.00356 |-0.00408 | 0.99995 | 0.00136 | 0.00133 | 0.00910 |-0.00630 ||
	||  0.16667 |-0.00249 |-0.00562 | 0.00027 | 0.00136 | 0.99998 | 0.00090 | 0.00201 | 0.00112 ||
	||  0.00927 |-0.00045 | 0.00030 | 0.00164 | 0.00133 | 0.00090 | 0.99998 | 0.00245 | 0.00443 ||
	||  0.03643 | 0.00590 |-0.00509 | 0.00367 | 0.00910 | 0.00201 | 0.00245 | 0.99994 | 0.00211 ||
	||  0.11287 |-0.00109 |-0.00180 |-0.00084 |-0.00630 | 0.00112 | 0.00443 | 0.00211 | 0.99998 ||
	||------------------------------------------------------------------------------------------||

</pre>
</span>
</div>
</div>
<div id="footer">
<p>
<div>
<label class="hidden" id="label-for-line-wrapping-toggle" for="line-wrapping-toggle">Wrap lines
<input id="line-wrapping-toggle" type="checkbox" autocomplete="off"/>
</label>
</div>Generated by 
<a href="http://www.gradle.org">Gradle 3.5</a> at Jan 21, 2019 12:27:14 AM</p>
</div>
</div>
</body>
</html>
