<!DOCTYPE html>
<html>
<head>
<meta http-equiv="Content-Type" content="text/html; charset=utf-8"/>
<meta http-equiv="x-ua-compatible" content="IE=edge"/>
<title>Test results - Class org.drip.coverage.sequence.Statistics</title>
<link href="../css/base-style.css" rel="stylesheet" type="text/css"/>
<link href="../css/style.css" rel="stylesheet" type="text/css"/>
<script src="../js/report.js" type="text/javascript"></script>
</head>
<body>
<div id="content">
<h1>Class org.drip.coverage.sequence.Statistics</h1>
<div class="breadcrumbs">
<a href="../index.html">all</a> &gt; 
<a href="../packages/org.drip.coverage.sequence.html">org.drip.coverage.sequence</a> &gt; Statistics</div>
<div id="summary">
<table>
<tr>
<td>
<div class="summaryGroup">
<table>
<tr>
<td>
<div class="infoBox" id="tests">
<div class="counter">1</div>
<p>tests</p>
</div>
</td>
<td>
<div class="infoBox" id="failures">
<div class="counter">0</div>
<p>failures</p>
</div>
</td>
<td>
<div class="infoBox" id="ignored">
<div class="counter">0</div>
<p>ignored</p>
</div>
</td>
<td>
<div class="infoBox" id="duration">
<div class="counter">9.637s</div>
<p>duration</p>
</div>
</td>
</tr>
</table>
</div>
</td>
<td>
<div class="infoBox success" id="successRate">
<div class="percent">100%</div>
<p>successful</p>
</div>
</td>
</tr>
</table>
</div>
<div id="tabs">
<ul class="tabLinks">
<li>
<a href="#tab0">Tests</a>
</li>
<li>
<a href="#tab1">Standard output</a>
</li>
</ul>
<div id="tab0" class="tab">
<h2>Tests</h2>
<table>
<thead>
<tr>
<th>Test</th>
<th>Duration</th>
<th>Result</th>
</tr>
</thead>
<tr>
<td class="success">codeCoverageTest</td>
<td>9.637s</td>
<td class="success">passed</td>
</tr>
</table>
</div>
<div id="tab1" class="tab">
<h2>Standard output</h2>
<span class="code">
<pre>
	|-----------------------------------------------------------------|
	|    Copyright (C) 2011-2020 (DRIP, DROP)
	|-----------------------------------------------------------------|
	|    Build Version  =&gt; 4.57.0 multi mode
	|    Build JVM (TM) =&gt; 1.8.0_112
	|    Build Snap     =&gt; Sun Dec 29 11:10:11 EST 2019
	|    Start Time     =&gt; Sun Dec 29 13:24:07 EST 2019
	|    Setup Time     =&gt; Sun Dec 29 13:24:07 EST 2019
	|    Setup Duration =&gt; 1 ms
	|-----------------------------------------------------------------|


	||-------------------------------------------||
	||                R^1 METRICS                ||
	||-------------------------------------------||
	||    L -&gt; R:                                ||
	||            - Mean                         ||
	||            - Error                        ||
	||            - Variance                     ||
	||            - Standard Deviation           ||
	||-------------------------------------------||
	||  0.00380 |  0.79095 |  0.98329 |  0.99161 ||
	|| -0.00026 |  0.79285 |  0.98453 |  0.99223 ||
	||  0.00334 |  0.79575 |  0.99581 |  0.99790 ||
	||  0.00151 |  0.79637 |  0.99593 |  0.99796 ||
	||  0.00021 |  0.79936 |  1.00155 |  1.00078 ||
	|| -0.00402 |  0.79806 |  1.00092 |  1.00046 ||
	|| -0.00087 |  0.80224 |  1.00921 |  1.00459 ||
	||  0.00924 |  0.80292 |  1.00960 |  1.00479 ||
	|| -0.00530 |  0.80398 |  1.01637 |  1.00815 ||
	||-------------------------------------------||

	||------------------------------------------------------------------------------------------||
	||                                     INPUT CORRELATION                                    ||
	||------------------------------------------------------------------------------------------||
	||  1.00000 | 0.16100 | 0.24500 | 0.35200 | 0.25900 | 0.16600 | 0.00300 | 0.03800 | 0.11400 ||
	||  0.16100 | 1.00000 | 0.00000 | 0.00000 | 0.00000 | 0.00000 | 0.00000 | 0.00000 | 0.00000 ||
	||  0.24500 | 0.00000 | 1.00000 | 0.00000 | 0.00000 | 0.00000 | 0.00000 | 0.00000 | 0.00000 ||
	||  0.35200 | 0.00000 | 0.00000 | 1.00000 | 0.00000 | 0.00000 | 0.00000 | 0.00000 | 0.00000 ||
	||  0.25900 | 0.00000 | 0.00000 | 0.00000 | 1.00000 | 0.00000 | 0.00000 | 0.00000 | 0.00000 ||
	||  0.16600 | 0.00000 | 0.00000 | 0.00000 | 0.00000 | 1.00000 | 0.00000 | 0.00000 | 0.00000 ||
	||  0.00300 | 0.00000 | 0.00000 | 0.00000 | 0.00000 | 0.00000 | 1.00000 | 0.00000 | 0.00000 ||
	||  0.03800 | 0.00000 | 0.00000 | 0.00000 | 0.00000 | 0.00000 | 0.00000 | 1.00000 | 0.00000 ||
	||  0.11400 | 0.00000 | 0.00000 | 0.00000 | 0.00000 | 0.00000 | 0.00000 | 0.00000 | 1.00000 ||
	||------------------------------------------------------------------------------------------||

	||------------------------------------------------------------------------------------------||
	||                                    OUTPUT CORRELATION                                    ||
	||------------------------------------------------------------------------------------------||
	||  1.00000 | 0.16293 | 0.24450 | 0.34884 | 0.25888 | 0.16864 | 0.00595 | 0.03660 | 0.10711 ||
	||  0.16293 | 1.00000 |-0.00067 | 0.00430 |-0.00490 | 0.00071 | 0.00241 |-0.00138 |-0.00358 ||
	||  0.24450 |-0.00067 | 1.00000 |-0.00226 |-0.00044 | 0.00018 | 0.00421 |-0.00382 | 0.00149 ||
	||  0.34884 | 0.00430 |-0.00226 | 1.00000 |-0.00528 | 0.00105 | 0.00006 |-0.00190 |-0.00434 ||
	||  0.25888 |-0.00490 |-0.00044 |-0.00528 | 1.00000 | 0.00115 | 0.00126 |-0.00143 | 0.00748 ||
	||  0.16864 | 0.00071 | 0.00018 | 0.00105 | 0.00115 | 1.00000 |-0.00054 | 0.00545 |-0.00252 ||
	||  0.00595 | 0.00241 | 0.00421 | 0.00006 | 0.00126 |-0.00054 | 1.00000 | 0.00073 |-0.00016 ||
	||  0.03660 |-0.00138 |-0.00382 |-0.00190 |-0.00143 | 0.00545 | 0.00073 | 1.00000 |-0.00028 ||
	||  0.10711 |-0.00358 | 0.00149 |-0.00434 | 0.00748 |-0.00252 |-0.00016 |-0.00028 | 1.00000 ||
	||------------------------------------------------------------------------------------------||

	||------------------------------------------------------------------------------------------||
	||                                    OUTPUT COVARIANCE                                     ||
	||------------------------------------------------------------------------------------------||
	||  0.98329 | 0.16031 | 0.24194 | 0.34520 | 0.25691 | 0.16730 | 0.00592 | 0.03646 | 0.10708 ||
	||  0.16031 | 0.98453 |-0.00067 | 0.00426 |-0.00487 | 0.00070 | 0.00240 |-0.00137 |-0.00358 ||
	||  0.24194 |-0.00067 | 0.99581 |-0.00225 |-0.00044 | 0.00018 | 0.00422 |-0.00383 | 0.00150 ||
	||  0.34520 | 0.00426 |-0.00225 | 0.99593 |-0.00527 | 0.00105 | 0.00006 |-0.00191 |-0.00437 ||
	||  0.25691 |-0.00487 |-0.00044 |-0.00527 | 1.00155 | 0.00116 | 0.00127 |-0.00143 | 0.00755 ||
	||  0.16730 | 0.00070 | 0.00018 | 0.00105 | 0.00116 | 1.00092 |-0.00054 | 0.00548 |-0.00255 ||
	||  0.00592 | 0.00240 | 0.00422 | 0.00006 | 0.00127 |-0.00054 | 1.00921 | 0.00074 |-0.00016 ||
	||  0.03646 |-0.00137 |-0.00383 |-0.00191 |-0.00143 | 0.00548 | 0.00074 | 1.00960 |-0.00028 ||
	||  0.10708 |-0.00358 | 0.00150 |-0.00437 | 0.00755 |-0.00255 |-0.00016 |-0.00028 | 1.01637 ||
	||------------------------------------------------------------------------------------------||


	|-----------------------------------------------------------------|
	|    Copyright (C) 2011-2020 (DRIP, DROP)
	|-----------------------------------------------------------------|
	|    Build Version  =&gt; 4.57.0 multi mode
	|    Build JVM (TM) =&gt; 1.8.0_112
	|    Build Snap     =&gt; Sun Dec 29 11:10:11 EST 2019
	|    Start Time     =&gt; Sun Dec 29 13:24:09 EST 2019
	|    Setup Time     =&gt; Sun Dec 29 13:24:09 EST 2019
	|    Setup Duration =&gt; 0 ms
	|-----------------------------------------------------------------|


	||-------------------------------------------||
	||                R^1 METRICS                ||
	||-------------------------------------------||
	||    L -&gt; R:                                ||
	||            - Mean                         ||
	||            - Error                        ||
	||            - Variance                     ||
	||            - Standard Deviation           ||
	||-------------------------------------------||
	||  0.00201 |  0.80210 |  1.01091 |  1.00544 ||
	||  0.00244 |  0.80097 |  1.00645 |  1.00322 ||
	|| -0.00037 |  0.79840 |  1.00326 |  1.00163 ||
	||  0.00123 |  0.79964 |  1.00036 |  1.00018 ||
	||  0.00342 |  0.79896 |  1.00167 |  1.00083 ||
	||  0.00474 |  0.79440 |  0.98804 |  0.99400 ||
	||  0.00416 |  0.79779 |  1.00226 |  1.00113 ||
	|| -0.01000 |  0.79623 |  0.99760 |  0.99880 ||
	||  0.00046 |  0.80043 |  1.00143 |  1.00071 ||
	||-------------------------------------------||

	||------------------------------------------------------------------------------------------||
	||                                     INPUT CORRELATION                                    ||
	||------------------------------------------------------------------------------------------||
	||  1.00000 | 0.16100 | 0.24500 | 0.35200 | 0.25900 | 0.16600 | 0.00300 | 0.03800 | 0.11400 ||
	||  0.16100 | 1.00000 | 0.00000 | 0.00000 | 0.00000 | 0.00000 | 0.00000 | 0.00000 | 0.00000 ||
	||  0.24500 | 0.00000 | 1.00000 | 0.00000 | 0.00000 | 0.00000 | 0.00000 | 0.00000 | 0.00000 ||
	||  0.35200 | 0.00000 | 0.00000 | 1.00000 | 0.00000 | 0.00000 | 0.00000 | 0.00000 | 0.00000 ||
	||  0.25900 | 0.00000 | 0.00000 | 0.00000 | 1.00000 | 0.00000 | 0.00000 | 0.00000 | 0.00000 ||
	||  0.16600 | 0.00000 | 0.00000 | 0.00000 | 0.00000 | 1.00000 | 0.00000 | 0.00000 | 0.00000 ||
	||  0.00300 | 0.00000 | 0.00000 | 0.00000 | 0.00000 | 0.00000 | 1.00000 | 0.00000 | 0.00000 ||
	||  0.03800 | 0.00000 | 0.00000 | 0.00000 | 0.00000 | 0.00000 | 0.00000 | 1.00000 | 0.00000 ||
	||  0.11400 | 0.00000 | 0.00000 | 0.00000 | 0.00000 | 0.00000 | 0.00000 | 0.00000 | 1.00000 ||
	||------------------------------------------------------------------------------------------||

	||------------------------------------------------------------------------------------------||
	||                                    OUTPUT CORRELATION                                    ||
	||------------------------------------------------------------------------------------------||
	||  1.00000 | 0.16043 | 0.24825 | 0.35335 | 0.26694 | 0.16631 | 0.00371 | 0.03873 | 0.11044 ||
	||  0.16043 | 1.00000 |-0.00038 | 0.00250 | 0.00071 | 0.00504 | 0.00743 | 0.00111 |-0.00448 ||
	||  0.24825 |-0.00038 | 1.00000 | 0.00406 | 0.00267 |-0.00250 | 0.00219 |-0.00497 |-0.00535 ||
	||  0.35335 | 0.00250 | 0.00406 | 1.00000 | 0.00523 |-0.00545 | 0.00219 | 0.00072 | 0.00409 ||
	||  0.26694 | 0.00071 | 0.00267 | 0.00523 | 1.00000 | 0.00401 |-0.00625 |-0.01072 |-0.00825 ||
	||  0.16631 | 0.00504 |-0.00250 |-0.00545 | 0.00401 | 1.00000 | 0.00380 |-0.00095 | 0.00340 ||
	||  0.00371 | 0.00743 | 0.00219 | 0.00219 |-0.00625 | 0.00380 | 1.00000 |-0.00620 |-0.00167 ||
	||  0.03873 | 0.00111 |-0.00497 | 0.00072 |-0.01072 |-0.00095 |-0.00620 | 1.00000 | 0.00244 ||
	||  0.11044 |-0.00448 |-0.00535 | 0.00409 |-0.00825 | 0.00340 |-0.00167 | 0.00244 | 1.00000 ||
	||------------------------------------------------------------------------------------------||

	||------------------------------------------------------------------------------------------||
	||                                    OUTPUT COVARIANCE                                     ||
	||------------------------------------------------------------------------------------------||
	||  1.01091 | 0.16182 | 0.25000 | 0.35533 | 0.26862 | 0.16621 | 0.00374 | 0.03889 | 0.11112 ||
	||  0.16182 | 1.00645 |-0.00039 | 0.00251 | 0.00071 | 0.00502 | 0.00747 | 0.00111 |-0.00450 ||
	||  0.25000 |-0.00039 | 1.00326 | 0.00407 | 0.00268 |-0.00249 | 0.00220 |-0.00497 |-0.00537 ||
	||  0.35533 | 0.00251 | 0.00407 | 1.00036 | 0.00523 |-0.00542 | 0.00219 | 0.00072 | 0.00410 ||
	||  0.26862 | 0.00071 | 0.00268 | 0.00523 | 1.00167 | 0.00399 |-0.00626 |-0.01072 |-0.00827 ||
	||  0.16621 | 0.00502 |-0.00249 |-0.00542 | 0.00399 | 0.98804 | 0.00378 |-0.00094 | 0.00338 ||
	||  0.00374 | 0.00747 | 0.00220 | 0.00219 |-0.00626 | 0.00378 | 1.00226 |-0.00620 |-0.00167 ||
	||  0.03889 | 0.00111 |-0.00497 | 0.00072 |-0.01072 |-0.00094 |-0.00620 | 0.99760 | 0.00244 ||
	||  0.11112 |-0.00450 |-0.00537 | 0.00410 |-0.00827 | 0.00338 |-0.00167 | 0.00244 | 1.00143 ||
	||------------------------------------------------------------------------------------------||


	|-----------------------------------------------------------------|
	|    Copyright (C) 2011-2020 (DRIP, DROP)
	|-----------------------------------------------------------------|
	|    Build Version  =&gt; 4.57.0 multi mode
	|    Build JVM (TM) =&gt; 1.8.0_112
	|    Build Snap     =&gt; Sun Dec 29 11:10:11 EST 2019
	|    Start Time     =&gt; Sun Dec 29 13:24:12 EST 2019
	|    Setup Time     =&gt; Sun Dec 29 13:24:12 EST 2019
	|    Setup Duration =&gt; 1 ms
	|-----------------------------------------------------------------|


	||-------------------------------------------||
	||                R^1 METRICS                ||
	||-------------------------------------------||
	||    L -&gt; R:                                ||
	||            - Mean                         ||
	||            - Error                        ||
	||            - Variance                     ||
	||            - Standard Deviation           ||
	||-------------------------------------------||
	||  0.00184 |  0.79864 |  1.00000 |  1.00000 ||
	|| -0.01113 |  0.79703 |  0.99988 |  0.99994 ||
	|| -0.00031 |  0.79965 |  1.00000 |  1.00000 ||
	|| -0.00040 |  0.79771 |  1.00000 |  1.00000 ||
	|| -0.00133 |  0.79835 |  1.00000 |  1.00000 ||
	||  0.00521 |  0.79702 |  0.99997 |  0.99999 ||
	|| -0.00292 |  0.79826 |  0.99999 |  1.00000 ||
	||  0.00636 |  0.79797 |  0.99996 |  0.99998 ||
	||  0.00626 |  0.79930 |  0.99996 |  0.99998 ||
	||-------------------------------------------||

	||------------------------------------------------------------------------------------------||
	||                                     INPUT CORRELATION                                    ||
	||------------------------------------------------------------------------------------------||
	||  1.00000 | 0.16100 | 0.24500 | 0.35200 | 0.25900 | 0.16600 | 0.00300 | 0.03800 | 0.11400 ||
	||  0.16100 | 1.00000 | 0.00000 | 0.00000 | 0.00000 | 0.00000 | 0.00000 | 0.00000 | 0.00000 ||
	||  0.24500 | 0.00000 | 1.00000 | 0.00000 | 0.00000 | 0.00000 | 0.00000 | 0.00000 | 0.00000 ||
	||  0.35200 | 0.00000 | 0.00000 | 1.00000 | 0.00000 | 0.00000 | 0.00000 | 0.00000 | 0.00000 ||
	||  0.25900 | 0.00000 | 0.00000 | 0.00000 | 1.00000 | 0.00000 | 0.00000 | 0.00000 | 0.00000 ||
	||  0.16600 | 0.00000 | 0.00000 | 0.00000 | 0.00000 | 1.00000 | 0.00000 | 0.00000 | 0.00000 ||
	||  0.00300 | 0.00000 | 0.00000 | 0.00000 | 0.00000 | 0.00000 | 1.00000 | 0.00000 | 0.00000 ||
	||  0.03800 | 0.00000 | 0.00000 | 0.00000 | 0.00000 | 0.00000 | 0.00000 | 1.00000 | 0.00000 ||
	||  0.11400 | 0.00000 | 0.00000 | 0.00000 | 0.00000 | 0.00000 | 0.00000 | 0.00000 | 1.00000 ||
	||------------------------------------------------------------------------------------------||

	||------------------------------------------------------------------------------------------||
	||                                    OUTPUT CORRELATION                                    ||
	||------------------------------------------------------------------------------------------||
	||  1.00000 | 0.16228 | 0.24978 | 0.34898 | 0.25035 | 0.16136 | 0.00711 | 0.03755 | 0.11376 ||
	||  0.16228 | 1.00000 | 0.00162 |-0.00678 |-0.00121 |-0.00028 | 0.00415 | 0.00267 |-0.00085 ||
	||  0.24978 | 0.00162 | 1.00000 |-0.00722 | 0.00527 | 0.00338 | 0.00769 | 0.00250 |-0.00234 ||
	||  0.34898 |-0.00678 |-0.00722 | 1.00000 |-0.00182 | 0.00990 | 0.00099 |-0.00334 | 0.00732 ||
	||  0.25035 |-0.00121 | 0.00527 |-0.00182 | 1.00000 |-0.00277 |-0.00514 |-0.00163 | 0.00221 ||
	||  0.16136 |-0.00028 | 0.00338 | 0.00990 |-0.00277 | 1.00000 | 0.00486 |-0.00274 |-0.00566 ||
	||  0.00711 | 0.00415 | 0.00769 | 0.00099 |-0.00514 | 0.00486 | 1.00000 |-0.00751 |-0.00055 ||
	||  0.03755 | 0.00267 | 0.00250 |-0.00334 |-0.00163 |-0.00274 |-0.00751 | 1.00000 |-0.00001 ||
	||  0.11376 |-0.00085 |-0.00234 | 0.00732 | 0.00221 |-0.00566 |-0.00055 |-0.00001 | 1.00000 ||
	||------------------------------------------------------------------------------------------||

	||------------------------------------------------------------------------------------------||
	||                                    OUTPUT COVARIANCE                                     ||
	||------------------------------------------------------------------------------------------||
	||  1.00000 | 0.16227 | 0.24978 | 0.34898 | 0.25035 | 0.16135 | 0.00711 | 0.03755 | 0.11375 ||
	||  0.16227 | 0.99988 | 0.00162 |-0.00678 |-0.00121 |-0.00028 | 0.00415 | 0.00267 |-0.00085 ||
	||  0.24978 | 0.00162 | 1.00000 |-0.00722 | 0.00527 | 0.00338 | 0.00769 | 0.00250 |-0.00234 ||
	||  0.34898 |-0.00678 |-0.00722 | 1.00000 |-0.00182 | 0.00990 | 0.00099 |-0.00334 | 0.00732 ||
	||  0.25035 |-0.00121 | 0.00527 |-0.00182 | 1.00000 |-0.00277 |-0.00514 |-0.00163 | 0.00221 ||
	||  0.16135 |-0.00028 | 0.00338 | 0.00990 |-0.00277 | 0.99997 | 0.00486 |-0.00274 |-0.00566 ||
	||  0.00711 | 0.00415 | 0.00769 | 0.00099 |-0.00514 | 0.00486 | 0.99999 |-0.00751 |-0.00055 ||
	||  0.03755 | 0.00267 | 0.00250 |-0.00334 |-0.00163 |-0.00274 |-0.00751 | 0.99996 |-0.00001 ||
	||  0.11375 |-0.00085 |-0.00234 | 0.00732 | 0.00221 |-0.00566 |-0.00055 |-0.00001 | 0.99996 ||
	||------------------------------------------------------------------------------------------||


	|-----------------------------------------------------------------|
	|    Copyright (C) 2011-2020 (DRIP, DROP)
	|-----------------------------------------------------------------|
	|    Build Version  =&gt; 4.57.0 multi mode
	|    Build JVM (TM) =&gt; 1.8.0_112
	|    Build Snap     =&gt; Sun Dec 29 11:10:11 EST 2019
	|    Start Time     =&gt; Sun Dec 29 13:24:14 EST 2019
	|    Setup Time     =&gt; Sun Dec 29 13:24:14 EST 2019
	|    Setup Duration =&gt; 0 ms
	|-----------------------------------------------------------------|


	||-------------------------------------------||
	||                R^1 METRICS                ||
	||-------------------------------------------||
	||    L -&gt; R:                                ||
	||            - Mean                         ||
	||            - Error                        ||
	||            - Variance                     ||
	||            - Standard Deviation           ||
	||-------------------------------------------||
	||  0.00076 |  0.79823 |  0.99998 |  0.99999 ||
	||  0.00241 |  0.79772 |  0.99997 |  0.99999 ||
	||  0.00039 |  0.79755 |  0.99998 |  0.99999 ||
	|| -0.00091 |  0.79819 |  0.99998 |  0.99999 ||
	|| -0.00363 |  0.80075 |  0.99997 |  0.99998 ||
	||  0.00083 |  0.79773 |  0.99998 |  0.99999 ||
	|| -0.00852 |  0.79769 |  0.99991 |  0.99995 ||
	|| -0.00500 |  0.79953 |  0.99995 |  0.99998 ||
	||  0.00380 |  0.79804 |  0.99997 |  0.99998 ||
	||-------------------------------------------||

	||------------------------------------------------------------------------------------------||
	||                                     INPUT CORRELATION                                    ||
	||------------------------------------------------------------------------------------------||
	||  1.00000 | 0.16100 | 0.24500 | 0.35200 | 0.25900 | 0.16600 | 0.00300 | 0.03800 | 0.11400 ||
	||  0.16100 | 1.00000 | 0.00000 | 0.00000 | 0.00000 | 0.00000 | 0.00000 | 0.00000 | 0.00000 ||
	||  0.24500 | 0.00000 | 1.00000 | 0.00000 | 0.00000 | 0.00000 | 0.00000 | 0.00000 | 0.00000 ||
	||  0.35200 | 0.00000 | 0.00000 | 1.00000 | 0.00000 | 0.00000 | 0.00000 | 0.00000 | 0.00000 ||
	||  0.25900 | 0.00000 | 0.00000 | 0.00000 | 1.00000 | 0.00000 | 0.00000 | 0.00000 | 0.00000 ||
	||  0.16600 | 0.00000 | 0.00000 | 0.00000 | 0.00000 | 1.00000 | 0.00000 | 0.00000 | 0.00000 ||
	||  0.00300 | 0.00000 | 0.00000 | 0.00000 | 0.00000 | 0.00000 | 1.00000 | 0.00000 | 0.00000 ||
	||  0.03800 | 0.00000 | 0.00000 | 0.00000 | 0.00000 | 0.00000 | 0.00000 | 1.00000 | 0.00000 ||
	||  0.11400 | 0.00000 | 0.00000 | 0.00000 | 0.00000 | 0.00000 | 0.00000 | 0.00000 | 1.00000 ||
	||------------------------------------------------------------------------------------------||

	||------------------------------------------------------------------------------------------||
	||                                    OUTPUT CORRELATION                                    ||
	||------------------------------------------------------------------------------------------||
	||  1.00000 | 0.15931 | 0.25076 | 0.35227 | 0.26156 | 0.16897 | 0.00577 | 0.04109 | 0.11106 ||
	||  0.15931 | 1.00000 | 0.00590 |-0.00263 | 0.00482 |-0.00134 | 0.00012 |-0.00368 |-0.00052 ||
	||  0.25076 | 0.00590 | 1.00000 | 0.00524 | 0.00650 |-0.00041 |-0.00580 |-0.00457 | 0.00035 ||
	||  0.35227 |-0.00263 | 0.00524 | 1.00000 | 0.00390 |-0.00717 |-0.00116 | 0.00393 |-0.00256 ||
	||  0.26156 | 0.00482 | 0.00650 | 0.00390 | 1.00000 |-0.00129 |-0.00209 |-0.00019 |-0.00718 ||
	||  0.16897 |-0.00134 |-0.00041 |-0.00717 |-0.00129 | 1.00000 | 0.00143 |-0.00797 | 0.00418 ||
	||  0.00577 | 0.00012 |-0.00580 |-0.00116 |-0.00209 | 0.00143 | 1.00000 |-0.00037 |-0.00351 ||
	||  0.04109 |-0.00368 |-0.00457 | 0.00393 |-0.00019 |-0.00797 |-0.00037 | 1.00000 | 0.00202 ||
	||  0.11106 |-0.00052 | 0.00035 |-0.00256 |-0.00718 | 0.00418 |-0.00351 | 0.00202 | 1.00000 ||
	||------------------------------------------------------------------------------------------||

	||------------------------------------------------------------------------------------------||
	||                                    OUTPUT COVARIANCE                                     ||
	||------------------------------------------------------------------------------------------||
	||  0.99998 | 0.15931 | 0.25076 | 0.35226 | 0.26155 | 0.16897 | 0.00577 | 0.04109 | 0.11105 ||
	||  0.15931 | 0.99997 | 0.00590 |-0.00263 | 0.00482 |-0.00134 | 0.00012 |-0.00368 |-0.00052 ||
	||  0.25076 | 0.00590 | 0.99998 | 0.00524 | 0.00650 |-0.00041 |-0.00580 |-0.00457 | 0.00035 ||
	||  0.35226 |-0.00263 | 0.00524 | 0.99998 | 0.00390 |-0.00717 |-0.00116 | 0.00393 |-0.00256 ||
	||  0.26155 | 0.00482 | 0.00650 | 0.00390 | 0.99997 |-0.00129 |-0.00209 |-0.00019 |-0.00718 ||
	||  0.16897 |-0.00134 |-0.00041 |-0.00717 |-0.00129 | 0.99998 | 0.00143 |-0.00797 | 0.00418 ||
	||  0.00577 | 0.00012 |-0.00580 |-0.00116 |-0.00209 | 0.00143 | 0.99991 |-0.00037 |-0.00351 ||
	||  0.04109 |-0.00368 |-0.00457 | 0.00393 |-0.00019 |-0.00797 |-0.00037 | 0.99995 | 0.00202 ||
	||  0.11105 |-0.00052 | 0.00035 |-0.00256 |-0.00718 | 0.00418 |-0.00351 | 0.00202 | 0.99997 ||
	||------------------------------------------------------------------------------------------||

</pre>
</span>
</div>
</div>
<div id="footer">
<p>
<div>
<label class="hidden" id="label-for-line-wrapping-toggle" for="line-wrapping-toggle">Wrap lines
<input id="line-wrapping-toggle" type="checkbox" autocomplete="off"/>
</label>
</div>Generated by 
<a href="http://www.gradle.org">Gradle 3.5</a> at Dec 29, 2019 1:51:04 PM</p>
</div>
</div>
</body>
</html>
