<!DOCTYPE html>
<html>
<head>
<meta http-equiv="Content-Type" content="text/html; charset=utf-8"/>
<meta http-equiv="x-ua-compatible" content="IE=edge"/>
<title>Test results - Class org.drip.coverage.sequence.Statistics</title>
<link href="../css/base-style.css" rel="stylesheet" type="text/css"/>
<link href="../css/style.css" rel="stylesheet" type="text/css"/>
<script src="../js/report.js" type="text/javascript"></script>
</head>
<body>
<div id="content">
<h1>Class org.drip.coverage.sequence.Statistics</h1>
<div class="breadcrumbs">
<a href="../index.html">all</a> &gt; 
<a href="../packages/org.drip.coverage.sequence.html">org.drip.coverage.sequence</a> &gt; Statistics</div>
<div id="summary">
<table>
<tr>
<td>
<div class="summaryGroup">
<table>
<tr>
<td>
<div class="infoBox" id="tests">
<div class="counter">1</div>
<p>tests</p>
</div>
</td>
<td>
<div class="infoBox" id="failures">
<div class="counter">0</div>
<p>failures</p>
</div>
</td>
<td>
<div class="infoBox" id="ignored">
<div class="counter">0</div>
<p>ignored</p>
</div>
</td>
<td>
<div class="infoBox" id="duration">
<div class="counter">9.599s</div>
<p>duration</p>
</div>
</td>
</tr>
</table>
</div>
</td>
<td>
<div class="infoBox success" id="successRate">
<div class="percent">100%</div>
<p>successful</p>
</div>
</td>
</tr>
</table>
</div>
<div id="tabs">
<ul class="tabLinks">
<li>
<a href="#tab0">Tests</a>
</li>
<li>
<a href="#tab1">Standard output</a>
</li>
</ul>
<div id="tab0" class="tab">
<h2>Tests</h2>
<table>
<thead>
<tr>
<th>Test</th>
<th>Duration</th>
<th>Result</th>
</tr>
</thead>
<tr>
<td class="success">codeCoverageTest</td>
<td>9.599s</td>
<td class="success">passed</td>
</tr>
</table>
</div>
<div id="tab1" class="tab">
<h2>Standard output</h2>
<span class="code">
<pre>
	|-----------------------------------------------------------------|
	|    Copyright (C) 2011-2018 (DRIP)
	|-----------------------------------------------------------------|
	|    Build Version  =&gt; 3.42.0 multi mode
	|    Build JVM (TM) =&gt; 1.8.0_112
	|    Build Snap     =&gt; Sat Apr 21 03:24:56 EST 2018
	|    Start Time     =&gt; Wed Apr 25 08:38:54 EDT 2018
	|    Setup Time     =&gt; Wed Apr 25 08:38:54 EDT 2018
	|    Setup Duration =&gt; 0 ms
	|-----------------------------------------------------------------|


	||-------------------------------------------||
	||                R^1 METRICS                ||
	||-------------------------------------------||
	||    L -&gt; R:                                ||
	||            - Mean                         ||
	||            - Error                        ||
	||            - Variance                     ||
	||            - Standard Deviation           ||
	||-------------------------------------------||
	|| -0.00464 |  0.80012 |  1.00879 |  1.00439 ||
	|| -0.00098 |  0.79983 |  1.00418 |  1.00209 ||
	||  0.00138 |  0.79825 |  0.99452 |  0.99725 ||
	|| -0.00409 |  0.79577 |  0.99850 |  0.99925 ||
	|| -0.00398 |  0.79669 |  0.99786 |  0.99893 ||
	|| -0.00309 |  0.79875 |  1.00147 |  1.00073 ||
	|| -0.00286 |  0.79403 |  0.99003 |  0.99500 ||
	|| -0.00353 |  0.79575 |  0.99151 |  0.99575 ||
	|| -0.00406 |  0.80233 |  1.00486 |  1.00243 ||
	||-------------------------------------------||

	||------------------------------------------------------------------------------------------||
	||                                     INPUT CORRELATION                                    ||
	||------------------------------------------------------------------------------------------||
	||  1.00000 | 0.16100 | 0.24500 | 0.35200 | 0.25900 | 0.16600 | 0.00300 | 0.03800 | 0.11400 ||
	||  0.16100 | 1.00000 | 0.00000 | 0.00000 | 0.00000 | 0.00000 | 0.00000 | 0.00000 | 0.00000 ||
	||  0.24500 | 0.00000 | 1.00000 | 0.00000 | 0.00000 | 0.00000 | 0.00000 | 0.00000 | 0.00000 ||
	||  0.35200 | 0.00000 | 0.00000 | 1.00000 | 0.00000 | 0.00000 | 0.00000 | 0.00000 | 0.00000 ||
	||  0.25900 | 0.00000 | 0.00000 | 0.00000 | 1.00000 | 0.00000 | 0.00000 | 0.00000 | 0.00000 ||
	||  0.16600 | 0.00000 | 0.00000 | 0.00000 | 0.00000 | 1.00000 | 0.00000 | 0.00000 | 0.00000 ||
	||  0.00300 | 0.00000 | 0.00000 | 0.00000 | 0.00000 | 0.00000 | 1.00000 | 0.00000 | 0.00000 ||
	||  0.03800 | 0.00000 | 0.00000 | 0.00000 | 0.00000 | 0.00000 | 0.00000 | 1.00000 | 0.00000 ||
	||  0.11400 | 0.00000 | 0.00000 | 0.00000 | 0.00000 | 0.00000 | 0.00000 | 0.00000 | 1.00000 ||
	||------------------------------------------------------------------------------------------||

	||------------------------------------------------------------------------------------------||
	||                                    OUTPUT CORRELATION                                    ||
	||------------------------------------------------------------------------------------------||
	||  1.00000 | 0.16179 | 0.24784 | 0.34511 | 0.25910 | 0.16536 | 0.00444 | 0.03596 | 0.11682 ||
	||  0.16179 | 1.00000 |-0.00192 |-0.00376 |-0.00409 | 0.00198 | 0.00182 | 0.00779 | 0.00105 ||
	||  0.24784 |-0.00192 | 1.00000 |-0.00340 |-0.00396 | 0.00194 | 0.00407 |-0.00352 |-0.00261 ||
	||  0.34511 |-0.00376 |-0.00340 | 1.00000 |-0.00710 | 0.00171 |-0.00489 |-0.01128 | 0.00759 ||
	||  0.25910 |-0.00409 |-0.00396 |-0.00710 | 1.00000 | 0.00425 |-0.00025 |-0.00026 | 0.00374 ||
	||  0.16536 | 0.00198 | 0.00194 | 0.00171 | 0.00425 | 1.00000 |-0.00239 |-0.00313 |-0.00522 ||
	||  0.00444 | 0.00182 | 0.00407 |-0.00489 |-0.00025 |-0.00239 | 1.00000 | 0.00340 |-0.00994 ||
	||  0.03596 | 0.00779 |-0.00352 |-0.01128 |-0.00026 |-0.00313 | 0.00340 | 1.00000 | 0.00113 ||
	||  0.11682 | 0.00105 |-0.00261 | 0.00759 | 0.00374 |-0.00522 |-0.00994 | 0.00113 | 1.00000 ||
	||------------------------------------------------------------------------------------------||

	||------------------------------------------------------------------------------------------||
	||                                    OUTPUT COVARIANCE                                     ||
	||------------------------------------------------------------------------------------------||
	||  1.00879 | 0.16284 | 0.24824 | 0.34636 | 0.25995 | 0.16621 | 0.00444 | 0.03596 | 0.11761 ||
	||  0.16284 | 1.00418 |-0.00192 |-0.00377 |-0.00409 | 0.00198 | 0.00181 | 0.00777 | 0.00105 ||
	||  0.24824 |-0.00192 | 0.99452 |-0.00338 |-0.00394 | 0.00193 | 0.00403 |-0.00350 |-0.00261 ||
	||  0.34636 |-0.00377 |-0.00338 | 0.99850 |-0.00708 | 0.00171 |-0.00486 |-0.01122 | 0.00760 ||
	||  0.25995 |-0.00409 |-0.00394 |-0.00708 | 0.99786 | 0.00425 |-0.00025 |-0.00026 | 0.00374 ||
	||  0.16621 | 0.00198 | 0.00193 | 0.00171 | 0.00425 | 1.00147 |-0.00237 |-0.00312 |-0.00524 ||
	||  0.00444 | 0.00181 | 0.00403 |-0.00486 |-0.00025 |-0.00237 | 0.99003 | 0.00337 |-0.00992 ||
	||  0.03596 | 0.00777 |-0.00350 |-0.01122 |-0.00026 |-0.00312 | 0.00337 | 0.99151 | 0.00113 ||
	||  0.11761 | 0.00105 |-0.00261 | 0.00760 | 0.00374 |-0.00524 |-0.00992 | 0.00113 | 1.00486 ||
	||------------------------------------------------------------------------------------------||


	|-----------------------------------------------------------------|
	|    Copyright (C) 2011-2018 (DRIP)
	|-----------------------------------------------------------------|
	|    Build Version  =&gt; 3.42.0 multi mode
	|    Build JVM (TM) =&gt; 1.8.0_112
	|    Build Snap     =&gt; Sat Apr 21 03:24:56 EST 2018
	|    Start Time     =&gt; Wed Apr 25 08:38:56 EDT 2018
	|    Setup Time     =&gt; Wed Apr 25 08:38:56 EDT 2018
	|    Setup Duration =&gt; 0 ms
	|-----------------------------------------------------------------|


	||-------------------------------------------||
	||                R^1 METRICS                ||
	||-------------------------------------------||
	||    L -&gt; R:                                ||
	||            - Mean                         ||
	||            - Error                        ||
	||            - Variance                     ||
	||            - Standard Deviation           ||
	||-------------------------------------------||
	||  0.00220 |  0.80232 |  1.00792 |  1.00395 ||
	|| -0.00351 |  0.79850 |  1.00203 |  1.00102 ||
	||  0.00050 |  0.79788 |  0.99990 |  0.99995 ||
	|| -0.00939 |  0.79812 |  1.00236 |  1.00118 ||
	|| -0.00010 |  0.79764 |  1.00090 |  1.00045 ||
	|| -0.00093 |  0.79963 |  1.00480 |  1.00240 ||
	|| -0.00459 |  0.80053 |  1.00382 |  1.00191 ||
	||  0.00071 |  0.79511 |  0.99087 |  0.99542 ||
	|| -0.00408 |  0.79256 |  0.98744 |  0.99370 ||
	||-------------------------------------------||

	||------------------------------------------------------------------------------------------||
	||                                     INPUT CORRELATION                                    ||
	||------------------------------------------------------------------------------------------||
	||  1.00000 | 0.16100 | 0.24500 | 0.35200 | 0.25900 | 0.16600 | 0.00300 | 0.03800 | 0.11400 ||
	||  0.16100 | 1.00000 | 0.00000 | 0.00000 | 0.00000 | 0.00000 | 0.00000 | 0.00000 | 0.00000 ||
	||  0.24500 | 0.00000 | 1.00000 | 0.00000 | 0.00000 | 0.00000 | 0.00000 | 0.00000 | 0.00000 ||
	||  0.35200 | 0.00000 | 0.00000 | 1.00000 | 0.00000 | 0.00000 | 0.00000 | 0.00000 | 0.00000 ||
	||  0.25900 | 0.00000 | 0.00000 | 0.00000 | 1.00000 | 0.00000 | 0.00000 | 0.00000 | 0.00000 ||
	||  0.16600 | 0.00000 | 0.00000 | 0.00000 | 0.00000 | 1.00000 | 0.00000 | 0.00000 | 0.00000 ||
	||  0.00300 | 0.00000 | 0.00000 | 0.00000 | 0.00000 | 0.00000 | 1.00000 | 0.00000 | 0.00000 ||
	||  0.03800 | 0.00000 | 0.00000 | 0.00000 | 0.00000 | 0.00000 | 0.00000 | 1.00000 | 0.00000 ||
	||  0.11400 | 0.00000 | 0.00000 | 0.00000 | 0.00000 | 0.00000 | 0.00000 | 0.00000 | 1.00000 ||
	||------------------------------------------------------------------------------------------||

	||------------------------------------------------------------------------------------------||
	||                                    OUTPUT CORRELATION                                    ||
	||------------------------------------------------------------------------------------------||
	||  1.00000 | 0.16403 | 0.25103 | 0.35407 | 0.26284 | 0.16752 |-0.00010 | 0.03683 | 0.11230 ||
	||  0.16403 | 1.00000 | 0.00803 | 0.00270 | 0.00411 | 0.00065 | 0.00145 |-0.00112 |-0.00639 ||
	||  0.25103 | 0.00803 | 1.00000 | 0.00288 |-0.00190 |-0.00171 |-0.00265 | 0.00105 | 0.00114 ||
	||  0.35407 | 0.00270 | 0.00288 | 1.00000 |-0.00056 |-0.00065 |-0.00286 |-0.00081 |-0.00377 ||
	||  0.26284 | 0.00411 |-0.00190 |-0.00056 | 1.00000 | 0.00397 |-0.00211 | 0.00053 | 0.00396 ||
	||  0.16752 | 0.00065 |-0.00171 |-0.00065 | 0.00397 | 1.00000 |-0.00284 |-0.00339 | 0.00070 ||
	|| -0.00010 | 0.00145 |-0.00265 |-0.00286 |-0.00211 |-0.00284 | 1.00000 |-0.00374 | 0.00002 ||
	||  0.03683 |-0.00112 | 0.00105 |-0.00081 | 0.00053 |-0.00339 |-0.00374 | 1.00000 |-0.00022 ||
	||  0.11230 |-0.00639 | 0.00114 |-0.00377 | 0.00396 | 0.00070 | 0.00002 |-0.00022 | 1.00000 ||
	||------------------------------------------------------------------------------------------||

	||------------------------------------------------------------------------------------------||
	||                                    OUTPUT COVARIANCE                                     ||
	||------------------------------------------------------------------------------------------||
	||  1.00792 | 0.16485 | 0.25201 | 0.35589 | 0.26400 | 0.16858 |-0.00010 | 0.03681 | 0.11204 ||
	||  0.16485 | 1.00203 | 0.00804 | 0.00270 | 0.00412 | 0.00065 | 0.00145 |-0.00111 |-0.00635 ||
	||  0.25201 | 0.00804 | 0.99990 | 0.00288 |-0.00190 |-0.00172 |-0.00266 | 0.00105 | 0.00113 ||
	||  0.35589 | 0.00270 | 0.00288 | 1.00236 |-0.00056 |-0.00066 |-0.00287 |-0.00080 |-0.00375 ||
	||  0.26400 | 0.00412 |-0.00190 |-0.00056 | 1.00090 | 0.00399 |-0.00211 | 0.00053 | 0.00393 ||
	||  0.16858 | 0.00065 |-0.00172 |-0.00066 | 0.00399 | 1.00480 |-0.00285 |-0.00338 | 0.00070 ||
	|| -0.00010 | 0.00145 |-0.00266 |-0.00287 |-0.00211 |-0.00285 | 1.00382 |-0.00373 | 0.00002 ||
	||  0.03681 |-0.00111 | 0.00105 |-0.00080 | 0.00053 |-0.00338 |-0.00373 | 0.99087 |-0.00022 ||
	||  0.11204 |-0.00635 | 0.00113 |-0.00375 | 0.00393 | 0.00070 | 0.00002 |-0.00022 | 0.98744 ||
	||------------------------------------------------------------------------------------------||


	|-----------------------------------------------------------------|
	|    Copyright (C) 2011-2018 (DRIP)
	|-----------------------------------------------------------------|
	|    Build Version  =&gt; 3.42.0 multi mode
	|    Build JVM (TM) =&gt; 1.8.0_112
	|    Build Snap     =&gt; Sat Apr 21 03:24:56 EST 2018
	|    Start Time     =&gt; Wed Apr 25 08:38:59 EDT 2018
	|    Setup Time     =&gt; Wed Apr 25 08:38:59 EDT 2018
	|    Setup Duration =&gt; 0 ms
	|-----------------------------------------------------------------|


	||-------------------------------------------||
	||                R^1 METRICS                ||
	||-------------------------------------------||
	||    L -&gt; R:                                ||
	||            - Mean                         ||
	||            - Error                        ||
	||            - Variance                     ||
	||            - Standard Deviation           ||
	||-------------------------------------------||
	||  0.00282 |  0.79766 |  0.99999 |  1.00000 ||
	||  0.00022 |  0.80077 |  1.00000 |  1.00000 ||
	||  0.00197 |  0.79656 |  1.00000 |  1.00000 ||
	||  0.00084 |  0.79863 |  1.00000 |  1.00000 ||
	||  0.00599 |  0.79916 |  0.99996 |  0.99998 ||
	||  0.00462 |  0.79798 |  0.99998 |  0.99999 ||
	||  0.00231 |  0.79685 |  0.99999 |  1.00000 ||
	|| -0.00050 |  0.79635 |  1.00000 |  1.00000 ||
	||  0.00481 |  0.79843 |  0.99998 |  0.99999 ||
	||-------------------------------------------||

	||------------------------------------------------------------------------------------------||
	||                                     INPUT CORRELATION                                    ||
	||------------------------------------------------------------------------------------------||
	||  1.00000 | 0.16100 | 0.24500 | 0.35200 | 0.25900 | 0.16600 | 0.00300 | 0.03800 | 0.11400 ||
	||  0.16100 | 1.00000 | 0.00000 | 0.00000 | 0.00000 | 0.00000 | 0.00000 | 0.00000 | 0.00000 ||
	||  0.24500 | 0.00000 | 1.00000 | 0.00000 | 0.00000 | 0.00000 | 0.00000 | 0.00000 | 0.00000 ||
	||  0.35200 | 0.00000 | 0.00000 | 1.00000 | 0.00000 | 0.00000 | 0.00000 | 0.00000 | 0.00000 ||
	||  0.25900 | 0.00000 | 0.00000 | 0.00000 | 1.00000 | 0.00000 | 0.00000 | 0.00000 | 0.00000 ||
	||  0.16600 | 0.00000 | 0.00000 | 0.00000 | 0.00000 | 1.00000 | 0.00000 | 0.00000 | 0.00000 ||
	||  0.00300 | 0.00000 | 0.00000 | 0.00000 | 0.00000 | 0.00000 | 1.00000 | 0.00000 | 0.00000 ||
	||  0.03800 | 0.00000 | 0.00000 | 0.00000 | 0.00000 | 0.00000 | 0.00000 | 1.00000 | 0.00000 ||
	||  0.11400 | 0.00000 | 0.00000 | 0.00000 | 0.00000 | 0.00000 | 0.00000 | 0.00000 | 1.00000 ||
	||------------------------------------------------------------------------------------------||

	||------------------------------------------------------------------------------------------||
	||                                    OUTPUT CORRELATION                                    ||
	||------------------------------------------------------------------------------------------||
	||  1.00000 | 0.16259 | 0.25151 | 0.35351 | 0.26369 | 0.17206 |-0.00214 | 0.03275 | 0.11757 ||
	||  0.16259 | 1.00000 | 0.01303 |-0.00075 | 0.00354 |-0.00289 | 0.00333 | 0.00088 | 0.00160 ||
	||  0.25151 | 0.01303 | 1.00000 | 0.00199 | 0.00347 |-0.00636 |-0.00456 | 0.00146 | 0.00103 ||
	||  0.35351 |-0.00075 | 0.00199 | 1.00000 | 0.00286 | 0.00111 | 0.00169 | 0.00123 | 0.00616 ||
	||  0.26369 | 0.00354 | 0.00347 | 0.00286 | 1.00000 |-0.00166 | 0.00252 | 0.00221 |-0.00336 ||
	||  0.17206 |-0.00289 |-0.00636 | 0.00111 |-0.00166 | 1.00000 | 0.00253 | 0.00013 | 0.00592 ||
	|| -0.00214 | 0.00333 |-0.00456 | 0.00169 | 0.00252 | 0.00253 | 1.00000 | 0.00034 | 0.00089 ||
	||  0.03275 | 0.00088 | 0.00146 | 0.00123 | 0.00221 | 0.00013 | 0.00034 | 1.00000 | 0.00552 ||
	||  0.11757 | 0.00160 | 0.00103 | 0.00616 |-0.00336 | 0.00592 | 0.00089 | 0.00552 | 1.00000 ||
	||------------------------------------------------------------------------------------------||

	||------------------------------------------------------------------------------------------||
	||                                    OUTPUT COVARIANCE                                     ||
	||------------------------------------------------------------------------------------------||
	||  0.99999 | 0.16259 | 0.25151 | 0.35351 | 0.26368 | 0.17206 |-0.00214 | 0.03275 | 0.11756 ||
	||  0.16259 | 1.00000 | 0.01303 |-0.00075 | 0.00354 |-0.00289 | 0.00333 | 0.00088 | 0.00160 ||
	||  0.25151 | 0.01303 | 1.00000 | 0.00199 | 0.00347 |-0.00636 |-0.00456 | 0.00146 | 0.00103 ||
	||  0.35351 |-0.00075 | 0.00199 | 1.00000 | 0.00286 | 0.00111 | 0.00169 | 0.00123 | 0.00616 ||
	||  0.26368 | 0.00354 | 0.00347 | 0.00286 | 0.99996 |-0.00166 | 0.00252 | 0.00221 |-0.00336 ||
	||  0.17206 |-0.00289 |-0.00636 | 0.00111 |-0.00166 | 0.99998 | 0.00253 | 0.00013 | 0.00592 ||
	|| -0.00214 | 0.00333 |-0.00456 | 0.00169 | 0.00252 | 0.00253 | 0.99999 | 0.00034 | 0.00089 ||
	||  0.03275 | 0.00088 | 0.00146 | 0.00123 | 0.00221 | 0.00013 | 0.00034 | 1.00000 | 0.00552 ||
	||  0.11756 | 0.00160 | 0.00103 | 0.00616 |-0.00336 | 0.00592 | 0.00089 | 0.00552 | 0.99998 ||
	||------------------------------------------------------------------------------------------||


	|-----------------------------------------------------------------|
	|    Copyright (C) 2011-2018 (DRIP)
	|-----------------------------------------------------------------|
	|    Build Version  =&gt; 3.42.0 multi mode
	|    Build JVM (TM) =&gt; 1.8.0_112
	|    Build Snap     =&gt; Sat Apr 21 03:24:56 EST 2018
	|    Start Time     =&gt; Wed Apr 25 08:39:01 EDT 2018
	|    Setup Time     =&gt; Wed Apr 25 08:39:01 EDT 2018
	|    Setup Duration =&gt; 0 ms
	|-----------------------------------------------------------------|


	||-------------------------------------------||
	||                R^1 METRICS                ||
	||-------------------------------------------||
	||    L -&gt; R:                                ||
	||            - Mean                         ||
	||            - Error                        ||
	||            - Variance                     ||
	||            - Standard Deviation           ||
	||-------------------------------------------||
	|| -0.00308 |  0.79607 |  0.99997 |  0.99999 ||
	|| -0.00123 |  0.79926 |  0.99998 |  0.99999 ||
	|| -0.00019 |  0.79787 |  0.99998 |  0.99999 ||
	||  0.00224 |  0.79853 |  0.99997 |  0.99999 ||
	||  0.00484 |  0.79880 |  0.99996 |  0.99998 ||
	|| -0.00136 |  0.79893 |  0.99998 |  0.99999 ||
	|| -0.00279 |  0.79614 |  0.99997 |  0.99999 ||
	||  0.00837 |  0.79960 |  0.99991 |  0.99995 ||
	|| -0.00328 |  0.79948 |  0.99997 |  0.99998 ||
	||-------------------------------------------||

	||------------------------------------------------------------------------------------------||
	||                                     INPUT CORRELATION                                    ||
	||------------------------------------------------------------------------------------------||
	||  1.00000 | 0.16100 | 0.24500 | 0.35200 | 0.25900 | 0.16600 | 0.00300 | 0.03800 | 0.11400 ||
	||  0.16100 | 1.00000 | 0.00000 | 0.00000 | 0.00000 | 0.00000 | 0.00000 | 0.00000 | 0.00000 ||
	||  0.24500 | 0.00000 | 1.00000 | 0.00000 | 0.00000 | 0.00000 | 0.00000 | 0.00000 | 0.00000 ||
	||  0.35200 | 0.00000 | 0.00000 | 1.00000 | 0.00000 | 0.00000 | 0.00000 | 0.00000 | 0.00000 ||
	||  0.25900 | 0.00000 | 0.00000 | 0.00000 | 1.00000 | 0.00000 | 0.00000 | 0.00000 | 0.00000 ||
	||  0.16600 | 0.00000 | 0.00000 | 0.00000 | 0.00000 | 1.00000 | 0.00000 | 0.00000 | 0.00000 ||
	||  0.00300 | 0.00000 | 0.00000 | 0.00000 | 0.00000 | 0.00000 | 1.00000 | 0.00000 | 0.00000 ||
	||  0.03800 | 0.00000 | 0.00000 | 0.00000 | 0.00000 | 0.00000 | 0.00000 | 1.00000 | 0.00000 ||
	||  0.11400 | 0.00000 | 0.00000 | 0.00000 | 0.00000 | 0.00000 | 0.00000 | 0.00000 | 1.00000 ||
	||------------------------------------------------------------------------------------------||

	||------------------------------------------------------------------------------------------||
	||                                    OUTPUT CORRELATION                                    ||
	||------------------------------------------------------------------------------------------||
	||  1.00000 | 0.15643 | 0.24784 | 0.34795 | 0.26007 | 0.16946 | 0.00023 | 0.04476 | 0.10721 ||
	||  0.15643 | 1.00000 | 0.00237 |-0.00082 |-0.00682 | 0.00392 |-0.00096 |-0.00044 |-0.00670 ||
	||  0.24784 | 0.00237 | 1.00000 |-0.00352 |-0.00061 |-0.00608 |-0.00243 |-0.00284 | 0.00113 ||
	||  0.34795 |-0.00082 |-0.00352 | 1.00000 |-0.00097 | 0.00460 |-0.00120 | 0.00602 | 0.00054 ||
	||  0.26007 |-0.00682 |-0.00061 |-0.00097 | 1.00000 | 0.00614 | 0.00326 |-0.00768 |-0.01263 ||
	||  0.16946 | 0.00392 |-0.00608 | 0.00460 | 0.00614 | 1.00000 | 0.00103 |-0.00013 | 0.00053 ||
	||  0.00023 |-0.00096 |-0.00243 |-0.00120 | 0.00326 | 0.00103 | 1.00000 |-0.00248 |-0.00033 ||
	||  0.04476 |-0.00044 |-0.00284 | 0.00602 |-0.00768 |-0.00013 |-0.00248 | 1.00000 | 0.00616 ||
	||  0.10721 |-0.00670 | 0.00113 | 0.00054 |-0.01263 | 0.00053 |-0.00033 | 0.00616 | 1.00000 ||
	||------------------------------------------------------------------------------------------||

	||------------------------------------------------------------------------------------------||
	||                                    OUTPUT COVARIANCE                                     ||
	||------------------------------------------------------------------------------------------||
	||  0.99997 | 0.15642 | 0.24783 | 0.34794 | 0.26006 | 0.16946 | 0.00023 | 0.04476 | 0.10720 ||
	||  0.15642 | 0.99998 | 0.00237 |-0.00082 |-0.00682 | 0.00392 |-0.00096 |-0.00044 |-0.00670 ||
	||  0.24783 | 0.00237 | 0.99998 |-0.00352 |-0.00061 |-0.00608 |-0.00243 |-0.00284 | 0.00113 ||
	||  0.34794 |-0.00082 |-0.00352 | 0.99997 |-0.00097 | 0.00460 |-0.00120 | 0.00602 | 0.00054 ||
	||  0.26006 |-0.00682 |-0.00061 |-0.00097 | 0.99996 | 0.00614 | 0.00326 |-0.00768 |-0.01263 ||
	||  0.16946 | 0.00392 |-0.00608 | 0.00460 | 0.00614 | 0.99998 | 0.00103 |-0.00013 | 0.00053 ||
	||  0.00023 |-0.00096 |-0.00243 |-0.00120 | 0.00326 | 0.00103 | 0.99997 |-0.00248 |-0.00033 ||
	||  0.04476 |-0.00044 |-0.00284 | 0.00602 |-0.00768 |-0.00013 |-0.00248 | 0.99991 | 0.00616 ||
	||  0.10720 |-0.00670 | 0.00113 | 0.00054 |-0.01263 | 0.00053 |-0.00033 | 0.00616 | 0.99997 ||
	||------------------------------------------------------------------------------------------||

</pre>
</span>
</div>
</div>
<div id="footer">
<p>
<div>
<label class="hidden" id="label-for-line-wrapping-toggle" for="line-wrapping-toggle">Wrap lines
<input id="line-wrapping-toggle" type="checkbox" autocomplete="off"/>
</label>
</div>Generated by 
<a href="http://www.gradle.org">Gradle 3.5</a> at Apr 25, 2018 11:01:59 AM</p>
</div>
</div>
</body>
</html>
