<!DOCTYPE html>
<html>
<head>
<meta http-equiv="Content-Type" content="text/html; charset=utf-8"/>
<meta http-equiv="x-ua-compatible" content="IE=edge"/>
<title>Test results - Class org.drip.coverage.sequence.Statistics</title>
<link href="../css/base-style.css" rel="stylesheet" type="text/css"/>
<link href="../css/style.css" rel="stylesheet" type="text/css"/>
<script src="../js/report.js" type="text/javascript"></script>
</head>
<body>
<div id="content">
<h1>Class org.drip.coverage.sequence.Statistics</h1>
<div class="breadcrumbs">
<a href="../index.html">all</a> &gt; 
<a href="../packages/org.drip.coverage.sequence.html">org.drip.coverage.sequence</a> &gt; Statistics</div>
<div id="summary">
<table>
<tr>
<td>
<div class="summaryGroup">
<table>
<tr>
<td>
<div class="infoBox" id="tests">
<div class="counter">1</div>
<p>tests</p>
</div>
</td>
<td>
<div class="infoBox" id="failures">
<div class="counter">0</div>
<p>failures</p>
</div>
</td>
<td>
<div class="infoBox" id="ignored">
<div class="counter">0</div>
<p>ignored</p>
</div>
</td>
<td>
<div class="infoBox" id="duration">
<div class="counter">9.654s</div>
<p>duration</p>
</div>
</td>
</tr>
</table>
</div>
</td>
<td>
<div class="infoBox success" id="successRate">
<div class="percent">100%</div>
<p>successful</p>
</div>
</td>
</tr>
</table>
</div>
<div id="tabs">
<ul class="tabLinks">
<li>
<a href="#tab0">Tests</a>
</li>
<li>
<a href="#tab1">Standard output</a>
</li>
</ul>
<div id="tab0" class="tab">
<h2>Tests</h2>
<table>
<thead>
<tr>
<th>Test</th>
<th>Duration</th>
<th>Result</th>
</tr>
</thead>
<tr>
<td class="success">codeCoverageTest</td>
<td>9.654s</td>
<td class="success">passed</td>
</tr>
</table>
</div>
<div id="tab1" class="tab">
<h2>Standard output</h2>
<span class="code">
<pre>
	|-----------------------------------------------------------------|
	|    Copyright (C) 2011-2018 (DRIP)
	|-----------------------------------------------------------------|
	|    Build Version  =&gt; 3.82.0 multi mode
	|    Build JVM (TM) =&gt; 1.8.0_112
	|    Build Snap     =&gt; Sun Nov 11 15:42:23 EST 2018
	|    Start Time     =&gt; Sun Nov 11 19:50:47 EST 2018
	|    Setup Time     =&gt; Sun Nov 11 19:50:47 EST 2018
	|    Setup Duration =&gt; 0 ms
	|-----------------------------------------------------------------|


	||-------------------------------------------||
	||                R^1 METRICS                ||
	||-------------------------------------------||
	||    L -&gt; R:                                ||
	||            - Mean                         ||
	||            - Error                        ||
	||            - Variance                     ||
	||            - Standard Deviation           ||
	||-------------------------------------------||
	||  0.00062 |  0.79643 |  0.99594 |  0.99797 ||
	|| -0.00794 |  0.79748 |  1.00211 |  1.00105 ||
	|| -0.00409 |  0.79984 |  1.00536 |  1.00267 ||
	|| -0.00145 |  0.79487 |  0.99199 |  0.99599 ||
	|| -0.00134 |  0.79890 |  1.00441 |  1.00220 ||
	|| -0.00604 |  0.79853 |  1.00448 |  1.00224 ||
	|| -0.00320 |  0.80030 |  1.00340 |  1.00170 ||
	|| -0.00223 |  0.79878 |  1.00276 |  1.00138 ||
	|| -0.01192 |  0.79954 |  1.00213 |  1.00106 ||
	||-------------------------------------------||

	||------------------------------------------------------------------------------------------||
	||                                     INPUT CORRELATION                                    ||
	||------------------------------------------------------------------------------------------||
	||  1.00000 | 0.16100 | 0.24500 | 0.35200 | 0.25900 | 0.16600 | 0.00300 | 0.03800 | 0.11400 ||
	||  0.16100 | 1.00000 | 0.00000 | 0.00000 | 0.00000 | 0.00000 | 0.00000 | 0.00000 | 0.00000 ||
	||  0.24500 | 0.00000 | 1.00000 | 0.00000 | 0.00000 | 0.00000 | 0.00000 | 0.00000 | 0.00000 ||
	||  0.35200 | 0.00000 | 0.00000 | 1.00000 | 0.00000 | 0.00000 | 0.00000 | 0.00000 | 0.00000 ||
	||  0.25900 | 0.00000 | 0.00000 | 0.00000 | 1.00000 | 0.00000 | 0.00000 | 0.00000 | 0.00000 ||
	||  0.16600 | 0.00000 | 0.00000 | 0.00000 | 0.00000 | 1.00000 | 0.00000 | 0.00000 | 0.00000 ||
	||  0.00300 | 0.00000 | 0.00000 | 0.00000 | 0.00000 | 0.00000 | 1.00000 | 0.00000 | 0.00000 ||
	||  0.03800 | 0.00000 | 0.00000 | 0.00000 | 0.00000 | 0.00000 | 0.00000 | 1.00000 | 0.00000 ||
	||  0.11400 | 0.00000 | 0.00000 | 0.00000 | 0.00000 | 0.00000 | 0.00000 | 0.00000 | 1.00000 ||
	||------------------------------------------------------------------------------------------||

	||------------------------------------------------------------------------------------------||
	||                                    OUTPUT CORRELATION                                    ||
	||------------------------------------------------------------------------------------------||
	||  1.00000 | 0.15865 | 0.24426 | 0.34856 | 0.26247 | 0.15492 | 0.00001 | 0.04132 | 0.11586 ||
	||  0.15865 | 1.00000 |-0.00828 | 0.00063 |-0.00261 |-0.00577 |-0.00094 | 0.00490 | 0.00226 ||
	||  0.24426 |-0.00828 | 1.00000 |-0.00231 | 0.00111 | 0.00811 |-0.00362 | 0.00328 | 0.00174 ||
	||  0.34856 | 0.00063 |-0.00231 | 1.00000 | 0.00343 |-0.00229 |-0.00214 | 0.00612 |-0.00164 ||
	||  0.26247 |-0.00261 | 0.00111 | 0.00343 | 1.00000 |-0.00580 |-0.00584 |-0.00271 | 0.00324 ||
	||  0.15492 |-0.00577 | 0.00811 |-0.00229 |-0.00580 | 1.00000 |-0.00021 |-0.00307 |-0.00251 ||
	||  0.00001 |-0.00094 |-0.00362 |-0.00214 |-0.00584 |-0.00021 | 1.00000 |-0.01474 | 0.00171 ||
	||  0.04132 | 0.00490 | 0.00328 | 0.00612 |-0.00271 |-0.00307 |-0.01474 | 1.00000 | 0.00431 ||
	||  0.11586 | 0.00226 | 0.00174 |-0.00164 | 0.00324 |-0.00251 | 0.00171 | 0.00431 | 1.00000 ||
	||------------------------------------------------------------------------------------------||

	||------------------------------------------------------------------------------------------||
	||                                    OUTPUT COVARIANCE                                     ||
	||------------------------------------------------------------------------------------------||
	||  0.99594 | 0.15850 | 0.24441 | 0.34645 | 0.26251 | 0.15495 | 0.00001 | 0.04129 | 0.11575 ||
	||  0.15850 | 1.00211 |-0.00831 | 0.00063 |-0.00262 |-0.00578 |-0.00094 | 0.00491 | 0.00226 ||
	||  0.24441 |-0.00831 | 1.00536 |-0.00231 | 0.00112 | 0.00815 |-0.00364 | 0.00330 | 0.00174 ||
	||  0.34645 | 0.00063 |-0.00231 | 0.99199 | 0.00342 |-0.00229 |-0.00213 | 0.00611 |-0.00163 ||
	||  0.26251 |-0.00262 | 0.00112 | 0.00342 | 1.00441 |-0.00582 |-0.00586 |-0.00272 | 0.00325 ||
	||  0.15495 |-0.00578 | 0.00815 |-0.00229 |-0.00582 | 1.00448 |-0.00021 |-0.00308 |-0.00252 ||
	||  0.00001 |-0.00094 |-0.00364 |-0.00213 |-0.00586 |-0.00021 | 1.00340 |-0.01479 | 0.00171 ||
	||  0.04129 | 0.00491 | 0.00330 | 0.00611 |-0.00272 |-0.00308 |-0.01479 | 1.00276 | 0.00432 ||
	||  0.11575 | 0.00226 | 0.00174 |-0.00163 | 0.00325 |-0.00252 | 0.00171 | 0.00432 | 1.00213 ||
	||------------------------------------------------------------------------------------------||


	|-----------------------------------------------------------------|
	|    Copyright (C) 2011-2018 (DRIP)
	|-----------------------------------------------------------------|
	|    Build Version  =&gt; 3.82.0 multi mode
	|    Build JVM (TM) =&gt; 1.8.0_112
	|    Build Snap     =&gt; Sun Nov 11 15:42:23 EST 2018
	|    Start Time     =&gt; Sun Nov 11 19:50:49 EST 2018
	|    Setup Time     =&gt; Sun Nov 11 19:50:49 EST 2018
	|    Setup Duration =&gt; 0 ms
	|-----------------------------------------------------------------|


	||-------------------------------------------||
	||                R^1 METRICS                ||
	||-------------------------------------------||
	||    L -&gt; R:                                ||
	||            - Mean                         ||
	||            - Error                        ||
	||            - Variance                     ||
	||            - Standard Deviation           ||
	||-------------------------------------------||
	||  0.00708 |  0.80024 |  1.00744 |  1.00371 ||
	|| -0.00211 |  0.79738 |  0.99974 |  0.99987 ||
	||  0.00287 |  0.80091 |  1.00587 |  1.00293 ||
	||  0.00088 |  0.80045 |  1.00999 |  1.00498 ||
	||  0.01003 |  0.80031 |  1.00647 |  1.00323 ||
	|| -0.00131 |  0.80196 |  1.01466 |  1.00730 ||
	|| -0.01068 |  0.79979 |  1.00451 |  1.00225 ||
	|| -0.00526 |  0.79951 |  1.00625 |  1.00312 ||
	|| -0.00642 |  0.79753 |  0.99804 |  0.99902 ||
	||-------------------------------------------||

	||------------------------------------------------------------------------------------------||
	||                                     INPUT CORRELATION                                    ||
	||------------------------------------------------------------------------------------------||
	||  1.00000 | 0.16100 | 0.24500 | 0.35200 | 0.25900 | 0.16600 | 0.00300 | 0.03800 | 0.11400 ||
	||  0.16100 | 1.00000 | 0.00000 | 0.00000 | 0.00000 | 0.00000 | 0.00000 | 0.00000 | 0.00000 ||
	||  0.24500 | 0.00000 | 1.00000 | 0.00000 | 0.00000 | 0.00000 | 0.00000 | 0.00000 | 0.00000 ||
	||  0.35200 | 0.00000 | 0.00000 | 1.00000 | 0.00000 | 0.00000 | 0.00000 | 0.00000 | 0.00000 ||
	||  0.25900 | 0.00000 | 0.00000 | 0.00000 | 1.00000 | 0.00000 | 0.00000 | 0.00000 | 0.00000 ||
	||  0.16600 | 0.00000 | 0.00000 | 0.00000 | 0.00000 | 1.00000 | 0.00000 | 0.00000 | 0.00000 ||
	||  0.00300 | 0.00000 | 0.00000 | 0.00000 | 0.00000 | 0.00000 | 1.00000 | 0.00000 | 0.00000 ||
	||  0.03800 | 0.00000 | 0.00000 | 0.00000 | 0.00000 | 0.00000 | 0.00000 | 1.00000 | 0.00000 ||
	||  0.11400 | 0.00000 | 0.00000 | 0.00000 | 0.00000 | 0.00000 | 0.00000 | 0.00000 | 1.00000 ||
	||------------------------------------------------------------------------------------------||

	||------------------------------------------------------------------------------------------||
	||                                    OUTPUT CORRELATION                                    ||
	||------------------------------------------------------------------------------------------||
	||  1.00000 | 0.15994 | 0.23946 | 0.35681 | 0.25840 | 0.16332 | 0.00175 | 0.03442 | 0.11285 ||
	||  0.15994 | 1.00000 |-0.00290 |-0.00146 | 0.00137 |-0.00300 |-0.00130 |-0.00011 | 0.00113 ||
	||  0.23946 |-0.00290 | 1.00000 |-0.00496 |-0.00111 |-0.00477 |-0.00033 |-0.00480 | 0.00383 ||
	||  0.35681 |-0.00146 |-0.00496 | 1.00000 | 0.00161 |-0.00173 |-0.00549 | 0.00192 | 0.00188 ||
	||  0.25840 | 0.00137 |-0.00111 | 0.00161 | 1.00000 | 0.00090 |-0.00768 |-0.00001 | 0.00378 ||
	||  0.16332 |-0.00300 |-0.00477 |-0.00173 | 0.00090 | 1.00000 | 0.00426 |-0.00071 | 0.00044 ||
	||  0.00175 |-0.00130 |-0.00033 |-0.00549 |-0.00768 | 0.00426 | 1.00000 | 0.00933 |-0.00469 ||
	||  0.03442 |-0.00011 |-0.00480 | 0.00192 |-0.00001 |-0.00071 | 0.00933 | 1.00000 |-0.00126 ||
	||  0.11285 | 0.00113 | 0.00383 | 0.00188 | 0.00378 | 0.00044 |-0.00469 |-0.00126 | 1.00000 ||
	||------------------------------------------------------------------------------------------||

	||------------------------------------------------------------------------------------------||
	||                                    OUTPUT COVARIANCE                                     ||
	||------------------------------------------------------------------------------------------||
	||  1.00744 | 0.16052 | 0.24105 | 0.35991 | 0.26020 | 0.16512 | 0.00176 | 0.03465 | 0.11316 ||
	||  0.16052 | 0.99974 |-0.00291 |-0.00146 | 0.00137 |-0.00302 |-0.00130 |-0.00011 | 0.00113 ||
	||  0.24105 |-0.00291 | 1.00587 |-0.00500 |-0.00112 |-0.00482 |-0.00033 |-0.00483 | 0.00384 ||
	||  0.35991 |-0.00146 |-0.00500 | 1.00999 | 0.00163 |-0.00175 |-0.00553 | 0.00193 | 0.00188 ||
	||  0.26020 | 0.00137 |-0.00112 | 0.00163 | 1.00647 | 0.00091 |-0.00772 |-0.00001 | 0.00379 ||
	||  0.16512 |-0.00302 |-0.00482 |-0.00175 | 0.00091 | 1.01466 | 0.00430 |-0.00071 | 0.00045 ||
	||  0.00176 |-0.00130 |-0.00033 |-0.00553 |-0.00772 | 0.00430 | 1.00451 | 0.00938 |-0.00470 ||
	||  0.03465 |-0.00011 |-0.00483 | 0.00193 |-0.00001 |-0.00071 | 0.00938 | 1.00625 |-0.00127 ||
	||  0.11316 | 0.00113 | 0.00384 | 0.00188 | 0.00379 | 0.00045 |-0.00470 |-0.00127 | 0.99804 ||
	||------------------------------------------------------------------------------------------||


	|-----------------------------------------------------------------|
	|    Copyright (C) 2011-2018 (DRIP)
	|-----------------------------------------------------------------|
	|    Build Version  =&gt; 3.82.0 multi mode
	|    Build JVM (TM) =&gt; 1.8.0_112
	|    Build Snap     =&gt; Sun Nov 11 15:42:23 EST 2018
	|    Start Time     =&gt; Sun Nov 11 19:50:52 EST 2018
	|    Setup Time     =&gt; Sun Nov 11 19:50:52 EST 2018
	|    Setup Duration =&gt; 0 ms
	|-----------------------------------------------------------------|


	||-------------------------------------------||
	||                R^1 METRICS                ||
	||-------------------------------------------||
	||    L -&gt; R:                                ||
	||            - Mean                         ||
	||            - Error                        ||
	||            - Variance                     ||
	||            - Standard Deviation           ||
	||-------------------------------------------||
	||  0.00235 |  0.79849 |  0.99999 |  1.00000 ||
	||  0.00035 |  0.79799 |  1.00000 |  1.00000 ||
	|| -0.00028 |  0.79841 |  1.00000 |  1.00000 ||
	|| -0.00689 |  0.79554 |  0.99995 |  0.99998 ||
	|| -0.00219 |  0.79900 |  1.00000 |  1.00000 ||
	||  0.00216 |  0.79831 |  1.00000 |  1.00000 ||
	|| -0.00266 |  0.79836 |  0.99999 |  1.00000 ||
	|| -0.00145 |  0.79840 |  1.00000 |  1.00000 ||
	||  0.00673 |  0.79781 |  0.99995 |  0.99998 ||
	||-------------------------------------------||

	||------------------------------------------------------------------------------------------||
	||                                     INPUT CORRELATION                                    ||
	||------------------------------------------------------------------------------------------||
	||  1.00000 | 0.16100 | 0.24500 | 0.35200 | 0.25900 | 0.16600 | 0.00300 | 0.03800 | 0.11400 ||
	||  0.16100 | 1.00000 | 0.00000 | 0.00000 | 0.00000 | 0.00000 | 0.00000 | 0.00000 | 0.00000 ||
	||  0.24500 | 0.00000 | 1.00000 | 0.00000 | 0.00000 | 0.00000 | 0.00000 | 0.00000 | 0.00000 ||
	||  0.35200 | 0.00000 | 0.00000 | 1.00000 | 0.00000 | 0.00000 | 0.00000 | 0.00000 | 0.00000 ||
	||  0.25900 | 0.00000 | 0.00000 | 0.00000 | 1.00000 | 0.00000 | 0.00000 | 0.00000 | 0.00000 ||
	||  0.16600 | 0.00000 | 0.00000 | 0.00000 | 0.00000 | 1.00000 | 0.00000 | 0.00000 | 0.00000 ||
	||  0.00300 | 0.00000 | 0.00000 | 0.00000 | 0.00000 | 0.00000 | 1.00000 | 0.00000 | 0.00000 ||
	||  0.03800 | 0.00000 | 0.00000 | 0.00000 | 0.00000 | 0.00000 | 0.00000 | 1.00000 | 0.00000 ||
	||  0.11400 | 0.00000 | 0.00000 | 0.00000 | 0.00000 | 0.00000 | 0.00000 | 0.00000 | 1.00000 ||
	||------------------------------------------------------------------------------------------||

	||------------------------------------------------------------------------------------------||
	||                                    OUTPUT CORRELATION                                    ||
	||------------------------------------------------------------------------------------------||
	||  1.00000 | 0.16116 | 0.25076 | 0.35045 | 0.25535 | 0.16665 | 0.00150 | 0.04461 | 0.11148 ||
	||  0.16116 | 1.00000 | 0.00143 | 0.00152 |-0.00327 | 0.00652 |-0.00099 | 0.00165 | 0.00274 ||
	||  0.25076 | 0.00143 | 1.00000 | 0.00263 | 0.00489 |-0.00409 | 0.00087 |-0.00007 |-0.00300 ||
	||  0.35045 | 0.00152 | 0.00263 | 1.00000 |-0.00146 | 0.00169 |-0.00035 |-0.00163 |-0.00164 ||
	||  0.25535 |-0.00327 | 0.00489 |-0.00146 | 1.00000 | 0.00154 |-0.00182 | 0.00169 | 0.00427 ||
	||  0.16665 | 0.00652 |-0.00409 | 0.00169 | 0.00154 | 1.00000 | 0.00327 | 0.00398 |-0.00979 ||
	||  0.00150 |-0.00099 | 0.00087 |-0.00035 |-0.00182 | 0.00327 | 1.00000 | 0.00311 |-0.00170 ||
	||  0.04461 | 0.00165 |-0.00007 |-0.00163 | 0.00169 | 0.00398 | 0.00311 | 1.00000 | 0.00032 ||
	||  0.11148 | 0.00274 |-0.00300 |-0.00164 | 0.00427 |-0.00979 |-0.00170 | 0.00032 | 1.00000 ||
	||------------------------------------------------------------------------------------------||

	||------------------------------------------------------------------------------------------||
	||                                    OUTPUT COVARIANCE                                     ||
	||------------------------------------------------------------------------------------------||
	||  0.99999 | 0.16116 | 0.25076 | 0.35044 | 0.25535 | 0.16665 | 0.00150 | 0.04461 | 0.11147 ||
	||  0.16116 | 1.00000 | 0.00143 | 0.00152 |-0.00327 | 0.00652 |-0.00099 | 0.00165 | 0.00274 ||
	||  0.25076 | 0.00143 | 1.00000 | 0.00263 | 0.00489 |-0.00409 | 0.00087 |-0.00007 |-0.00300 ||
	||  0.35044 | 0.00152 | 0.00263 | 0.99995 |-0.00146 | 0.00169 |-0.00035 |-0.00163 |-0.00164 ||
	||  0.25535 |-0.00327 | 0.00489 |-0.00146 | 1.00000 | 0.00154 |-0.00182 | 0.00169 | 0.00427 ||
	||  0.16665 | 0.00652 |-0.00409 | 0.00169 | 0.00154 | 1.00000 | 0.00327 | 0.00398 |-0.00979 ||
	||  0.00150 |-0.00099 | 0.00087 |-0.00035 |-0.00182 | 0.00327 | 0.99999 | 0.00311 |-0.00170 ||
	||  0.04461 | 0.00165 |-0.00007 |-0.00163 | 0.00169 | 0.00398 | 0.00311 | 1.00000 | 0.00032 ||
	||  0.11147 | 0.00274 |-0.00300 |-0.00164 | 0.00427 |-0.00979 |-0.00170 | 0.00032 | 0.99995 ||
	||------------------------------------------------------------------------------------------||


	|-----------------------------------------------------------------|
	|    Copyright (C) 2011-2018 (DRIP)
	|-----------------------------------------------------------------|
	|    Build Version  =&gt; 3.82.0 multi mode
	|    Build JVM (TM) =&gt; 1.8.0_112
	|    Build Snap     =&gt; Sun Nov 11 15:42:23 EST 2018
	|    Start Time     =&gt; Sun Nov 11 19:50:54 EST 2018
	|    Setup Time     =&gt; Sun Nov 11 19:50:54 EST 2018
	|    Setup Duration =&gt; 0 ms
	|-----------------------------------------------------------------|


	||-------------------------------------------||
	||                R^1 METRICS                ||
	||-------------------------------------------||
	||    L -&gt; R:                                ||
	||            - Mean                         ||
	||            - Error                        ||
	||            - Variance                     ||
	||            - Standard Deviation           ||
	||-------------------------------------------||
	||  0.00569 |  0.79916 |  0.99995 |  0.99997 ||
	||  0.00874 |  0.79751 |  0.99990 |  0.99995 ||
	|| -0.00103 |  0.79875 |  0.99998 |  0.99999 ||
	||  0.00070 |  0.79965 |  0.99998 |  0.99999 ||
	|| -0.00269 |  0.79950 |  0.99997 |  0.99999 ||
	||  0.00836 |  0.79804 |  0.99991 |  0.99996 ||
	|| -0.00098 |  0.79732 |  0.99998 |  0.99999 ||
	||  0.00378 |  0.79905 |  0.99997 |  0.99998 ||
	||  0.00589 |  0.79673 |  0.99995 |  0.99997 ||
	||-------------------------------------------||

	||------------------------------------------------------------------------------------------||
	||                                     INPUT CORRELATION                                    ||
	||------------------------------------------------------------------------------------------||
	||  1.00000 | 0.16100 | 0.24500 | 0.35200 | 0.25900 | 0.16600 | 0.00300 | 0.03800 | 0.11400 ||
	||  0.16100 | 1.00000 | 0.00000 | 0.00000 | 0.00000 | 0.00000 | 0.00000 | 0.00000 | 0.00000 ||
	||  0.24500 | 0.00000 | 1.00000 | 0.00000 | 0.00000 | 0.00000 | 0.00000 | 0.00000 | 0.00000 ||
	||  0.35200 | 0.00000 | 0.00000 | 1.00000 | 0.00000 | 0.00000 | 0.00000 | 0.00000 | 0.00000 ||
	||  0.25900 | 0.00000 | 0.00000 | 0.00000 | 1.00000 | 0.00000 | 0.00000 | 0.00000 | 0.00000 ||
	||  0.16600 | 0.00000 | 0.00000 | 0.00000 | 0.00000 | 1.00000 | 0.00000 | 0.00000 | 0.00000 ||
	||  0.00300 | 0.00000 | 0.00000 | 0.00000 | 0.00000 | 0.00000 | 1.00000 | 0.00000 | 0.00000 ||
	||  0.03800 | 0.00000 | 0.00000 | 0.00000 | 0.00000 | 0.00000 | 0.00000 | 1.00000 | 0.00000 ||
	||  0.11400 | 0.00000 | 0.00000 | 0.00000 | 0.00000 | 0.00000 | 0.00000 | 0.00000 | 1.00000 ||
	||------------------------------------------------------------------------------------------||

	||------------------------------------------------------------------------------------------||
	||                                    OUTPUT CORRELATION                                    ||
	||------------------------------------------------------------------------------------------||
	||  1.00000 | 0.15346 | 0.24785 | 0.35211 | 0.25831 | 0.15581 | 0.00137 | 0.03952 | 0.10649 ||
	||  0.15346 | 1.00000 |-0.00507 |-0.00151 | 0.00043 |-0.00281 | 0.00249 | 0.01138 |-0.00124 ||
	||  0.24785 |-0.00507 | 1.00000 |-0.00010 | 0.00185 |-0.00459 |-0.00417 |-0.00995 | 0.00098 ||
	||  0.35211 |-0.00151 |-0.00010 | 1.00000 | 0.00451 |-0.00104 |-0.01186 |-0.00066 |-0.00597 ||
	||  0.25831 | 0.00043 | 0.00185 | 0.00451 | 1.00000 |-0.00507 | 0.00493 | 0.00485 |-0.00077 ||
	||  0.15581 |-0.00281 |-0.00459 |-0.00104 |-0.00507 | 1.00000 | 0.00380 | 0.00051 |-0.00194 ||
	||  0.00137 | 0.00249 |-0.00417 |-0.01186 | 0.00493 | 0.00380 | 1.00000 | 0.00161 |-0.01034 ||
	||  0.03952 | 0.01138 |-0.00995 |-0.00066 | 0.00485 | 0.00051 | 0.00161 | 1.00000 |-0.00321 ||
	||  0.10649 |-0.00124 | 0.00098 |-0.00597 |-0.00077 |-0.00194 |-0.01034 |-0.00321 | 1.00000 ||
	||------------------------------------------------------------------------------------------||

	||------------------------------------------------------------------------------------------||
	||                                    OUTPUT COVARIANCE                                     ||
	||------------------------------------------------------------------------------------------||
	||  0.99995 | 0.15344 | 0.24784 | 0.35210 | 0.25830 | 0.15580 | 0.00137 | 0.03951 | 0.10649 ||
	||  0.15344 | 0.99990 |-0.00507 |-0.00151 | 0.00043 |-0.00281 | 0.00249 | 0.01138 |-0.00124 ||
	||  0.24784 |-0.00507 | 0.99998 |-0.00010 | 0.00185 |-0.00459 |-0.00417 |-0.00995 | 0.00098 ||
	||  0.35210 |-0.00151 |-0.00010 | 0.99998 | 0.00451 |-0.00104 |-0.01186 |-0.00066 |-0.00597 ||
	||  0.25830 | 0.00043 | 0.00185 | 0.00451 | 0.99997 |-0.00507 | 0.00493 | 0.00485 |-0.00077 ||
	||  0.15580 |-0.00281 |-0.00459 |-0.00104 |-0.00507 | 0.99991 | 0.00380 | 0.00051 |-0.00194 ||
	||  0.00137 | 0.00249 |-0.00417 |-0.01186 | 0.00493 | 0.00380 | 0.99998 | 0.00161 |-0.01034 ||
	||  0.03951 | 0.01138 |-0.00995 |-0.00066 | 0.00485 | 0.00051 | 0.00161 | 0.99997 |-0.00321 ||
	||  0.10649 |-0.00124 | 0.00098 |-0.00597 |-0.00077 |-0.00194 |-0.01034 |-0.00321 | 0.99995 ||
	||------------------------------------------------------------------------------------------||

</pre>
</span>
</div>
</div>
<div id="footer">
<p>
<div>
<label class="hidden" id="label-for-line-wrapping-toggle" for="line-wrapping-toggle">Wrap lines
<input id="line-wrapping-toggle" type="checkbox" autocomplete="off"/>
</label>
</div>Generated by 
<a href="http://www.gradle.org">Gradle 3.5</a> at Nov 11, 2018 8:18:34 PM</p>
</div>
</div>
</body>
</html>
