<!DOCTYPE html>
<html>
<head>
<meta http-equiv="Content-Type" content="text/html; charset=utf-8"/>
<meta http-equiv="x-ua-compatible" content="IE=edge"/>
<title>Test results - Class org.drip.coverage.sequence.Statistics</title>
<link href="../css/base-style.css" rel="stylesheet" type="text/css"/>
<link href="../css/style.css" rel="stylesheet" type="text/css"/>
<script src="../js/report.js" type="text/javascript"></script>
</head>
<body>
<div id="content">
<h1>Class org.drip.coverage.sequence.Statistics</h1>
<div class="breadcrumbs">
<a href="../index.html">all</a> &gt; 
<a href="../packages/org.drip.coverage.sequence.html">org.drip.coverage.sequence</a> &gt; Statistics</div>
<div id="summary">
<table>
<tr>
<td>
<div class="summaryGroup">
<table>
<tr>
<td>
<div class="infoBox" id="tests">
<div class="counter">1</div>
<p>tests</p>
</div>
</td>
<td>
<div class="infoBox" id="failures">
<div class="counter">0</div>
<p>failures</p>
</div>
</td>
<td>
<div class="infoBox" id="ignored">
<div class="counter">0</div>
<p>ignored</p>
</div>
</td>
<td>
<div class="infoBox" id="duration">
<div class="counter">9.676s</div>
<p>duration</p>
</div>
</td>
</tr>
</table>
</div>
</td>
<td>
<div class="infoBox success" id="successRate">
<div class="percent">100%</div>
<p>successful</p>
</div>
</td>
</tr>
</table>
</div>
<div id="tabs">
<ul class="tabLinks">
<li>
<a href="#tab0">Tests</a>
</li>
<li>
<a href="#tab1">Standard output</a>
</li>
</ul>
<div id="tab0" class="tab">
<h2>Tests</h2>
<table>
<thead>
<tr>
<th>Test</th>
<th>Duration</th>
<th>Result</th>
</tr>
</thead>
<tr>
<td class="success">codeCoverageTest</td>
<td>9.676s</td>
<td class="success">passed</td>
</tr>
</table>
</div>
<div id="tab1" class="tab">
<h2>Standard output</h2>
<span class="code">
<pre>
	|-----------------------------------------------------------------|
	|    Copyright (C) 2011-2018 (DRIP)
	|-----------------------------------------------------------------|
	|    Build Version  =&gt; 3.79.0 multi mode
	|    Build JVM (TM) =&gt; 1.8.0_112
	|    Build Snap     =&gt; Fri Oct 26 15:37:12 EST 2018
	|    Start Time     =&gt; Fri Oct 26 22:55:12 EDT 2018
	|    Setup Time     =&gt; Fri Oct 26 22:55:12 EDT 2018
	|    Setup Duration =&gt; 0 ms
	|-----------------------------------------------------------------|


	||-------------------------------------------||
	||                R^1 METRICS                ||
	||-------------------------------------------||
	||    L -&gt; R:                                ||
	||            - Mean                         ||
	||            - Error                        ||
	||            - Variance                     ||
	||            - Standard Deviation           ||
	||-------------------------------------------||
	||  0.00348 |  0.79519 |  0.99225 |  0.99612 ||
	||  0.00890 |  0.79407 |  0.99586 |  0.99793 ||
	||  0.00815 |  0.79424 |  0.98985 |  0.99491 ||
	|| -0.00048 |  0.79504 |  0.99269 |  0.99634 ||
	||  0.00737 |  0.79941 |  1.00659 |  1.00329 ||
	||  0.00316 |  0.79813 |  0.99676 |  0.99838 ||
	|| -0.00149 |  0.79540 |  0.99401 |  0.99700 ||
	|| -0.00616 |  0.80097 |  1.00823 |  1.00411 ||
	||  0.00302 |  0.79827 |  0.99689 |  0.99844 ||
	||-------------------------------------------||

	||------------------------------------------------------------------------------------------||
	||                                     INPUT CORRELATION                                    ||
	||------------------------------------------------------------------------------------------||
	||  1.00000 | 0.16100 | 0.24500 | 0.35200 | 0.25900 | 0.16600 | 0.00300 | 0.03800 | 0.11400 ||
	||  0.16100 | 1.00000 | 0.00000 | 0.00000 | 0.00000 | 0.00000 | 0.00000 | 0.00000 | 0.00000 ||
	||  0.24500 | 0.00000 | 1.00000 | 0.00000 | 0.00000 | 0.00000 | 0.00000 | 0.00000 | 0.00000 ||
	||  0.35200 | 0.00000 | 0.00000 | 1.00000 | 0.00000 | 0.00000 | 0.00000 | 0.00000 | 0.00000 ||
	||  0.25900 | 0.00000 | 0.00000 | 0.00000 | 1.00000 | 0.00000 | 0.00000 | 0.00000 | 0.00000 ||
	||  0.16600 | 0.00000 | 0.00000 | 0.00000 | 0.00000 | 1.00000 | 0.00000 | 0.00000 | 0.00000 ||
	||  0.00300 | 0.00000 | 0.00000 | 0.00000 | 0.00000 | 0.00000 | 1.00000 | 0.00000 | 0.00000 ||
	||  0.03800 | 0.00000 | 0.00000 | 0.00000 | 0.00000 | 0.00000 | 0.00000 | 1.00000 | 0.00000 ||
	||  0.11400 | 0.00000 | 0.00000 | 0.00000 | 0.00000 | 0.00000 | 0.00000 | 0.00000 | 1.00000 ||
	||------------------------------------------------------------------------------------------||

	||------------------------------------------------------------------------------------------||
	||                                    OUTPUT CORRELATION                                    ||
	||------------------------------------------------------------------------------------------||
	||  1.00000 | 0.15889 | 0.24853 | 0.34990 | 0.26418 | 0.16459 | 0.00331 | 0.02933 | 0.10864 ||
	||  0.15889 | 1.00000 | 0.00112 | 0.00130 |-0.00385 |-0.00149 |-0.00501 |-0.00617 | 0.00079 ||
	||  0.24853 | 0.00112 | 1.00000 | 0.00348 |-0.00330 | 0.00456 | 0.00200 |-0.00426 |-0.00075 ||
	||  0.34990 | 0.00130 | 0.00348 | 1.00000 | 0.00342 | 0.00010 |-0.00145 |-0.00908 | 0.00061 ||
	||  0.26418 |-0.00385 |-0.00330 | 0.00342 | 1.00000 |-0.00802 | 0.00568 |-0.00418 | 0.00422 ||
	||  0.16459 |-0.00149 | 0.00456 | 0.00010 |-0.00802 | 1.00000 |-0.01112 | 0.00205 |-0.00136 ||
	||  0.00331 |-0.00501 | 0.00200 |-0.00145 | 0.00568 |-0.01112 | 1.00000 |-0.00401 | 0.00121 ||
	||  0.02933 |-0.00617 |-0.00426 |-0.00908 |-0.00418 | 0.00205 |-0.00401 | 1.00000 |-0.00241 ||
	||  0.10864 | 0.00079 |-0.00075 | 0.00061 | 0.00422 |-0.00136 | 0.00121 |-0.00241 | 1.00000 ||
	||------------------------------------------------------------------------------------------||

	||------------------------------------------------------------------------------------------||
	||                                    OUTPUT COVARIANCE                                     ||
	||------------------------------------------------------------------------------------------||
	||  0.99225 | 0.15794 | 0.24631 | 0.34726 | 0.26402 | 0.16368 | 0.00329 | 0.02934 | 0.10805 ||
	||  0.15794 | 0.99586 | 0.00111 | 0.00129 |-0.00385 |-0.00148 |-0.00499 |-0.00619 | 0.00078 ||
	||  0.24631 | 0.00111 | 0.98985 | 0.00345 |-0.00329 | 0.00453 | 0.00198 |-0.00425 |-0.00075 ||
	||  0.34726 | 0.00129 | 0.00345 | 0.99269 | 0.00342 | 0.00010 |-0.00144 |-0.00909 | 0.00061 ||
	||  0.26402 |-0.00385 |-0.00329 | 0.00342 | 1.00659 |-0.00803 | 0.00568 |-0.00421 | 0.00422 ||
	||  0.16368 |-0.00148 | 0.00453 | 0.00010 |-0.00803 | 0.99676 |-0.01107 | 0.00206 |-0.00136 ||
	||  0.00329 |-0.00499 | 0.00198 |-0.00144 | 0.00568 |-0.01107 | 0.99401 |-0.00401 | 0.00120 ||
	||  0.02934 |-0.00619 |-0.00425 |-0.00909 |-0.00421 | 0.00206 |-0.00401 | 1.00823 |-0.00241 ||
	||  0.10805 | 0.00078 |-0.00075 | 0.00061 | 0.00422 |-0.00136 | 0.00120 |-0.00241 | 0.99689 ||
	||------------------------------------------------------------------------------------------||


	|-----------------------------------------------------------------|
	|    Copyright (C) 2011-2018 (DRIP)
	|-----------------------------------------------------------------|
	|    Build Version  =&gt; 3.79.0 multi mode
	|    Build JVM (TM) =&gt; 1.8.0_112
	|    Build Snap     =&gt; Fri Oct 26 15:37:12 EST 2018
	|    Start Time     =&gt; Fri Oct 26 22:55:14 EDT 2018
	|    Setup Time     =&gt; Fri Oct 26 22:55:14 EDT 2018
	|    Setup Duration =&gt; 0 ms
	|-----------------------------------------------------------------|


	||-------------------------------------------||
	||                R^1 METRICS                ||
	||-------------------------------------------||
	||    L -&gt; R:                                ||
	||            - Mean                         ||
	||            - Error                        ||
	||            - Variance                     ||
	||            - Standard Deviation           ||
	||-------------------------------------------||
	||  0.00198 |  0.80518 |  1.01579 |  1.00786 ||
	||  0.00402 |  0.79550 |  0.99453 |  0.99726 ||
	||  0.00041 |  0.79404 |  0.98773 |  0.99385 ||
	||  0.00141 |  0.79959 |  1.00214 |  1.00107 ||
	||  0.00133 |  0.79604 |  0.99527 |  0.99763 ||
	||  0.00165 |  0.79775 |  1.00164 |  1.00082 ||
	|| -0.00230 |  0.80110 |  1.00667 |  1.00333 ||
	|| -0.00705 |  0.79478 |  0.99084 |  0.99541 ||
	|| -0.00386 |  0.79730 |  1.00082 |  1.00041 ||
	||-------------------------------------------||

	||------------------------------------------------------------------------------------------||
	||                                     INPUT CORRELATION                                    ||
	||------------------------------------------------------------------------------------------||
	||  1.00000 | 0.16100 | 0.24500 | 0.35200 | 0.25900 | 0.16600 | 0.00300 | 0.03800 | 0.11400 ||
	||  0.16100 | 1.00000 | 0.00000 | 0.00000 | 0.00000 | 0.00000 | 0.00000 | 0.00000 | 0.00000 ||
	||  0.24500 | 0.00000 | 1.00000 | 0.00000 | 0.00000 | 0.00000 | 0.00000 | 0.00000 | 0.00000 ||
	||  0.35200 | 0.00000 | 0.00000 | 1.00000 | 0.00000 | 0.00000 | 0.00000 | 0.00000 | 0.00000 ||
	||  0.25900 | 0.00000 | 0.00000 | 0.00000 | 1.00000 | 0.00000 | 0.00000 | 0.00000 | 0.00000 ||
	||  0.16600 | 0.00000 | 0.00000 | 0.00000 | 0.00000 | 1.00000 | 0.00000 | 0.00000 | 0.00000 ||
	||  0.00300 | 0.00000 | 0.00000 | 0.00000 | 0.00000 | 0.00000 | 1.00000 | 0.00000 | 0.00000 ||
	||  0.03800 | 0.00000 | 0.00000 | 0.00000 | 0.00000 | 0.00000 | 0.00000 | 1.00000 | 0.00000 ||
	||  0.11400 | 0.00000 | 0.00000 | 0.00000 | 0.00000 | 0.00000 | 0.00000 | 0.00000 | 1.00000 ||
	||------------------------------------------------------------------------------------------||

	||------------------------------------------------------------------------------------------||
	||                                    OUTPUT CORRELATION                                    ||
	||------------------------------------------------------------------------------------------||
	||  1.00000 | 0.15685 | 0.24117 | 0.36151 | 0.25614 | 0.16896 | 0.00081 | 0.04435 | 0.11586 ||
	||  0.15685 | 1.00000 | 0.00212 |-0.00577 |-0.00771 |-0.00401 |-0.00338 |-0.00341 |-0.00690 ||
	||  0.24117 | 0.00212 | 1.00000 |-0.00224 | 0.00434 | 0.00024 | 0.00105 | 0.00039 |-0.00208 ||
	||  0.36151 |-0.00577 |-0.00224 | 1.00000 | 0.00472 | 0.00222 | 0.00545 |-0.00687 | 0.00894 ||
	||  0.25614 |-0.00771 | 0.00434 | 0.00472 | 1.00000 | 0.00669 | 0.00263 | 0.00618 |-0.00254 ||
	||  0.16896 |-0.00401 | 0.00024 | 0.00222 | 0.00669 | 1.00000 |-0.00202 | 0.00174 |-0.00023 ||
	||  0.00081 |-0.00338 | 0.00105 | 0.00545 | 0.00263 |-0.00202 | 1.00000 | 0.00446 |-0.00071 ||
	||  0.04435 |-0.00341 | 0.00039 |-0.00687 | 0.00618 | 0.00174 | 0.00446 | 1.00000 | 0.00026 ||
	||  0.11586 |-0.00690 |-0.00208 | 0.00894 |-0.00254 |-0.00023 |-0.00071 | 0.00026 | 1.00000 ||
	||------------------------------------------------------------------------------------------||

	||------------------------------------------------------------------------------------------||
	||                                    OUTPUT COVARIANCE                                     ||
	||------------------------------------------------------------------------------------------||
	||  1.01579 | 0.15765 | 0.24157 | 0.36474 | 0.25754 | 0.17043 | 0.00082 | 0.04449 | 0.11681 ||
	||  0.15765 | 0.99453 | 0.00210 |-0.00576 |-0.00767 |-0.00400 |-0.00338 |-0.00339 |-0.00689 ||
	||  0.24157 | 0.00210 | 0.98773 |-0.00223 | 0.00430 | 0.00024 | 0.00105 | 0.00039 |-0.00207 ||
	||  0.36474 |-0.00576 |-0.00223 | 1.00214 | 0.00471 | 0.00222 | 0.00548 |-0.00685 | 0.00896 ||
	||  0.25754 |-0.00767 | 0.00430 | 0.00471 | 0.99527 | 0.00668 | 0.00264 | 0.00613 |-0.00253 ||
	||  0.17043 |-0.00400 | 0.00024 | 0.00222 | 0.00668 | 1.00164 |-0.00203 | 0.00173 |-0.00023 ||
	||  0.00082 |-0.00338 | 0.00105 | 0.00548 | 0.00264 |-0.00203 | 1.00667 | 0.00445 |-0.00072 ||
	||  0.04449 |-0.00339 | 0.00039 |-0.00685 | 0.00613 | 0.00173 | 0.00445 | 0.99084 | 0.00026 ||
	||  0.11681 |-0.00689 |-0.00207 | 0.00896 |-0.00253 |-0.00023 |-0.00072 | 0.00026 | 1.00082 ||
	||------------------------------------------------------------------------------------------||


	|-----------------------------------------------------------------|
	|    Copyright (C) 2011-2018 (DRIP)
	|-----------------------------------------------------------------|
	|    Build Version  =&gt; 3.79.0 multi mode
	|    Build JVM (TM) =&gt; 1.8.0_112
	|    Build Snap     =&gt; Fri Oct 26 15:37:12 EST 2018
	|    Start Time     =&gt; Fri Oct 26 22:55:16 EDT 2018
	|    Setup Time     =&gt; Fri Oct 26 22:55:16 EDT 2018
	|    Setup Duration =&gt; 0 ms
	|-----------------------------------------------------------------|


	||-------------------------------------------||
	||                R^1 METRICS                ||
	||-------------------------------------------||
	||    L -&gt; R:                                ||
	||            - Mean                         ||
	||            - Error                        ||
	||            - Variance                     ||
	||            - Standard Deviation           ||
	||-------------------------------------------||
	|| -0.00799 |  0.79878 |  0.99994 |  0.99997 ||
	|| -0.00080 |  0.79715 |  1.00000 |  1.00000 ||
	|| -0.00009 |  0.79869 |  1.00000 |  1.00000 ||
	|| -0.00942 |  0.79759 |  0.99991 |  0.99996 ||
	|| -0.00112 |  0.79814 |  1.00000 |  1.00000 ||
	|| -0.00529 |  0.79778 |  0.99997 |  0.99999 ||
	||  0.00449 |  0.79731 |  0.99998 |  0.99999 ||
	|| -0.00034 |  0.79791 |  1.00000 |  1.00000 ||
	||  0.00221 |  0.79730 |  1.00000 |  1.00000 ||
	||-------------------------------------------||

	||------------------------------------------------------------------------------------------||
	||                                     INPUT CORRELATION                                    ||
	||------------------------------------------------------------------------------------------||
	||  1.00000 | 0.16100 | 0.24500 | 0.35200 | 0.25900 | 0.16600 | 0.00300 | 0.03800 | 0.11400 ||
	||  0.16100 | 1.00000 | 0.00000 | 0.00000 | 0.00000 | 0.00000 | 0.00000 | 0.00000 | 0.00000 ||
	||  0.24500 | 0.00000 | 1.00000 | 0.00000 | 0.00000 | 0.00000 | 0.00000 | 0.00000 | 0.00000 ||
	||  0.35200 | 0.00000 | 0.00000 | 1.00000 | 0.00000 | 0.00000 | 0.00000 | 0.00000 | 0.00000 ||
	||  0.25900 | 0.00000 | 0.00000 | 0.00000 | 1.00000 | 0.00000 | 0.00000 | 0.00000 | 0.00000 ||
	||  0.16600 | 0.00000 | 0.00000 | 0.00000 | 0.00000 | 1.00000 | 0.00000 | 0.00000 | 0.00000 ||
	||  0.00300 | 0.00000 | 0.00000 | 0.00000 | 0.00000 | 0.00000 | 1.00000 | 0.00000 | 0.00000 ||
	||  0.03800 | 0.00000 | 0.00000 | 0.00000 | 0.00000 | 0.00000 | 0.00000 | 1.00000 | 0.00000 ||
	||  0.11400 | 0.00000 | 0.00000 | 0.00000 | 0.00000 | 0.00000 | 0.00000 | 0.00000 | 1.00000 ||
	||------------------------------------------------------------------------------------------||

	||------------------------------------------------------------------------------------------||
	||                                    OUTPUT CORRELATION                                    ||
	||------------------------------------------------------------------------------------------||
	||  1.00000 | 0.15058 | 0.24825 | 0.35358 | 0.26435 | 0.16569 | 0.00188 | 0.03706 | 0.11084 ||
	||  0.15058 | 1.00000 |-0.00132 |-0.00804 |-0.00366 |-0.00569 | 0.00350 |-0.00271 |-0.00161 ||
	||  0.24825 |-0.00132 | 1.00000 |-0.00230 | 0.00836 | 0.00601 | 0.00740 |-0.00042 | 0.00606 ||
	||  0.35358 |-0.00804 |-0.00230 | 1.00000 |-0.00249 | 0.00191 |-0.00215 |-0.00301 | 0.00291 ||
	||  0.26435 |-0.00366 | 0.00836 |-0.00249 | 1.00000 | 0.00569 |-0.00522 |-0.00091 |-0.00272 ||
	||  0.16569 |-0.00569 | 0.00601 | 0.00191 | 0.00569 | 1.00000 |-0.00706 | 0.00321 |-0.00199 ||
	||  0.00188 | 0.00350 | 0.00740 |-0.00215 |-0.00522 |-0.00706 | 1.00000 |-0.00464 |-0.00492 ||
	||  0.03706 |-0.00271 |-0.00042 |-0.00301 |-0.00091 | 0.00321 |-0.00464 | 1.00000 | 0.00359 ||
	||  0.11084 |-0.00161 | 0.00606 | 0.00291 |-0.00272 |-0.00199 |-0.00492 | 0.00359 | 1.00000 ||
	||------------------------------------------------------------------------------------------||

	||------------------------------------------------------------------------------------------||
	||                                    OUTPUT COVARIANCE                                     ||
	||------------------------------------------------------------------------------------------||
	||  0.99994 | 0.15058 | 0.24824 | 0.35355 | 0.26434 | 0.16569 | 0.00188 | 0.03706 | 0.11083 ||
	||  0.15058 | 1.00000 |-0.00132 |-0.00804 |-0.00366 |-0.00569 | 0.00350 |-0.00271 |-0.00161 ||
	||  0.24824 |-0.00132 | 1.00000 |-0.00230 | 0.00836 | 0.00601 | 0.00740 |-0.00042 | 0.00606 ||
	||  0.35355 |-0.00804 |-0.00230 | 0.99991 |-0.00249 | 0.00191 |-0.00215 |-0.00301 | 0.00291 ||
	||  0.26434 |-0.00366 | 0.00836 |-0.00249 | 1.00000 | 0.00569 |-0.00522 |-0.00091 |-0.00272 ||
	||  0.16569 |-0.00569 | 0.00601 | 0.00191 | 0.00569 | 0.99997 |-0.00706 | 0.00321 |-0.00199 ||
	||  0.00188 | 0.00350 | 0.00740 |-0.00215 |-0.00522 |-0.00706 | 0.99998 |-0.00464 |-0.00492 ||
	||  0.03706 |-0.00271 |-0.00042 |-0.00301 |-0.00091 | 0.00321 |-0.00464 | 1.00000 | 0.00359 ||
	||  0.11083 |-0.00161 | 0.00606 | 0.00291 |-0.00272 |-0.00199 |-0.00492 | 0.00359 | 1.00000 ||
	||------------------------------------------------------------------------------------------||


	|-----------------------------------------------------------------|
	|    Copyright (C) 2011-2018 (DRIP)
	|-----------------------------------------------------------------|
	|    Build Version  =&gt; 3.79.0 multi mode
	|    Build JVM (TM) =&gt; 1.8.0_112
	|    Build Snap     =&gt; Fri Oct 26 15:37:12 EST 2018
	|    Start Time     =&gt; Fri Oct 26 22:55:19 EDT 2018
	|    Setup Time     =&gt; Fri Oct 26 22:55:19 EDT 2018
	|    Setup Duration =&gt; 0 ms
	|-----------------------------------------------------------------|


	||-------------------------------------------||
	||                R^1 METRICS                ||
	||-------------------------------------------||
	||    L -&gt; R:                                ||
	||            - Mean                         ||
	||            - Error                        ||
	||            - Variance                     ||
	||            - Standard Deviation           ||
	||-------------------------------------------||
	||  0.01029 |  0.79876 |  0.99987 |  0.99994 ||
	||  0.00120 |  0.79768 |  0.99998 |  0.99999 ||
	||  0.00378 |  0.79685 |  0.99997 |  0.99998 ||
	||  0.00713 |  0.79551 |  0.99993 |  0.99996 ||
	||  0.00192 |  0.79613 |  0.99998 |  0.99999 ||
	|| -0.00012 |  0.79766 |  0.99998 |  0.99999 ||
	|| -0.00198 |  0.79782 |  0.99998 |  0.99999 ||
	|| -0.00293 |  0.79886 |  0.99997 |  0.99999 ||
	||  0.00043 |  0.79653 |  0.99998 |  0.99999 ||
	||-------------------------------------------||

	||------------------------------------------------------------------------------------------||
	||                                     INPUT CORRELATION                                    ||
	||------------------------------------------------------------------------------------------||
	||  1.00000 | 0.16100 | 0.24500 | 0.35200 | 0.25900 | 0.16600 | 0.00300 | 0.03800 | 0.11400 ||
	||  0.16100 | 1.00000 | 0.00000 | 0.00000 | 0.00000 | 0.00000 | 0.00000 | 0.00000 | 0.00000 ||
	||  0.24500 | 0.00000 | 1.00000 | 0.00000 | 0.00000 | 0.00000 | 0.00000 | 0.00000 | 0.00000 ||
	||  0.35200 | 0.00000 | 0.00000 | 1.00000 | 0.00000 | 0.00000 | 0.00000 | 0.00000 | 0.00000 ||
	||  0.25900 | 0.00000 | 0.00000 | 0.00000 | 1.00000 | 0.00000 | 0.00000 | 0.00000 | 0.00000 ||
	||  0.16600 | 0.00000 | 0.00000 | 0.00000 | 0.00000 | 1.00000 | 0.00000 | 0.00000 | 0.00000 ||
	||  0.00300 | 0.00000 | 0.00000 | 0.00000 | 0.00000 | 0.00000 | 1.00000 | 0.00000 | 0.00000 ||
	||  0.03800 | 0.00000 | 0.00000 | 0.00000 | 0.00000 | 0.00000 | 0.00000 | 1.00000 | 0.00000 ||
	||  0.11400 | 0.00000 | 0.00000 | 0.00000 | 0.00000 | 0.00000 | 0.00000 | 0.00000 | 1.00000 ||
	||------------------------------------------------------------------------------------------||

	||------------------------------------------------------------------------------------------||
	||                                    OUTPUT CORRELATION                                    ||
	||------------------------------------------------------------------------------------------||
	||  1.00000 | 0.16058 | 0.24172 | 0.34989 | 0.26091 | 0.16207 |-0.00899 | 0.03709 | 0.10895 ||
	||  0.16058 | 1.00000 |-0.00671 |-0.00484 | 0.00270 | 0.00516 | 0.00267 | 0.00576 |-0.00282 ||
	||  0.24172 |-0.00671 | 1.00000 |-0.00745 | 0.00293 |-0.00005 | 0.00012 | 0.00391 |-0.00208 ||
	||  0.34989 |-0.00484 |-0.00745 | 1.00000 | 0.00426 | 0.00180 |-0.00009 |-0.00824 |-0.00853 ||
	||  0.26091 | 0.00270 | 0.00293 | 0.00426 | 1.00000 | 0.00519 |-0.00760 |-0.00244 | 0.00188 ||
	||  0.16207 | 0.00516 |-0.00005 | 0.00180 | 0.00519 | 1.00000 |-0.01189 |-0.00181 | 0.00167 ||
	|| -0.00899 | 0.00267 | 0.00012 |-0.00009 |-0.00760 |-0.01189 | 1.00000 |-0.00219 | 0.00040 ||
	||  0.03709 | 0.00576 | 0.00391 |-0.00824 |-0.00244 |-0.00181 |-0.00219 | 1.00000 |-0.00565 ||
	||  0.10895 |-0.00282 |-0.00208 |-0.00853 | 0.00188 | 0.00167 | 0.00040 |-0.00565 | 1.00000 ||
	||------------------------------------------------------------------------------------------||

	||------------------------------------------------------------------------------------------||
	||                                    OUTPUT COVARIANCE                                     ||
	||------------------------------------------------------------------------------------------||
	||  0.99987 | 0.16057 | 0.24171 | 0.34986 | 0.26089 | 0.16206 |-0.00899 | 0.03708 | 0.10894 ||
	||  0.16057 | 0.99998 |-0.00671 |-0.00484 | 0.00270 | 0.00516 | 0.00267 | 0.00576 |-0.00282 ||
	||  0.24171 |-0.00671 | 0.99997 |-0.00745 | 0.00293 |-0.00005 | 0.00012 | 0.00391 |-0.00208 ||
	||  0.34986 |-0.00484 |-0.00745 | 0.99993 | 0.00426 | 0.00180 |-0.00009 |-0.00824 |-0.00853 ||
	||  0.26089 | 0.00270 | 0.00293 | 0.00426 | 0.99998 | 0.00519 |-0.00760 |-0.00244 | 0.00188 ||
	||  0.16206 | 0.00516 |-0.00005 | 0.00180 | 0.00519 | 0.99998 |-0.01189 |-0.00181 | 0.00167 ||
	|| -0.00899 | 0.00267 | 0.00012 |-0.00009 |-0.00760 |-0.01189 | 0.99998 |-0.00219 | 0.00040 ||
	||  0.03708 | 0.00576 | 0.00391 |-0.00824 |-0.00244 |-0.00181 |-0.00219 | 0.99997 |-0.00565 ||
	||  0.10894 |-0.00282 |-0.00208 |-0.00853 | 0.00188 | 0.00167 | 0.00040 |-0.00565 | 0.99998 ||
	||------------------------------------------------------------------------------------------||

</pre>
</span>
</div>
</div>
<div id="footer">
<p>
<div>
<label class="hidden" id="label-for-line-wrapping-toggle" for="line-wrapping-toggle">Wrap lines
<input id="line-wrapping-toggle" type="checkbox" autocomplete="off"/>
</label>
</div>Generated by 
<a href="http://www.gradle.org">Gradle 3.5</a> at Oct 26, 2018 11:21:27 PM</p>
</div>
</div>
</body>
</html>
