<!DOCTYPE html>
<html>
<head>
<meta http-equiv="Content-Type" content="text/html; charset=utf-8"/>
<meta http-equiv="x-ua-compatible" content="IE=edge"/>
<title>Test results - Class org.drip.coverage.sequence.Statistics</title>
<link href="../css/base-style.css" rel="stylesheet" type="text/css"/>
<link href="../css/style.css" rel="stylesheet" type="text/css"/>
<script src="../js/report.js" type="text/javascript"></script>
</head>
<body>
<div id="content">
<h1>Class org.drip.coverage.sequence.Statistics</h1>
<div class="breadcrumbs">
<a href="../index.html">all</a> &gt; 
<a href="../packages/org.drip.coverage.sequence.html">org.drip.coverage.sequence</a> &gt; Statistics</div>
<div id="summary">
<table>
<tr>
<td>
<div class="summaryGroup">
<table>
<tr>
<td>
<div class="infoBox" id="tests">
<div class="counter">1</div>
<p>tests</p>
</div>
</td>
<td>
<div class="infoBox" id="failures">
<div class="counter">0</div>
<p>failures</p>
</div>
</td>
<td>
<div class="infoBox" id="ignored">
<div class="counter">0</div>
<p>ignored</p>
</div>
</td>
<td>
<div class="infoBox" id="duration">
<div class="counter">9.608s</div>
<p>duration</p>
</div>
</td>
</tr>
</table>
</div>
</td>
<td>
<div class="infoBox success" id="successRate">
<div class="percent">100%</div>
<p>successful</p>
</div>
</td>
</tr>
</table>
</div>
<div id="tabs">
<ul class="tabLinks">
<li>
<a href="#tab0">Tests</a>
</li>
<li>
<a href="#tab1">Standard output</a>
</li>
</ul>
<div id="tab0" class="tab">
<h2>Tests</h2>
<table>
<thead>
<tr>
<th>Test</th>
<th>Duration</th>
<th>Result</th>
</tr>
</thead>
<tr>
<td class="success">codeCoverageTest</td>
<td>9.608s</td>
<td class="success">passed</td>
</tr>
</table>
</div>
<div id="tab1" class="tab">
<h2>Standard output</h2>
<span class="code">
<pre>
	|-----------------------------------------------------------------|
	|    Copyright (C) 2011-2018 (DRIP)
	|-----------------------------------------------------------------|
	|    Build Version  =&gt; 3.65.0 multi mode
	|    Build JVM (TM) =&gt; 1.8.0_112
	|    Build Snap     =&gt; Wed Jul 18 15:07:54 EST 2018
	|    Start Time     =&gt; Sun Jul 29 23:09:02 EDT 2018
	|    Setup Time     =&gt; Sun Jul 29 23:09:02 EDT 2018
	|    Setup Duration =&gt; 0 ms
	|-----------------------------------------------------------------|


	||-------------------------------------------||
	||                R^1 METRICS                ||
	||-------------------------------------------||
	||    L -&gt; R:                                ||
	||            - Mean                         ||
	||            - Error                        ||
	||            - Variance                     ||
	||            - Standard Deviation           ||
	||-------------------------------------------||
	|| -0.00148 |  0.79327 |  0.98887 |  0.99442 ||
	|| -0.00259 |  0.79503 |  0.99518 |  0.99759 ||
	||  0.00326 |  0.80000 |  1.00468 |  1.00234 ||
	||  0.00066 |  0.79826 |  1.00300 |  1.00150 ||
	||  0.00275 |  0.79961 |  1.00255 |  1.00127 ||
	|| -0.00089 |  0.79738 |  1.00110 |  1.00055 ||
	|| -0.00177 |  0.79825 |  0.99940 |  0.99970 ||
	|| -0.00299 |  0.79353 |  0.99061 |  0.99529 ||
	|| -0.00032 |  0.79838 |  0.99921 |  0.99960 ||
	||-------------------------------------------||

	||------------------------------------------------------------------------------------------||
	||                                     INPUT CORRELATION                                    ||
	||------------------------------------------------------------------------------------------||
	||  1.00000 | 0.16100 | 0.24500 | 0.35200 | 0.25900 | 0.16600 | 0.00300 | 0.03800 | 0.11400 ||
	||  0.16100 | 1.00000 | 0.00000 | 0.00000 | 0.00000 | 0.00000 | 0.00000 | 0.00000 | 0.00000 ||
	||  0.24500 | 0.00000 | 1.00000 | 0.00000 | 0.00000 | 0.00000 | 0.00000 | 0.00000 | 0.00000 ||
	||  0.35200 | 0.00000 | 0.00000 | 1.00000 | 0.00000 | 0.00000 | 0.00000 | 0.00000 | 0.00000 ||
	||  0.25900 | 0.00000 | 0.00000 | 0.00000 | 1.00000 | 0.00000 | 0.00000 | 0.00000 | 0.00000 ||
	||  0.16600 | 0.00000 | 0.00000 | 0.00000 | 0.00000 | 1.00000 | 0.00000 | 0.00000 | 0.00000 ||
	||  0.00300 | 0.00000 | 0.00000 | 0.00000 | 0.00000 | 0.00000 | 1.00000 | 0.00000 | 0.00000 ||
	||  0.03800 | 0.00000 | 0.00000 | 0.00000 | 0.00000 | 0.00000 | 0.00000 | 1.00000 | 0.00000 ||
	||  0.11400 | 0.00000 | 0.00000 | 0.00000 | 0.00000 | 0.00000 | 0.00000 | 0.00000 | 1.00000 ||
	||------------------------------------------------------------------------------------------||

	||------------------------------------------------------------------------------------------||
	||                                    OUTPUT CORRELATION                                    ||
	||------------------------------------------------------------------------------------------||
	||  1.00000 | 0.15978 | 0.24599 | 0.34918 | 0.25832 | 0.16245 | 0.00878 | 0.03389 | 0.10817 ||
	||  0.15978 | 1.00000 | 0.00714 | 0.00054 |-0.00668 |-0.00231 |-0.00371 |-0.00117 |-0.00183 ||
	||  0.24599 | 0.00714 | 1.00000 | 0.00208 |-0.00059 | 0.00235 |-0.00049 |-0.00816 |-0.00715 ||
	||  0.34918 | 0.00054 | 0.00208 | 1.00000 | 0.00401 | 0.00150 |-0.00059 | 0.00297 |-0.00301 ||
	||  0.25832 |-0.00668 |-0.00059 | 0.00401 | 1.00000 |-0.00381 | 0.00580 | 0.00095 |-0.00451 ||
	||  0.16245 |-0.00231 | 0.00235 | 0.00150 |-0.00381 | 1.00000 | 0.00357 |-0.00269 | 0.00186 ||
	||  0.00878 |-0.00371 |-0.00049 |-0.00059 | 0.00580 | 0.00357 | 1.00000 | 0.00173 |-0.00006 ||
	||  0.03389 |-0.00117 |-0.00816 | 0.00297 | 0.00095 |-0.00269 | 0.00173 | 1.00000 | 0.00174 ||
	||  0.10817 |-0.00183 |-0.00715 |-0.00301 |-0.00451 | 0.00186 |-0.00006 | 0.00174 | 1.00000 ||
	||------------------------------------------------------------------------------------------||

	||------------------------------------------------------------------------------------------||
	||                                    OUTPUT COVARIANCE                                     ||
	||------------------------------------------------------------------------------------------||
	||  0.98887 | 0.15851 | 0.24519 | 0.34775 | 0.25721 | 0.16163 | 0.00873 | 0.03354 | 0.10752 ||
	||  0.15851 | 0.99518 | 0.00714 | 0.00054 |-0.00667 |-0.00230 |-0.00370 |-0.00116 |-0.00182 ||
	||  0.24519 | 0.00714 | 1.00468 | 0.00208 |-0.00060 | 0.00236 |-0.00049 |-0.00814 |-0.00717 ||
	||  0.34775 | 0.00054 | 0.00208 | 1.00300 | 0.00402 | 0.00150 |-0.00059 | 0.00296 |-0.00301 ||
	||  0.25721 |-0.00667 |-0.00060 | 0.00402 | 1.00255 |-0.00381 | 0.00580 | 0.00095 |-0.00451 ||
	||  0.16163 |-0.00230 | 0.00236 | 0.00150 |-0.00381 | 1.00110 | 0.00357 |-0.00267 | 0.00187 ||
	||  0.00873 |-0.00370 |-0.00049 |-0.00059 | 0.00580 | 0.00357 | 0.99940 | 0.00172 |-0.00006 ||
	||  0.03354 |-0.00116 |-0.00814 | 0.00296 | 0.00095 |-0.00267 | 0.00172 | 0.99061 | 0.00173 ||
	||  0.10752 |-0.00182 |-0.00717 |-0.00301 |-0.00451 | 0.00187 |-0.00006 | 0.00173 | 0.99921 ||
	||------------------------------------------------------------------------------------------||


	|-----------------------------------------------------------------|
	|    Copyright (C) 2011-2018 (DRIP)
	|-----------------------------------------------------------------|
	|    Build Version  =&gt; 3.65.0 multi mode
	|    Build JVM (TM) =&gt; 1.8.0_112
	|    Build Snap     =&gt; Wed Jul 18 15:07:54 EST 2018
	|    Start Time     =&gt; Sun Jul 29 23:09:04 EDT 2018
	|    Setup Time     =&gt; Sun Jul 29 23:09:04 EDT 2018
	|    Setup Duration =&gt; 0 ms
	|-----------------------------------------------------------------|


	||-------------------------------------------||
	||                R^1 METRICS                ||
	||-------------------------------------------||
	||    L -&gt; R:                                ||
	||            - Mean                         ||
	||            - Error                        ||
	||            - Variance                     ||
	||            - Standard Deviation           ||
	||-------------------------------------------||
	|| -0.00304 |  0.79251 |  0.99055 |  0.99526 ||
	||  0.00396 |  0.79526 |  0.99709 |  0.99855 ||
	|| -0.00263 |  0.79659 |  0.99833 |  0.99917 ||
	|| -0.00024 |  0.79746 |  0.99760 |  0.99880 ||
	||  0.00559 |  0.79918 |  1.00432 |  1.00216 ||
	|| -0.00918 |  0.80195 |  1.01015 |  1.00506 ||
	||  0.00517 |  0.79709 |  0.99755 |  0.99877 ||
	|| -0.00062 |  0.79983 |  1.00506 |  1.00253 ||
	||  0.00102 |  0.79670 |  0.99648 |  0.99824 ||
	||-------------------------------------------||

	||------------------------------------------------------------------------------------------||
	||                                     INPUT CORRELATION                                    ||
	||------------------------------------------------------------------------------------------||
	||  1.00000 | 0.16100 | 0.24500 | 0.35200 | 0.25900 | 0.16600 | 0.00300 | 0.03800 | 0.11400 ||
	||  0.16100 | 1.00000 | 0.00000 | 0.00000 | 0.00000 | 0.00000 | 0.00000 | 0.00000 | 0.00000 ||
	||  0.24500 | 0.00000 | 1.00000 | 0.00000 | 0.00000 | 0.00000 | 0.00000 | 0.00000 | 0.00000 ||
	||  0.35200 | 0.00000 | 0.00000 | 1.00000 | 0.00000 | 0.00000 | 0.00000 | 0.00000 | 0.00000 ||
	||  0.25900 | 0.00000 | 0.00000 | 0.00000 | 1.00000 | 0.00000 | 0.00000 | 0.00000 | 0.00000 ||
	||  0.16600 | 0.00000 | 0.00000 | 0.00000 | 0.00000 | 1.00000 | 0.00000 | 0.00000 | 0.00000 ||
	||  0.00300 | 0.00000 | 0.00000 | 0.00000 | 0.00000 | 0.00000 | 1.00000 | 0.00000 | 0.00000 ||
	||  0.03800 | 0.00000 | 0.00000 | 0.00000 | 0.00000 | 0.00000 | 0.00000 | 1.00000 | 0.00000 ||
	||  0.11400 | 0.00000 | 0.00000 | 0.00000 | 0.00000 | 0.00000 | 0.00000 | 0.00000 | 1.00000 ||
	||------------------------------------------------------------------------------------------||

	||------------------------------------------------------------------------------------------||
	||                                    OUTPUT CORRELATION                                    ||
	||------------------------------------------------------------------------------------------||
	||  1.00000 | 0.15940 | 0.24631 | 0.35111 | 0.25342 | 0.17068 | 0.00596 | 0.03133 | 0.11531 ||
	||  0.15940 | 1.00000 | 0.00125 |-0.00219 |-0.00200 |-0.00911 |-0.00453 |-0.00398 | 0.00217 ||
	||  0.24631 | 0.00125 | 1.00000 |-0.00238 | 0.00459 | 0.00351 | 0.00864 |-0.00110 |-0.00085 ||
	||  0.35111 |-0.00219 |-0.00238 | 1.00000 |-0.00191 | 0.00664 |-0.00147 | 0.00264 |-0.00281 ||
	||  0.25342 |-0.00200 | 0.00459 |-0.00191 | 1.00000 | 0.00562 |-0.00363 | 0.00025 |-0.00389 ||
	||  0.17068 |-0.00911 | 0.00351 | 0.00664 | 0.00562 | 1.00000 | 0.00649 |-0.00040 | 0.00542 ||
	||  0.00596 |-0.00453 | 0.00864 |-0.00147 |-0.00363 | 0.00649 | 1.00000 | 0.00710 |-0.00520 ||
	||  0.03133 |-0.00398 |-0.00110 | 0.00264 | 0.00025 |-0.00040 | 0.00710 | 1.00000 | 0.00638 ||
	||  0.11531 | 0.00217 |-0.00085 |-0.00281 |-0.00389 | 0.00542 |-0.00520 | 0.00638 | 1.00000 ||
	||------------------------------------------------------------------------------------------||

	||------------------------------------------------------------------------------------------||
	||                                    OUTPUT COVARIANCE                                     ||
	||------------------------------------------------------------------------------------------||
	||  0.99055 | 0.15841 | 0.24494 | 0.34903 | 0.25276 | 0.17073 | 0.00593 | 0.03126 | 0.11456 ||
	||  0.15841 | 0.99709 | 0.00125 |-0.00218 |-0.00200 |-0.00914 |-0.00452 |-0.00399 | 0.00216 ||
	||  0.24494 | 0.00125 | 0.99833 |-0.00237 | 0.00459 | 0.00352 | 0.00862 |-0.00110 |-0.00084 ||
	||  0.34903 |-0.00218 |-0.00237 | 0.99760 |-0.00191 | 0.00667 |-0.00146 | 0.00265 |-0.00280 ||
	||  0.25276 |-0.00200 | 0.00459 |-0.00191 | 1.00432 | 0.00566 |-0.00364 | 0.00025 |-0.00389 ||
	||  0.17073 |-0.00914 | 0.00352 | 0.00667 | 0.00566 | 1.01015 | 0.00652 |-0.00040 | 0.00544 ||
	||  0.00593 |-0.00452 | 0.00862 |-0.00146 |-0.00364 | 0.00652 | 0.99755 | 0.00711 |-0.00518 ||
	||  0.03126 |-0.00399 |-0.00110 | 0.00265 | 0.00025 |-0.00040 | 0.00711 | 1.00506 | 0.00638 ||
	||  0.11456 | 0.00216 |-0.00084 |-0.00280 |-0.00389 | 0.00544 |-0.00518 | 0.00638 | 0.99648 ||
	||------------------------------------------------------------------------------------------||


	|-----------------------------------------------------------------|
	|    Copyright (C) 2011-2018 (DRIP)
	|-----------------------------------------------------------------|
	|    Build Version  =&gt; 3.65.0 multi mode
	|    Build JVM (TM) =&gt; 1.8.0_112
	|    Build Snap     =&gt; Wed Jul 18 15:07:54 EST 2018
	|    Start Time     =&gt; Sun Jul 29 23:09:07 EDT 2018
	|    Setup Time     =&gt; Sun Jul 29 23:09:07 EDT 2018
	|    Setup Duration =&gt; 0 ms
	|-----------------------------------------------------------------|


	||-------------------------------------------||
	||                R^1 METRICS                ||
	||-------------------------------------------||
	||    L -&gt; R:                                ||
	||            - Mean                         ||
	||            - Error                        ||
	||            - Variance                     ||
	||            - Standard Deviation           ||
	||-------------------------------------------||
	||  0.00035 |  0.79898 |  1.00000 |  1.00000 ||
	|| -0.00188 |  0.79731 |  1.00000 |  1.00000 ||
	||  0.00343 |  0.79805 |  0.99999 |  0.99999 ||
	||  0.00696 |  0.79691 |  0.99995 |  0.99998 ||
	||  0.00098 |  0.79776 |  1.00000 |  1.00000 ||
	|| -0.01134 |  0.79654 |  0.99987 |  0.99994 ||
	|| -0.00199 |  0.79692 |  1.00000 |  1.00000 ||
	|| -0.00118 |  0.79802 |  1.00000 |  1.00000 ||
	||  0.00323 |  0.79641 |  0.99999 |  0.99999 ||
	||-------------------------------------------||

	||------------------------------------------------------------------------------------------||
	||                                     INPUT CORRELATION                                    ||
	||------------------------------------------------------------------------------------------||
	||  1.00000 | 0.16100 | 0.24500 | 0.35200 | 0.25900 | 0.16600 | 0.00300 | 0.03800 | 0.11400 ||
	||  0.16100 | 1.00000 | 0.00000 | 0.00000 | 0.00000 | 0.00000 | 0.00000 | 0.00000 | 0.00000 ||
	||  0.24500 | 0.00000 | 1.00000 | 0.00000 | 0.00000 | 0.00000 | 0.00000 | 0.00000 | 0.00000 ||
	||  0.35200 | 0.00000 | 0.00000 | 1.00000 | 0.00000 | 0.00000 | 0.00000 | 0.00000 | 0.00000 ||
	||  0.25900 | 0.00000 | 0.00000 | 0.00000 | 1.00000 | 0.00000 | 0.00000 | 0.00000 | 0.00000 ||
	||  0.16600 | 0.00000 | 0.00000 | 0.00000 | 0.00000 | 1.00000 | 0.00000 | 0.00000 | 0.00000 ||
	||  0.00300 | 0.00000 | 0.00000 | 0.00000 | 0.00000 | 0.00000 | 1.00000 | 0.00000 | 0.00000 ||
	||  0.03800 | 0.00000 | 0.00000 | 0.00000 | 0.00000 | 0.00000 | 0.00000 | 1.00000 | 0.00000 ||
	||  0.11400 | 0.00000 | 0.00000 | 0.00000 | 0.00000 | 0.00000 | 0.00000 | 0.00000 | 1.00000 ||
	||------------------------------------------------------------------------------------------||

	||------------------------------------------------------------------------------------------||
	||                                    OUTPUT CORRELATION                                    ||
	||------------------------------------------------------------------------------------------||
	||  1.00000 | 0.16450 | 0.24484 | 0.35445 | 0.25658 | 0.16168 | 0.01077 | 0.04186 | 0.11403 ||
	||  0.16450 | 1.00000 | 0.00163 | 0.00539 | 0.00438 | 0.00096 | 0.00773 | 0.00531 |-0.00086 ||
	||  0.24484 | 0.00163 | 1.00000 |-0.00151 |-0.00711 | 0.00171 |-0.00370 | 0.00842 | 0.00059 ||
	||  0.35445 | 0.00539 |-0.00151 | 1.00000 |-0.00289 | 0.00408 | 0.00008 | 0.00434 | 0.00148 ||
	||  0.25658 | 0.00438 |-0.00711 |-0.00289 | 1.00000 | 0.00201 | 0.00471 | 0.00109 |-0.00533 ||
	||  0.16168 | 0.00096 | 0.00171 | 0.00408 | 0.00201 | 1.00000 | 0.00531 | 0.00461 |-0.00149 ||
	||  0.01077 | 0.00773 |-0.00370 | 0.00008 | 0.00471 | 0.00531 | 1.00000 |-0.00557 |-0.00393 ||
	||  0.04186 | 0.00531 | 0.00842 | 0.00434 | 0.00109 | 0.00461 |-0.00557 | 1.00000 |-0.00054 ||
	||  0.11403 |-0.00086 | 0.00059 | 0.00148 |-0.00533 |-0.00149 |-0.00393 |-0.00054 | 1.00000 ||
	||------------------------------------------------------------------------------------------||

	||------------------------------------------------------------------------------------------||
	||                                    OUTPUT COVARIANCE                                     ||
	||------------------------------------------------------------------------------------------||
	||  1.00000 | 0.16450 | 0.24484 | 0.35444 | 0.25658 | 0.16167 | 0.01077 | 0.04186 | 0.11403 ||
	||  0.16450 | 1.00000 | 0.00163 | 0.00539 | 0.00438 | 0.00096 | 0.00773 | 0.00531 |-0.00086 ||
	||  0.24484 | 0.00163 | 0.99999 |-0.00151 |-0.00711 | 0.00171 |-0.00370 | 0.00842 | 0.00059 ||
	||  0.35444 | 0.00539 |-0.00151 | 0.99995 |-0.00289 | 0.00408 | 0.00008 | 0.00434 | 0.00148 ||
	||  0.25658 | 0.00438 |-0.00711 |-0.00289 | 1.00000 | 0.00201 | 0.00471 | 0.00109 |-0.00533 ||
	||  0.16167 | 0.00096 | 0.00171 | 0.00408 | 0.00201 | 0.99987 | 0.00531 | 0.00461 |-0.00149 ||
	||  0.01077 | 0.00773 |-0.00370 | 0.00008 | 0.00471 | 0.00531 | 1.00000 |-0.00557 |-0.00393 ||
	||  0.04186 | 0.00531 | 0.00842 | 0.00434 | 0.00109 | 0.00461 |-0.00557 | 1.00000 |-0.00054 ||
	||  0.11403 |-0.00086 | 0.00059 | 0.00148 |-0.00533 |-0.00149 |-0.00393 |-0.00054 | 0.99999 ||
	||------------------------------------------------------------------------------------------||


	|-----------------------------------------------------------------|
	|    Copyright (C) 2011-2018 (DRIP)
	|-----------------------------------------------------------------|
	|    Build Version  =&gt; 3.65.0 multi mode
	|    Build JVM (TM) =&gt; 1.8.0_112
	|    Build Snap     =&gt; Wed Jul 18 15:07:54 EST 2018
	|    Start Time     =&gt; Sun Jul 29 23:09:09 EDT 2018
	|    Setup Time     =&gt; Sun Jul 29 23:09:09 EDT 2018
	|    Setup Duration =&gt; 0 ms
	|-----------------------------------------------------------------|


	||-------------------------------------------||
	||                R^1 METRICS                ||
	||-------------------------------------------||
	||    L -&gt; R:                                ||
	||            - Mean                         ||
	||            - Error                        ||
	||            - Variance                     ||
	||            - Standard Deviation           ||
	||-------------------------------------------||
	||  0.00076 |  0.79751 |  0.99998 |  0.99999 ||
	|| -0.00205 |  0.79988 |  0.99998 |  0.99999 ||
	|| -0.00251 |  0.79722 |  0.99997 |  0.99999 ||
	|| -0.00102 |  0.79855 |  0.99998 |  0.99999 ||
	|| -0.00096 |  0.79978 |  0.99998 |  0.99999 ||
	|| -0.00029 |  0.79713 |  0.99998 |  0.99999 ||
	|| -0.00631 |  0.79775 |  0.99994 |  0.99997 ||
	||  0.00677 |  0.79826 |  0.99993 |  0.99997 ||
	||  0.00635 |  0.79764 |  0.99994 |  0.99997 ||
	||-------------------------------------------||

	||------------------------------------------------------------------------------------------||
	||                                     INPUT CORRELATION                                    ||
	||------------------------------------------------------------------------------------------||
	||  1.00000 | 0.16100 | 0.24500 | 0.35200 | 0.25900 | 0.16600 | 0.00300 | 0.03800 | 0.11400 ||
	||  0.16100 | 1.00000 | 0.00000 | 0.00000 | 0.00000 | 0.00000 | 0.00000 | 0.00000 | 0.00000 ||
	||  0.24500 | 0.00000 | 1.00000 | 0.00000 | 0.00000 | 0.00000 | 0.00000 | 0.00000 | 0.00000 ||
	||  0.35200 | 0.00000 | 0.00000 | 1.00000 | 0.00000 | 0.00000 | 0.00000 | 0.00000 | 0.00000 ||
	||  0.25900 | 0.00000 | 0.00000 | 0.00000 | 1.00000 | 0.00000 | 0.00000 | 0.00000 | 0.00000 ||
	||  0.16600 | 0.00000 | 0.00000 | 0.00000 | 0.00000 | 1.00000 | 0.00000 | 0.00000 | 0.00000 ||
	||  0.00300 | 0.00000 | 0.00000 | 0.00000 | 0.00000 | 0.00000 | 1.00000 | 0.00000 | 0.00000 ||
	||  0.03800 | 0.00000 | 0.00000 | 0.00000 | 0.00000 | 0.00000 | 0.00000 | 1.00000 | 0.00000 ||
	||  0.11400 | 0.00000 | 0.00000 | 0.00000 | 0.00000 | 0.00000 | 0.00000 | 0.00000 | 1.00000 ||
	||------------------------------------------------------------------------------------------||

	||------------------------------------------------------------------------------------------||
	||                                    OUTPUT CORRELATION                                    ||
	||------------------------------------------------------------------------------------------||
	||  1.00000 | 0.16471 | 0.24858 | 0.34407 | 0.26037 | 0.16459 | 0.00207 | 0.03573 | 0.11154 ||
	||  0.16471 | 1.00000 |-0.00629 |-0.00796 | 0.00004 | 0.00027 | 0.00520 | 0.00820 |-0.00518 ||
	||  0.24858 |-0.00629 | 1.00000 | 0.00210 | 0.00224 |-0.00656 |-0.00553 | 0.00368 | 0.00590 ||
	||  0.34407 |-0.00796 | 0.00210 | 1.00000 |-0.00215 |-0.00359 |-0.00186 |-0.00656 |-0.00135 ||
	||  0.26037 | 0.00004 | 0.00224 |-0.00215 | 1.00000 | 0.00106 | 0.00617 |-0.00029 |-0.00641 ||
	||  0.16459 | 0.00027 |-0.00656 |-0.00359 | 0.00106 | 1.00000 | 0.00466 |-0.00307 |-0.00304 ||
	||  0.00207 | 0.00520 |-0.00553 |-0.00186 | 0.00617 | 0.00466 | 1.00000 |-0.00113 |-0.00797 ||
	||  0.03573 | 0.00820 | 0.00368 |-0.00656 |-0.00029 |-0.00307 |-0.00113 | 1.00000 |-0.00208 ||
	||  0.11154 |-0.00518 | 0.00590 |-0.00135 |-0.00641 |-0.00304 |-0.00797 |-0.00208 | 1.00000 ||
	||------------------------------------------------------------------------------------------||

	||------------------------------------------------------------------------------------------||
	||                                    OUTPUT COVARIANCE                                     ||
	||------------------------------------------------------------------------------------------||
	||  0.99998 | 0.16470 | 0.24858 | 0.34406 | 0.26037 | 0.16459 | 0.00207 | 0.03573 | 0.11154 ||
	||  0.16470 | 0.99998 |-0.00629 |-0.00796 | 0.00004 | 0.00027 | 0.00520 | 0.00820 |-0.00518 ||
	||  0.24858 |-0.00629 | 0.99997 | 0.00210 | 0.00224 |-0.00656 |-0.00553 | 0.00368 | 0.00590 ||
	||  0.34406 |-0.00796 | 0.00210 | 0.99998 |-0.00215 |-0.00358 |-0.00186 |-0.00656 |-0.00135 ||
	||  0.26037 | 0.00004 | 0.00224 |-0.00215 | 0.99998 | 0.00106 | 0.00617 |-0.00029 |-0.00641 ||
	||  0.16459 | 0.00027 |-0.00656 |-0.00358 | 0.00106 | 0.99998 | 0.00466 |-0.00307 |-0.00304 ||
	||  0.00207 | 0.00520 |-0.00553 |-0.00186 | 0.00617 | 0.00466 | 0.99994 |-0.00113 |-0.00797 ||
	||  0.03573 | 0.00820 | 0.00368 |-0.00656 |-0.00029 |-0.00307 |-0.00113 | 0.99993 |-0.00208 ||
	||  0.11154 |-0.00518 | 0.00590 |-0.00135 |-0.00641 |-0.00304 |-0.00797 |-0.00208 | 0.99994 ||
	||------------------------------------------------------------------------------------------||

</pre>
</span>
</div>
</div>
<div id="footer">
<p>
<div>
<label class="hidden" id="label-for-line-wrapping-toggle" for="line-wrapping-toggle">Wrap lines
<input id="line-wrapping-toggle" type="checkbox" autocomplete="off"/>
</label>
</div>Generated by 
<a href="http://www.gradle.org">Gradle 3.5</a> at Jul 29, 2018 11:34:34 PM</p>
</div>
</div>
</body>
</html>
