<!DOCTYPE html>
<html>
<head>
<meta http-equiv="Content-Type" content="text/html; charset=utf-8"/>
<meta http-equiv="x-ua-compatible" content="IE=edge"/>
<title>Test results - Class org.drip.coverage.portfolioconstruction.AssetAllocationExcel</title>
<link href="../css/base-style.css" rel="stylesheet" type="text/css"/>
<link href="../css/style.css" rel="stylesheet" type="text/css"/>
<script src="../js/report.js" type="text/javascript"></script>
</head>
<body>
<div id="content">
<h1>Class org.drip.coverage.portfolioconstruction.AssetAllocationExcel</h1>
<div class="breadcrumbs">
<a href="../index.html">all</a> &gt; 
<a href="../packages/org.drip.coverage.portfolioconstruction.html">org.drip.coverage.portfolioconstruction</a> &gt; AssetAllocationExcel</div>
<div id="summary">
<table>
<tr>
<td>
<div class="summaryGroup">
<table>
<tr>
<td>
<div class="infoBox" id="tests">
<div class="counter">1</div>
<p>tests</p>
</div>
</td>
<td>
<div class="infoBox" id="failures">
<div class="counter">0</div>
<p>failures</p>
</div>
</td>
<td>
<div class="infoBox" id="ignored">
<div class="counter">0</div>
<p>ignored</p>
</div>
</td>
<td>
<div class="infoBox" id="duration">
<div class="counter">0.909s</div>
<p>duration</p>
</div>
</td>
</tr>
</table>
</div>
</td>
<td>
<div class="infoBox success" id="successRate">
<div class="percent">100%</div>
<p>successful</p>
</div>
</td>
</tr>
</table>
</div>
<div id="tabs">
<ul class="tabLinks">
<li>
<a href="#tab0">Tests</a>
</li>
<li>
<a href="#tab1">Standard output</a>
</li>
</ul>
<div id="tab0" class="tab">
<h2>Tests</h2>
<table>
<thead>
<tr>
<th>Test</th>
<th>Duration</th>
<th>Result</th>
</tr>
</thead>
<tr>
<td class="success">codeCoverageTest</td>
<td>0.909s</td>
<td class="success">passed</td>
</tr>
</table>
</div>
<div id="tab1" class="tab">
<h2>Standard output</h2>
<span class="code">
<pre>
	|-----------------------------------------------------------------|
	|    Copyright (C) 2011-2018 (DRIP)
	|-----------------------------------------------------------------|
	|    Build Version  =&gt; 3.22.0 multi mode
	|    Build JVM (TM) =&gt; 1.8.0_112
	|    Build Snap     =&gt; Mon Dec 18 17:32:03 EST 2017
	|    Start Time     =&gt; Fri Dec 22 13:17:52 EST 2017
	|    Setup Time     =&gt; Fri Dec 22 13:17:52 EST 2017
	|    Setup Duration =&gt; 0 ms
	|-----------------------------------------------------------------|



	|------------------------------------------------------------------------------------------------||
	|                                  CROSS ASSET COVARIANCE MATRIX                                 ||
	|------------------------------------------------------------------------------------------------||
	|     |    TOK     |    EWJ     |    HYG     |    LQD     |    EMD     |    GSG     |    BWX     ||
	|------------------------------------------------------------------------------------------------||
	| TOK | 0.00273300 | 0.00208300 | 0.00159300 | 0.00048800 | 0.00117200 | 0.00231200 | 0.00071000 ||
	| EWJ | 0.00208300 | 0.00276800 | 0.00130200 | 0.00045700 | 0.00110500 | 0.00164700 | 0.00056300 ||
	| HYG | 0.00159300 | 0.00130200 | 0.00146300 | 0.00063900 | 0.00105000 | 0.00111000 | 0.00051900 ||
	| LQD | 0.00048800 | 0.00045700 | 0.00063900 | 0.00060800 | 0.00066300 | 0.00004200 | 0.00037000 ||
	| EMD | 0.00117200 | 0.00110500 | 0.00105000 | 0.00066300 | 0.00138900 | 0.00082500 | 0.00066100 ||
	| GSG | 0.00231200 | 0.00164700 | 0.00111000 | 0.00004200 | 0.00082500 | 0.00521100 | 0.00074900 ||
	| BWX | 0.00071000 | 0.00056300 | 0.00051900 | 0.00037000 | 0.00066100 | 0.00074900 | 0.00070300 ||
	|------------------------------------------------------------------------------------------------||


	|-------------------||
	|   ASSET BOUNDS    ||
	|-------------------||
	| TOK |  05% |  40% ||
	| EWJ |  05% |  40% ||
	| HYG |  05% |  30% ||
	| LQD |  10% |  60% ||
	| EMD |  05% |  35% ||
	| GSG |  05% |  15% ||
	| BWX |  03% |  50% ||
	|-------------------||


	|--------------------------------------------||
	|  INTERIOR POINT METHOD BARRIER PARAMETERS  ||
	|--------------------------------------------||
	|    Barrier Decay Velocity        : 2.0
	|    Barrier Decay Steps           : 70
	|    Initial Barrier Strength      : 10000.0
	|    Barrier Convergence Tolerance : 0.05
	|--------------------------------------------||


	|------------------------------||
	|    OPTIMAL  ASSET  WEIGHTS   ||
	|------------------------------||
	| ASSET |   DRIP   |   EXCEL   ||
	|------------------------------||
	|  TOK  | 11.9510% |  11.9291% ||
	|  EWJ  | 08.1797% |  08.1994% ||
	|  HYG  | 25.8687% |  25.8774% ||
	|  LQD  | 39.4377% |  39.4306% ||
	|  EMD  | 05.0000% |  05.0000% ||
	|  GSG  | 06.5629% |  06.5636% ||
	|  BWX  | 03.0000% |  03.0000% ||
	|------------------------------||


	|-------------------------------------------------------------||
	| Optimal Portfolio Normalize                     :  1.0000   ||
	| Optimal Portfolio Input Return                  :  0.5000%  ||
	| Optimal Portfolio Expected Return               :  0.5000%  ||
	| Optimal Portfolio Standard Deviation            :  2.9697%  ||
	| Excel Portfolio Standard Deviation (Calculated) :  2.9698%  ||
	| Excel Portfolio Standard Deviation (Input)      :  2.9698%  ||
	|-------------------------------------------------------------||


	|-----------------------------------------------------------------|
	|    Copyright (C) 2011-2018 (DRIP)
	|-----------------------------------------------------------------|
	|    Build Version  =&gt; 3.22.0 multi mode
	|    Build JVM (TM) =&gt; 1.8.0_112
	|    Build Snap     =&gt; Mon Dec 18 17:32:03 EST 2017
	|    Start Time     =&gt; Fri Dec 22 13:17:52 EST 2017
	|    Setup Time     =&gt; Fri Dec 22 13:17:52 EST 2017
	|    Finish Time    =&gt; Fri Dec 22 13:17:52 EST 2017
	|    Setup Duration =&gt; 0 ms
	|    Run Duration   =&gt; 189 ms
	|-----------------------------------------------------------------|


	|-----------------------------------------------------------------|
	|    Copyright (C) 2011-2018 (DRIP)
	|-----------------------------------------------------------------|
	|    Build Version  =&gt; 3.22.0 multi mode
	|    Build JVM (TM) =&gt; 1.8.0_112
	|    Build Snap     =&gt; Mon Dec 18 17:32:03 EST 2017
	|    Start Time     =&gt; Fri Dec 22 13:17:52 EST 2017
	|    Setup Time     =&gt; Fri Dec 22 13:17:52 EST 2017
	|    Setup Duration =&gt; 0 ms
	|-----------------------------------------------------------------|



	|------------------------------------------------------------------------------------------------||
	|                                  CROSS ASSET COVARIANCE MATRIX                                 ||
	|------------------------------------------------------------------------------------------------||
	|     |    TOK     |    EWJ     |    HYG     |    LQD     |    EMD     |    GSG     |    BWX     ||
	|------------------------------------------------------------------------------------------------||
	| TOK | 0.00273300 | 0.00208300 | 0.00159300 | 0.00048800 | 0.00117200 | 0.00231200 | 0.00071000 ||
	| EWJ | 0.00208300 | 0.00276800 | 0.00130200 | 0.00045700 | 0.00110500 | 0.00164700 | 0.00056300 ||
	| HYG | 0.00159300 | 0.00130200 | 0.00146300 | 0.00063900 | 0.00105000 | 0.00111000 | 0.00051900 ||
	| LQD | 0.00048800 | 0.00045700 | 0.00063900 | 0.00060800 | 0.00066300 | 0.00004200 | 0.00037000 ||
	| EMD | 0.00117200 | 0.00110500 | 0.00105000 | 0.00066300 | 0.00138900 | 0.00082500 | 0.00066100 ||
	| GSG | 0.00231200 | 0.00164700 | 0.00111000 | 0.00004200 | 0.00082500 | 0.00521100 | 0.00074900 ||
	| BWX | 0.00071000 | 0.00056300 | 0.00051900 | 0.00037000 | 0.00066100 | 0.00074900 | 0.00070300 ||
	|------------------------------------------------------------------------------------------------||


	|-------------------||
	|   ASSET BOUNDS    ||
	|-------------------||
	| TOK |  05% |  40% ||
	| EWJ |  05% |  40% ||
	| HYG |  05% |  30% ||
	| LQD |  10% |  60% ||
	| EMD |  05% |  35% ||
	| GSG |  05% |  15% ||
	| BWX |  03% |  50% ||
	|-------------------||


	|--------------------------------------------||
	|  INTERIOR POINT METHOD BARRIER PARAMETERS  ||
	|--------------------------------------------||
	|    Barrier Decay Velocity        : 2.0
	|    Barrier Decay Steps           : 70
	|    Initial Barrier Strength      : 10000.0
	|    Barrier Convergence Tolerance : 0.05
	|--------------------------------------------||


	|------------------------------||
	|    OPTIMAL  ASSET  WEIGHTS   ||
	|------------------------------||
	| ASSET |   DRIP   |   EXCEL   ||
	|------------------------------||
	|  TOK  | 18.1449% |  18.1258% ||
	|  EWJ  | 08.9300% |  08.9530% ||
	|  HYG  | 30.0000% |  30.0000% ||
	|  LQD  | 29.7484% |  29.7434% ||
	|  EMD  | 05.0000% |  05.0000% ||
	|  GSG  | 05.1767% |  05.1778% ||
	|  BWX  | 03.0000% |  03.0000% ||
	|------------------------------||


	|-------------------------------------------------------------||
	| Optimal Portfolio Normalize                     :  1.0000   ||
	| Optimal Portfolio Input Return                  :  0.5500%  ||
	| Optimal Portfolio Expected Return               :  0.5500%  ||
	| Optimal Portfolio Standard Deviation            :  3.2084%  ||
	| Excel Portfolio Standard Deviation (Calculated) :  3.2084%  ||
	| Excel Portfolio Standard Deviation (Input)      :  3.2085%  ||
	|-------------------------------------------------------------||


	|-----------------------------------------------------------------|
	|    Copyright (C) 2011-2018 (DRIP)
	|-----------------------------------------------------------------|
	|    Build Version  =&gt; 3.22.0 multi mode
	|    Build JVM (TM) =&gt; 1.8.0_112
	|    Build Snap     =&gt; Mon Dec 18 17:32:03 EST 2017
	|    Start Time     =&gt; Fri Dec 22 13:17:52 EST 2017
	|    Setup Time     =&gt; Fri Dec 22 13:17:52 EST 2017
	|    Finish Time    =&gt; Fri Dec 22 13:17:52 EST 2017
	|    Setup Duration =&gt; 0 ms
	|    Run Duration   =&gt; 43 ms
	|-----------------------------------------------------------------|


	|-----------------------------------------------------------------|
	|    Copyright (C) 2011-2018 (DRIP)
	|-----------------------------------------------------------------|
	|    Build Version  =&gt; 3.22.0 multi mode
	|    Build JVM (TM) =&gt; 1.8.0_112
	|    Build Snap     =&gt; Mon Dec 18 17:32:03 EST 2017
	|    Start Time     =&gt; Fri Dec 22 13:17:52 EST 2017
	|    Setup Time     =&gt; Fri Dec 22 13:17:52 EST 2017
	|    Setup Duration =&gt; 0 ms
	|-----------------------------------------------------------------|



	|------------------------------------------------------------------------------------------------||
	|                                  CROSS ASSET COVARIANCE MATRIX                                 ||
	|------------------------------------------------------------------------------------------------||
	|     |    TOK     |    EWJ     |    HYG     |    LQD     |    EMD     |    GSG     |    BWX     ||
	|------------------------------------------------------------------------------------------------||
	| TOK | 0.00273300 | 0.00208300 | 0.00159300 | 0.00048800 | 0.00117200 | 0.00231200 | 0.00071000 ||
	| EWJ | 0.00208300 | 0.00276800 | 0.00130200 | 0.00045700 | 0.00110500 | 0.00164700 | 0.00056300 ||
	| HYG | 0.00159300 | 0.00130200 | 0.00146300 | 0.00063900 | 0.00105000 | 0.00111000 | 0.00051900 ||
	| LQD | 0.00048800 | 0.00045700 | 0.00063900 | 0.00060800 | 0.00066300 | 0.00004200 | 0.00037000 ||
	| EMD | 0.00117200 | 0.00110500 | 0.00105000 | 0.00066300 | 0.00138900 | 0.00082500 | 0.00066100 ||
	| GSG | 0.00231200 | 0.00164700 | 0.00111000 | 0.00004200 | 0.00082500 | 0.00521100 | 0.00074900 ||
	| BWX | 0.00071000 | 0.00056300 | 0.00051900 | 0.00037000 | 0.00066100 | 0.00074900 | 0.00070300 ||
	|------------------------------------------------------------------------------------------------||


	|-------------------||
	|   ASSET BOUNDS    ||
	|-------------------||
	| TOK |  05% |  40% ||
	| EWJ |  05% |  40% ||
	| HYG | -10% |  30% ||
	| LQD |  10% |  60% ||
	| EMD | -10% |  35% ||
	| GSG | -10% |  15% ||
	| BWX | -10% |  50% ||
	|-------------------||


	|--------------------------------------------||
	|  INTERIOR POINT METHOD BARRIER PARAMETERS  ||
	|--------------------------------------------||
	|    Barrier Decay Velocity        : 2.0
	|    Barrier Decay Steps           : 70
	|    Initial Barrier Strength      : 10000.0
	|    Barrier Convergence Tolerance : 0.05
	|--------------------------------------------||


	|------------------------------||
	|    OPTIMAL  ASSET  WEIGHTS   ||
	|------------------------------||
	| ASSET |   DRIP   |   EXCEL   ||
	|------------------------------||
	|  TOK  | 40.0000% |  40.0000% ||
	|  EWJ  | 09.0550% |  09.0368% ||
	|  HYG  |-10.0000% | -10.0000% ||
	|  LQD  | 35.5790% |  35.6280% ||
	|  EMD  | 21.9260% |  21.9465% ||
	|  GSG  | 02.0353% |  02.0467% ||
	|  BWX  | 01.4047% |  01.3420% ||
	|------------------------------||


	|-------------------------------------------------------------||
	| Optimal Portfolio Normalize                     :  1.0000   ||
	| Optimal Portfolio Input Return                  :  0.6540%  ||
	| Optimal Portfolio Expected Return               :  0.6540%  ||
	| Optimal Portfolio Standard Deviation            :  3.3370%  ||
	| Excel Portfolio Standard Deviation (Calculated) :  3.3370%  ||
	| Excel Portfolio Standard Deviation (Input)      :  3.3370%  ||
	|-------------------------------------------------------------||


	|-----------------------------------------------------------------|
	|    Copyright (C) 2011-2018 (DRIP)
	|-----------------------------------------------------------------|
	|    Build Version  =&gt; 3.22.0 multi mode
	|    Build JVM (TM) =&gt; 1.8.0_112
	|    Build Snap     =&gt; Mon Dec 18 17:32:03 EST 2017
	|    Start Time     =&gt; Fri Dec 22 13:17:52 EST 2017
	|    Setup Time     =&gt; Fri Dec 22 13:17:52 EST 2017
	|    Finish Time    =&gt; Fri Dec 22 13:17:52 EST 2017
	|    Setup Duration =&gt; 0 ms
	|    Run Duration   =&gt; 59 ms
	|-----------------------------------------------------------------|


	|-----------------------------------------------------------------|
	|    Copyright (C) 2011-2018 (DRIP)
	|-----------------------------------------------------------------|
	|    Build Version  =&gt; 3.22.0 multi mode
	|    Build JVM (TM) =&gt; 1.8.0_112
	|    Build Snap     =&gt; Mon Dec 18 17:32:03 EST 2017
	|    Start Time     =&gt; Fri Dec 22 13:17:52 EST 2017
	|    Setup Time     =&gt; Fri Dec 22 13:17:52 EST 2017
	|    Setup Duration =&gt; 0 ms
	|-----------------------------------------------------------------|



	|------------------------------------------------------------------------------------------------||
	|                                  CROSS ASSET COVARIANCE MATRIX                                 ||
	|------------------------------------------------------------------------------------------------||
	|     |    TOK     |    EWJ     |    HYG     |    LQD     |    EMD     |    GSG     |    BWX     ||
	|------------------------------------------------------------------------------------------------||
	| TOK | 0.00273300 | 0.00208300 | 0.00159300 | 0.00048800 | 0.00117200 | 0.00231200 | 0.00071000 ||
	| EWJ | 0.00208300 | 0.00276800 | 0.00130200 | 0.00045700 | 0.00110500 | 0.00164700 | 0.00056300 ||
	| HYG | 0.00159300 | 0.00130200 | 0.00146300 | 0.00063900 | 0.00105000 | 0.00111000 | 0.00051900 ||
	| LQD | 0.00048800 | 0.00045700 | 0.00063900 | 0.00060800 | 0.00066300 | 0.00004200 | 0.00037000 ||
	| EMD | 0.00117200 | 0.00110500 | 0.00105000 | 0.00066300 | 0.00138900 | 0.00082500 | 0.00066100 ||
	| GSG | 0.00231200 | 0.00164700 | 0.00111000 | 0.00004200 | 0.00082500 | 0.00521100 | 0.00074900 ||
	| BWX | 0.00071000 | 0.00056300 | 0.00051900 | 0.00037000 | 0.00066100 | 0.00074900 | 0.00070300 ||
	|------------------------------------------------------------------------------------------------||


	|-------------------||
	|   ASSET BOUNDS    ||
	|-------------------||
	| TOK |  00% |  30% ||
	| EWJ |  00% |  30% ||
	| HYG |  00% |  30% ||
	| LQD |  00% |  50% ||
	| EMD |  00% |  30% ||
	| GSG |  00% |  30% ||
	| BWX |  00% |  50% ||
	|-------------------||


	|--------------------------------------------||
	|  INTERIOR POINT METHOD BARRIER PARAMETERS  ||
	|--------------------------------------------||
	|    Barrier Decay Velocity        : 2.0
	|    Barrier Decay Steps           : 70
	|    Initial Barrier Strength      : 10000.0
	|    Barrier Convergence Tolerance : 0.05
	|--------------------------------------------||


	|------------------------------||
	|    OPTIMAL  ASSET  WEIGHTS   ||
	|------------------------------||
	| ASSET |   DRIP   |   EXCEL   ||
	|------------------------------||
	|  TOK  | 11.0868% |  11.0713% ||
	|  EWJ  | 05.2718% |  05.2794% ||
	|  HYG  | 00.0000% |  00.0000% ||
	|  LQD  | 45.2780% |  45.3221% ||
	|  EMD  | 13.9256% |  13.9349% ||
	|  GSG  | 04.6335% |  04.6425% ||
	|  BWX  | 19.8043% |  19.7498% ||
	|------------------------------||


	|-------------------------------------------------------------||
	| Optimal Portfolio Normalize                     :  1.0000   ||
	| Optimal Portfolio Input Return                  :  0.5124%  ||
	| Optimal Portfolio Expected Return               :  0.5124%  ||
	| Optimal Portfolio Standard Deviation            :  2.5817%  ||
	| Excel Portfolio Standard Deviation (Calculated) :  2.5817%  ||
	| Excel Portfolio Standard Deviation (Input)      :  2.5817%  ||
	|-------------------------------------------------------------||


	|-----------------------------------------------------------------|
	|    Copyright (C) 2011-2018 (DRIP)
	|-----------------------------------------------------------------|
	|    Build Version  =&gt; 3.22.0 multi mode
	|    Build JVM (TM) =&gt; 1.8.0_112
	|    Build Snap     =&gt; Mon Dec 18 17:32:03 EST 2017
	|    Start Time     =&gt; Fri Dec 22 13:17:52 EST 2017
	|    Setup Time     =&gt; Fri Dec 22 13:17:52 EST 2017
	|    Finish Time    =&gt; Fri Dec 22 13:17:52 EST 2017
	|    Setup Duration =&gt; 0 ms
	|    Run Duration   =&gt; 20 ms
	|-----------------------------------------------------------------|


	|-----------------------------------------------------------------|
	|    Copyright (C) 2011-2018 (DRIP)
	|-----------------------------------------------------------------|
	|    Build Version  =&gt; 3.22.0 multi mode
	|    Build JVM (TM) =&gt; 1.8.0_112
	|    Build Snap     =&gt; Mon Dec 18 17:32:03 EST 2017
	|    Start Time     =&gt; Fri Dec 22 13:17:52 EST 2017
	|    Setup Time     =&gt; Fri Dec 22 13:17:52 EST 2017
	|    Setup Duration =&gt; 0 ms
	|-----------------------------------------------------------------|



	|------------------------------------------------------------------------------------------------||
	|                                  CROSS ASSET COVARIANCE MATRIX                                 ||
	|------------------------------------------------------------------------------------------------||
	|     |    TOK     |    EWJ     |    HYG     |    LQD     |    EMD     |    GSG     |    BWX     ||
	|------------------------------------------------------------------------------------------------||
	| TOK | 0.00273300 | 0.00208300 | 0.00159300 | 0.00048800 | 0.00117200 | 0.00231200 | 0.00071000 ||
	| EWJ | 0.00208300 | 0.00276800 | 0.00130200 | 0.00045700 | 0.00110500 | 0.00164700 | 0.00056300 ||
	| HYG | 0.00159300 | 0.00130200 | 0.00146300 | 0.00063900 | 0.00105000 | 0.00111000 | 0.00051900 ||
	| LQD | 0.00048800 | 0.00045700 | 0.00063900 | 0.00060800 | 0.00066300 | 0.00004200 | 0.00037000 ||
	| EMD | 0.00117200 | 0.00110500 | 0.00105000 | 0.00066300 | 0.00138900 | 0.00082500 | 0.00066100 ||
	| GSG | 0.00231200 | 0.00164700 | 0.00111000 | 0.00004200 | 0.00082500 | 0.00521100 | 0.00074900 ||
	| BWX | 0.00071000 | 0.00056300 | 0.00051900 | 0.00037000 | 0.00066100 | 0.00074900 | 0.00070300 ||
	|------------------------------------------------------------------------------------------------||


	|-------------------||
	|   ASSET BOUNDS    ||
	|-------------------||
	| TOK |  00% |  30% ||
	| EWJ |  00% |  30% ||
	| HYG |  00% |  30% ||
	| LQD |  00% |  50% ||
	| EMD |  00% |  30% ||
	| GSG |  00% |  30% ||
	| BWX |  00% |  50% ||
	|-------------------||


	|--------------------------------------------||
	|  INTERIOR POINT METHOD BARRIER PARAMETERS  ||
	|--------------------------------------------||
	|    Barrier Decay Velocity        : 2.0
	|    Barrier Decay Steps           : 70
	|    Initial Barrier Strength      : 10000.0
	|    Barrier Convergence Tolerance : 0.05
	|--------------------------------------------||


	|------------------------------||
	|    OPTIMAL  ASSET  WEIGHTS   ||
	|------------------------------||
	| ASSET |   DRIP   |   EXCEL   ||
	|------------------------------||
	|  TOK  | 10.1468% |  10.1541% ||
	|  EWJ  | 05.0298% |  05.0369% ||
	|  HYG  | 05.7945% |  05.7521% ||
	|  LQD  | 39.0970% |  39.1489% ||
	|  EMD  | 16.2348% |  16.2554% ||
	|  GSG  | 04.2860% |  04.2900% ||
	|  BWX  | 19.4111% |  19.3626% ||
	|------------------------------||


	|-------------------------------------------------------------||
	| Optimal Portfolio Normalize                     :  1.0000   ||
	| Optimal Portfolio Input Return                  :  0.5319%  ||
	| Optimal Portfolio Expected Return               :  0.5319%  ||
	| Optimal Portfolio Standard Deviation            :  2.6571%  ||
	| Excel Portfolio Standard Deviation (Calculated) :  2.6571%  ||
	| Excel Portfolio Standard Deviation (Input)      :  2.6572%  ||
	|-------------------------------------------------------------||


	|-----------------------------------------------------------------|
	|    Copyright (C) 2011-2018 (DRIP)
	|-----------------------------------------------------------------|
	|    Build Version  =&gt; 3.22.0 multi mode
	|    Build JVM (TM) =&gt; 1.8.0_112
	|    Build Snap     =&gt; Mon Dec 18 17:32:03 EST 2017
	|    Start Time     =&gt; Fri Dec 22 13:17:52 EST 2017
	|    Setup Time     =&gt; Fri Dec 22 13:17:52 EST 2017
	|    Finish Time    =&gt; Fri Dec 22 13:17:52 EST 2017
	|    Setup Duration =&gt; 0 ms
	|    Run Duration   =&gt; 35 ms
	|-----------------------------------------------------------------|


	|-----------------------------------------------------------------|
	|    Copyright (C) 2011-2018 (DRIP)
	|-----------------------------------------------------------------|
	|    Build Version  =&gt; 3.22.0 multi mode
	|    Build JVM (TM) =&gt; 1.8.0_112
	|    Build Snap     =&gt; Mon Dec 18 17:32:03 EST 2017
	|    Start Time     =&gt; Fri Dec 22 13:17:52 EST 2017
	|    Setup Time     =&gt; Fri Dec 22 13:17:52 EST 2017
	|    Setup Duration =&gt; 0 ms
	|-----------------------------------------------------------------|



	|------------------------------------------------------------------------------------------------||
	|                                  CROSS ASSET COVARIANCE MATRIX                                 ||
	|------------------------------------------------------------------------------------------------||
	|     |    TOK     |    EWJ     |    HYG     |    LQD     |    EMD     |    GSG     |    BWX     ||
	|------------------------------------------------------------------------------------------------||
	| TOK | 0.00273300 | 0.00208300 | 0.00159300 | 0.00048800 | 0.00117200 | 0.00231200 | 0.00071000 ||
	| EWJ | 0.00208300 | 0.00276800 | 0.00130200 | 0.00045700 | 0.00110500 | 0.00164700 | 0.00056300 ||
	| HYG | 0.00159300 | 0.00130200 | 0.00146300 | 0.00063900 | 0.00105000 | 0.00111000 | 0.00051900 ||
	| LQD | 0.00048800 | 0.00045700 | 0.00063900 | 0.00060800 | 0.00066300 | 0.00004200 | 0.00037000 ||
	| EMD | 0.00117200 | 0.00110500 | 0.00105000 | 0.00066300 | 0.00138900 | 0.00082500 | 0.00066100 ||
	| GSG | 0.00231200 | 0.00164700 | 0.00111000 | 0.00004200 | 0.00082500 | 0.00521100 | 0.00074900 ||
	| BWX | 0.00071000 | 0.00056300 | 0.00051900 | 0.00037000 | 0.00066100 | 0.00074900 | 0.00070300 ||
	|------------------------------------------------------------------------------------------------||


	|-------------------||
	|   ASSET BOUNDS    ||
	|-------------------||
	| TOK |  00% |  30% ||
	| EWJ |  00% |  30% ||
	| HYG |  00% |  30% ||
	| LQD |  00% |  50% ||
	| EMD |  00% |  30% ||
	| GSG |  00% |  30% ||
	| BWX |  00% |  50% ||
	|-------------------||


	|--------------------------------------------||
	|  INTERIOR POINT METHOD BARRIER PARAMETERS  ||
	|--------------------------------------------||
	|    Barrier Decay Velocity        : 2.0
	|    Barrier Decay Steps           : 70
	|    Initial Barrier Strength      : 10000.0
	|    Barrier Convergence Tolerance : 0.05
	|--------------------------------------------||


	|------------------------------||
	|    OPTIMAL  ASSET  WEIGHTS   ||
	|------------------------------||
	| ASSET |   DRIP   |   EXCEL   ||
	|------------------------------||
	|  TOK  | 06.2799% |  06.2488% ||
	|  EWJ  | 05.9144% |  05.9355% ||
	|  HYG  | 18.9762% |  18.9894% ||
	|  LQD  | 19.3444% |  19.3201% ||
	|  EMD  | 20.1043% |  20.1137% ||
	|  GSG  | 05.2113% |  05.2097% ||
	|  BWX  | 24.1695% |  24.1828% ||
	|------------------------------||


	|-------------------------------------------------------------||
	| Optimal Portfolio Normalize                     :  1.0000   ||
	| Optimal Portfolio Input Return                  :  0.5682%  ||
	| Optimal Portfolio Expected Return               :  0.5682%  ||
	| Optimal Portfolio Standard Deviation            :  2.8549%  ||
	| Excel Portfolio Standard Deviation (Calculated) :  2.8549%  ||
	| Excel Portfolio Standard Deviation (Input)      :  2.8550%  ||
	|-------------------------------------------------------------||


	|-----------------------------------------------------------------|
	|    Copyright (C) 2011-2018 (DRIP)
	|-----------------------------------------------------------------|
	|    Build Version  =&gt; 3.22.0 multi mode
	|    Build JVM (TM) =&gt; 1.8.0_112
	|    Build Snap     =&gt; Mon Dec 18 17:32:03 EST 2017
	|    Start Time     =&gt; Fri Dec 22 13:17:52 EST 2017
	|    Setup Time     =&gt; Fri Dec 22 13:17:52 EST 2017
	|    Finish Time    =&gt; Fri Dec 22 13:17:52 EST 2017
	|    Setup Duration =&gt; 0 ms
	|    Run Duration   =&gt; 110 ms
	|-----------------------------------------------------------------|


	|-----------------------------------------------------------------|
	|    Copyright (C) 2011-2018 (DRIP)
	|-----------------------------------------------------------------|
	|    Build Version  =&gt; 3.22.0 multi mode
	|    Build JVM (TM) =&gt; 1.8.0_112
	|    Build Snap     =&gt; Mon Dec 18 17:32:03 EST 2017
	|    Start Time     =&gt; Fri Dec 22 13:17:52 EST 2017
	|    Setup Time     =&gt; Fri Dec 22 13:17:52 EST 2017
	|    Setup Duration =&gt; 0 ms
	|-----------------------------------------------------------------|



	|------------------------------------------------------------------------------------------------||
	|                                  CROSS ASSET COVARIANCE MATRIX                                 ||
	|------------------------------------------------------------------------------------------------||
	|     |    TOK     |    EWJ     |    HYG     |    LQD     |    EMD     |    GSG     |    BWX     ||
	|------------------------------------------------------------------------------------------------||
	| TOK | 0.00273300 | 0.00208300 | 0.00159300 | 0.00048800 | 0.00117200 | 0.00231200 | 0.00071000 ||
	| EWJ | 0.00208300 | 0.00276800 | 0.00130200 | 0.00045700 | 0.00110500 | 0.00164700 | 0.00056300 ||
	| HYG | 0.00159300 | 0.00130200 | 0.00146300 | 0.00063900 | 0.00105000 | 0.00111000 | 0.00051900 ||
	| LQD | 0.00048800 | 0.00045700 | 0.00063900 | 0.00060800 | 0.00066300 | 0.00004200 | 0.00037000 ||
	| EMD | 0.00117200 | 0.00110500 | 0.00105000 | 0.00066300 | 0.00138900 | 0.00082500 | 0.00066100 ||
	| GSG | 0.00231200 | 0.00164700 | 0.00111000 | 0.00004200 | 0.00082500 | 0.00521100 | 0.00074900 ||
	| BWX | 0.00071000 | 0.00056300 | 0.00051900 | 0.00037000 | 0.00066100 | 0.00074900 | 0.00070300 ||
	|------------------------------------------------------------------------------------------------||


	|-------------------||
	|   ASSET BOUNDS    ||
	|-------------------||
	| TOK |  00% |  30% ||
	| EWJ |  00% |  30% ||
	| HYG |  00% |  30% ||
	| LQD |  00% |  50% ||
	| EMD |  00% |  30% ||
	| GSG |  00% |  30% ||
	| BWX |  00% |  50% ||
	|-------------------||


	|--------------------------------------------||
	|  INTERIOR POINT METHOD BARRIER PARAMETERS  ||
	|--------------------------------------------||
	|    Barrier Decay Velocity        : 2.0
	|    Barrier Decay Steps           : 70
	|    Initial Barrier Strength      : 10000.0
	|    Barrier Convergence Tolerance : 0.05
	|--------------------------------------------||


	|------------------------------||
	|    OPTIMAL  ASSET  WEIGHTS   ||
	|------------------------------||
	| ASSET |   DRIP   |   EXCEL   ||
	|------------------------------||
	|  TOK  | 05.9169% |  05.9817% ||
	|  EWJ  | 05.9925% |  05.9468% ||
	|  HYG  | 18.1797% |  18.1286% ||
	|  LQD  | 21.2726% |  21.3394% ||
	|  EMD  | 18.6550% |  18.6720% ||
	|  GSG  | 05.2951% |  05.2937% ||
	|  BWX  | 24.6882% |  24.6378% ||
	|------------------------------||


	|-------------------------------------------------------------||
	| Optimal Portfolio Normalize                     :  1.0000   ||
	| Optimal Portfolio Input Return                  :  0.5586%  ||
	| Optimal Portfolio Expected Return               :  0.5586%  ||
	| Optimal Portfolio Standard Deviation            :  2.8164%  ||
	| Excel Portfolio Standard Deviation (Calculated) :  2.8164%  ||
	| Excel Portfolio Standard Deviation (Input)      :  2.8166%  ||
	|-------------------------------------------------------------||


	|-----------------------------------------------------------------|
	|    Copyright (C) 2011-2018 (DRIP)
	|-----------------------------------------------------------------|
	|    Build Version  =&gt; 3.22.0 multi mode
	|    Build JVM (TM) =&gt; 1.8.0_112
	|    Build Snap     =&gt; Mon Dec 18 17:32:03 EST 2017
	|    Start Time     =&gt; Fri Dec 22 13:17:52 EST 2017
	|    Setup Time     =&gt; Fri Dec 22 13:17:52 EST 2017
	|    Finish Time    =&gt; Fri Dec 22 13:17:52 EST 2017
	|    Setup Duration =&gt; 0 ms
	|    Run Duration   =&gt; 66 ms
	|-----------------------------------------------------------------|


	|-----------------------------------------------------------------|
	|    Copyright (C) 2011-2018 (DRIP)
	|-----------------------------------------------------------------|
	|    Build Version  =&gt; 3.22.0 multi mode
	|    Build JVM (TM) =&gt; 1.8.0_112
	|    Build Snap     =&gt; Mon Dec 18 17:32:03 EST 2017
	|    Start Time     =&gt; Fri Dec 22 13:17:52 EST 2017
	|    Setup Time     =&gt; Fri Dec 22 13:17:52 EST 2017
	|    Setup Duration =&gt; 0 ms
	|-----------------------------------------------------------------|



	|------------------------------------------------------------------------------------------------||
	|                                  CROSS ASSET COVARIANCE MATRIX                                 ||
	|------------------------------------------------------------------------------------------------||
	|     |    TOK     |    EWJ     |    HYG     |    LQD     |    EMD     |    GSG     |    BWX     ||
	|------------------------------------------------------------------------------------------------||
	| TOK | 0.00273300 | 0.00208300 | 0.00159300 | 0.00048800 | 0.00117200 | 0.00231200 | 0.00071000 ||
	| EWJ | 0.00208300 | 0.00276800 | 0.00130200 | 0.00045700 | 0.00110500 | 0.00164700 | 0.00056300 ||
	| HYG | 0.00159300 | 0.00130200 | 0.00146300 | 0.00063900 | 0.00105000 | 0.00111000 | 0.00051900 ||
	| LQD | 0.00048800 | 0.00045700 | 0.00063900 | 0.00060800 | 0.00066300 | 0.00004200 | 0.00037000 ||
	| EMD | 0.00117200 | 0.00110500 | 0.00105000 | 0.00066300 | 0.00138900 | 0.00082500 | 0.00066100 ||
	| GSG | 0.00231200 | 0.00164700 | 0.00111000 | 0.00004200 | 0.00082500 | 0.00521100 | 0.00074900 ||
	| BWX | 0.00071000 | 0.00056300 | 0.00051900 | 0.00037000 | 0.00066100 | 0.00074900 | 0.00070300 ||
	|------------------------------------------------------------------------------------------------||


	|-------------------||
	|   ASSET BOUNDS    ||
	|-------------------||
	| TOK |  00% |  30% ||
	| EWJ |  00% |  30% ||
	| HYG |  00% |  30% ||
	| LQD |  00% |  50% ||
	| EMD |  00% |  30% ||
	| GSG |  00% |  30% ||
	| BWX |  00% |  50% ||
	|-------------------||


	|--------------------------------------------||
	|  INTERIOR POINT METHOD BARRIER PARAMETERS  ||
	|--------------------------------------------||
	|    Barrier Decay Velocity        : 2.0
	|    Barrier Decay Steps           : 70
	|    Initial Barrier Strength      : 10000.0
	|    Barrier Convergence Tolerance : 0.05
	|--------------------------------------------||


	|------------------------------||
	|    OPTIMAL  ASSET  WEIGHTS   ||
	|------------------------------||
	| ASSET |   DRIP   |   EXCEL   ||
	|------------------------------||
	|  TOK  | 06.5407% |  06.3846% ||
	|  EWJ  | 05.8582% |  05.9524% ||
	|  HYG  | 19.5487% |  19.6390% ||
	|  LQD  | 17.9585% |  17.8838% ||
	|  EMD  | 21.1460% |  21.1827% ||
	|  GSG  | 05.1510% |  05.1509% ||
	|  BWX  | 23.7967% |  23.8067% ||
	|------------------------------||


	|-------------------------------------------------------------||
	| Optimal Portfolio Normalize                     :  1.0000   ||
	| Optimal Portfolio Input Return                  :  0.5751%  ||
	| Optimal Portfolio Expected Return               :  0.5751%  ||
	| Optimal Portfolio Standard Deviation            :  2.8829%  ||
	| Excel Portfolio Standard Deviation (Calculated) :  2.8829%  ||
	| Excel Portfolio Standard Deviation (Input)      :  2.8830%  ||
	|-------------------------------------------------------------||


	|-----------------------------------------------------------------|
	|    Copyright (C) 2011-2018 (DRIP)
	|-----------------------------------------------------------------|
	|    Build Version  =&gt; 3.22.0 multi mode
	|    Build JVM (TM) =&gt; 1.8.0_112
	|    Build Snap     =&gt; Mon Dec 18 17:32:03 EST 2017
	|    Start Time     =&gt; Fri Dec 22 13:17:52 EST 2017
	|    Setup Time     =&gt; Fri Dec 22 13:17:52 EST 2017
	|    Finish Time    =&gt; Fri Dec 22 13:17:52 EST 2017
	|    Setup Duration =&gt; 0 ms
	|    Run Duration   =&gt; 77 ms
	|-----------------------------------------------------------------|


	|-----------------------------------------------------------------|
	|    Copyright (C) 2011-2018 (DRIP)
	|-----------------------------------------------------------------|
	|    Build Version  =&gt; 3.22.0 multi mode
	|    Build JVM (TM) =&gt; 1.8.0_112
	|    Build Snap     =&gt; Mon Dec 18 17:32:03 EST 2017
	|    Start Time     =&gt; Fri Dec 22 13:17:52 EST 2017
	|    Setup Time     =&gt; Fri Dec 22 13:17:52 EST 2017
	|    Setup Duration =&gt; 0 ms
	|-----------------------------------------------------------------|



	|------------------------------------------------------------------------------------------------||
	|                                  CROSS ASSET COVARIANCE MATRIX                                 ||
	|------------------------------------------------------------------------------------------------||
	|     |    TOK     |    EWJ     |    HYG     |    LQD     |    EMD     |    GSG     |    BWX     ||
	|------------------------------------------------------------------------------------------------||
	| TOK | 0.00273300 | 0.00208300 | 0.00159300 | 0.00048800 | 0.00117200 | 0.00231200 | 0.00071000 ||
	| EWJ | 0.00208300 | 0.00276800 | 0.00130200 | 0.00045700 | 0.00110500 | 0.00164700 | 0.00056300 ||
	| HYG | 0.00159300 | 0.00130200 | 0.00146300 | 0.00063900 | 0.00105000 | 0.00111000 | 0.00051900 ||
	| LQD | 0.00048800 | 0.00045700 | 0.00063900 | 0.00060800 | 0.00066300 | 0.00004200 | 0.00037000 ||
	| EMD | 0.00117200 | 0.00110500 | 0.00105000 | 0.00066300 | 0.00138900 | 0.00082500 | 0.00066100 ||
	| GSG | 0.00231200 | 0.00164700 | 0.00111000 | 0.00004200 | 0.00082500 | 0.00521100 | 0.00074900 ||
	| BWX | 0.00071000 | 0.00056300 | 0.00051900 | 0.00037000 | 0.00066100 | 0.00074900 | 0.00070300 ||
	|------------------------------------------------------------------------------------------------||


	|-------------------||
	|   ASSET BOUNDS    ||
	|-------------------||
	| TOK |  05% |  40% ||
	| EWJ |  05% |  40% ||
	| HYG |  05% |  30% ||
	| LQD |  10% |  60% ||
	| EMD |  05% |  35% ||
	| GSG |  05% |  15% ||
	| BWX |  03% |  50% ||
	|-------------------||


	|--------------------------------------------||
	|  INTERIOR POINT METHOD BARRIER PARAMETERS  ||
	|--------------------------------------------||
	|    Barrier Decay Velocity        : 2.0
	|    Barrier Decay Steps           : 70
	|    Initial Barrier Strength      : 10000.0
	|    Barrier Convergence Tolerance : 0.05
	|--------------------------------------------||


	|--------------------------||
	|   OPTIMAL ASSET WEIGHTS  ||
	|--------------------------||
	| ASSET |  DRIP  |  EXCEL  ||
	|--------------------------||
	|  TOK  | 15.23% |  15.19% ||
	|  EWJ  | 09.44% |  09.54% ||
	|  HYG  | 29.44% |  29.39% ||
	|  LQD  | 32.02% |  32.03% ||
	|  EMD  | 05.00% |  05.00% ||
	|  GSG  | 05.87% |  05.86% ||
	|  BWX  | 03.00% |  03.00% ||
	|--------------------------||


	|-----------------------------------------------------------||
	| Optimal Portfolio Normalize                     :  1.00   ||
	| Optimal Portfolio Input Return                  :  0.53%  ||
	| Optimal Portfolio Expected Return               :  0.53%  ||
	| Optimal Portfolio Standard Deviation            :  3.14%  ||
	| Excel Portfolio Standard Deviation (Calculated) :  3.14%  ||
	| Excel Portfolio Standard Deviation (Input)      :  3.14%  ||
	|-----------------------------------------------------------||


	|-----------------------------------------------------------------|
	|    Copyright (C) 2011-2018 (DRIP)
	|-----------------------------------------------------------------|
	|    Build Version  =&gt; 3.22.0 multi mode
	|    Build JVM (TM) =&gt; 1.8.0_112
	|    Build Snap     =&gt; Mon Dec 18 17:32:03 EST 2017
	|    Start Time     =&gt; Fri Dec 22 13:17:52 EST 2017
	|    Setup Time     =&gt; Fri Dec 22 13:17:52 EST 2017
	|    Finish Time    =&gt; Fri Dec 22 13:17:52 EST 2017
	|    Setup Duration =&gt; 0 ms
	|    Run Duration   =&gt; 19 ms
	|-----------------------------------------------------------------|


	|-----------------------------------------------------------------|
	|    Copyright (C) 2011-2018 (DRIP)
	|-----------------------------------------------------------------|
	|    Build Version  =&gt; 3.22.0 multi mode
	|    Build JVM (TM) =&gt; 1.8.0_112
	|    Build Snap     =&gt; Mon Dec 18 17:32:03 EST 2017
	|    Start Time     =&gt; Fri Dec 22 13:17:52 EST 2017
	|    Setup Time     =&gt; Fri Dec 22 13:17:52 EST 2017
	|    Setup Duration =&gt; 0 ms
	|-----------------------------------------------------------------|



	|------------------------------------------------------------------------------------------------||
	|                                  CROSS ASSET COVARIANCE MATRIX                                 ||
	|------------------------------------------------------------------------------------------------||
	|     |    TOK     |    EWJ     |    HYG     |    LQD     |    EMD     |    GSG     |    BWX     ||
	|------------------------------------------------------------------------------------------------||
	| TOK | 0.00273300 | 0.00208300 | 0.00159300 | 0.00048800 | 0.00117200 | 0.00231200 | 0.00071000 ||
	| EWJ | 0.00208300 | 0.00276800 | 0.00130200 | 0.00045700 | 0.00110500 | 0.00164700 | 0.00056300 ||
	| HYG | 0.00159300 | 0.00130200 | 0.00146300 | 0.00063900 | 0.00105000 | 0.00111000 | 0.00051900 ||
	| LQD | 0.00048800 | 0.00045700 | 0.00063900 | 0.00060800 | 0.00066300 | 0.00004200 | 0.00037000 ||
