<!DOCTYPE html>
<html>
<head>
<meta http-equiv="Content-Type" content="text/html; charset=utf-8"/>
<meta http-equiv="x-ua-compatible" content="IE=edge"/>
<title>Test results - Class org.drip.coverage.sequence.Statistics</title>
<link href="../css/base-style.css" rel="stylesheet" type="text/css"/>
<link href="../css/style.css" rel="stylesheet" type="text/css"/>
<script src="../js/report.js" type="text/javascript"></script>
</head>
<body>
<div id="content">
<h1>Class org.drip.coverage.sequence.Statistics</h1>
<div class="breadcrumbs">
<a href="../index.html">all</a> &gt; 
<a href="../packages/org.drip.coverage.sequence.html">org.drip.coverage.sequence</a> &gt; Statistics</div>
<div id="summary">
<table>
<tr>
<td>
<div class="summaryGroup">
<table>
<tr>
<td>
<div class="infoBox" id="tests">
<div class="counter">1</div>
<p>tests</p>
</div>
</td>
<td>
<div class="infoBox" id="failures">
<div class="counter">0</div>
<p>failures</p>
</div>
</td>
<td>
<div class="infoBox" id="ignored">
<div class="counter">0</div>
<p>ignored</p>
</div>
</td>
<td>
<div class="infoBox" id="duration">
<div class="counter">10.060s</div>
<p>duration</p>
</div>
</td>
</tr>
</table>
</div>
</td>
<td>
<div class="infoBox success" id="successRate">
<div class="percent">100%</div>
<p>successful</p>
</div>
</td>
</tr>
</table>
</div>
<div id="tabs">
<ul class="tabLinks">
<li>
<a href="#tab0">Tests</a>
</li>
<li>
<a href="#tab1">Standard output</a>
</li>
</ul>
<div id="tab0" class="tab">
<h2>Tests</h2>
<table>
<thead>
<tr>
<th>Test</th>
<th>Duration</th>
<th>Result</th>
</tr>
</thead>
<tr>
<td class="success">codeCoverageTest</td>
<td>10.060s</td>
<td class="success">passed</td>
</tr>
</table>
</div>
<div id="tab1" class="tab">
<h2>Standard output</h2>
<span class="code">
<pre>
	|-----------------------------------------------------------------|
	|    Copyright (C) 2011-2019 (DRIP, DROP)
	|-----------------------------------------------------------------|
	|    Build Version  =&gt; 3.93.0 multi mode
	|    Build JVM (TM) =&gt; 1.8.0_112
	|    Build Snap     =&gt; Mon Dec 17 18:34:10 EST 2018
	|    Start Time     =&gt; Mon Dec 17 21:18:08 EST 2018
	|    Setup Time     =&gt; Mon Dec 17 21:18:08 EST 2018
	|    Setup Duration =&gt; 0 ms
	|-----------------------------------------------------------------|


	||-------------------------------------------||
	||                R^1 METRICS                ||
	||-------------------------------------------||
	||    L -&gt; R:                                ||
	||            - Mean                         ||
	||            - Error                        ||
	||            - Variance                     ||
	||            - Standard Deviation           ||
	||-------------------------------------------||
	|| -0.00280 |  0.80009 |  1.00245 |  1.00123 ||
	|| -0.00971 |  0.79601 |  0.99688 |  0.99844 ||
	|| -0.00263 |  0.79898 |  1.00230 |  1.00115 ||
	||  0.00753 |  0.79735 |  0.99535 |  0.99767 ||
	||  0.00047 |  0.79839 |  1.00339 |  1.00170 ||
	|| -0.00398 |  0.79804 |  1.00203 |  1.00101 ||
	|| -0.00135 |  0.80008 |  1.00829 |  1.00414 ||
	||  0.00547 |  0.79570 |  0.99362 |  0.99680 ||
	|| -0.00179 |  0.80101 |  1.00211 |  1.00105 ||
	||-------------------------------------------||

	||------------------------------------------------------------------------------------------||
	||                                     INPUT CORRELATION                                    ||
	||------------------------------------------------------------------------------------------||
	||  1.00000 | 0.16100 | 0.24500 | 0.35200 | 0.25900 | 0.16600 | 0.00300 | 0.03800 | 0.11400 ||
	||  0.16100 | 1.00000 | 0.00000 | 0.00000 | 0.00000 | 0.00000 | 0.00000 | 0.00000 | 0.00000 ||
	||  0.24500 | 0.00000 | 1.00000 | 0.00000 | 0.00000 | 0.00000 | 0.00000 | 0.00000 | 0.00000 ||
	||  0.35200 | 0.00000 | 0.00000 | 1.00000 | 0.00000 | 0.00000 | 0.00000 | 0.00000 | 0.00000 ||
	||  0.25900 | 0.00000 | 0.00000 | 0.00000 | 1.00000 | 0.00000 | 0.00000 | 0.00000 | 0.00000 ||
	||  0.16600 | 0.00000 | 0.00000 | 0.00000 | 0.00000 | 1.00000 | 0.00000 | 0.00000 | 0.00000 ||
	||  0.00300 | 0.00000 | 0.00000 | 0.00000 | 0.00000 | 0.00000 | 1.00000 | 0.00000 | 0.00000 ||
	||  0.03800 | 0.00000 | 0.00000 | 0.00000 | 0.00000 | 0.00000 | 0.00000 | 1.00000 | 0.00000 ||
	||  0.11400 | 0.00000 | 0.00000 | 0.00000 | 0.00000 | 0.00000 | 0.00000 | 0.00000 | 1.00000 ||
	||------------------------------------------------------------------------------------------||

	||------------------------------------------------------------------------------------------||
	||                                    OUTPUT CORRELATION                                    ||
	||------------------------------------------------------------------------------------------||
	||  1.00000 | 0.15856 | 0.24330 | 0.34593 | 0.26241 | 0.17134 | 0.00478 | 0.03828 | 0.11118 ||
	||  0.15856 | 1.00000 |-0.00072 |-0.00008 | 0.00566 |-0.00692 |-0.00751 | 0.01114 | 0.00006 ||
	||  0.24330 |-0.00072 | 1.00000 |-0.00509 |-0.00272 | 0.00034 | 0.00293 | 0.00778 | 0.00238 ||
	||  0.34593 |-0.00008 |-0.00509 | 1.00000 | 0.00142 |-0.00159 | 0.00036 |-0.00102 |-0.00107 ||
	||  0.26241 | 0.00566 |-0.00272 | 0.00142 | 1.00000 |-0.00105 | 0.00207 | 0.00244 |-0.00389 ||
	||  0.17134 |-0.00692 | 0.00034 |-0.00159 |-0.00105 | 1.00000 | 0.00604 |-0.00299 | 0.00994 ||
	||  0.00478 |-0.00751 | 0.00293 | 0.00036 | 0.00207 | 0.00604 | 1.00000 | 0.00429 |-0.00504 ||
	||  0.03828 | 0.01114 | 0.00778 |-0.00102 | 0.00244 |-0.00299 | 0.00429 | 1.00000 |-0.01210 ||
	||  0.11118 | 0.00006 | 0.00238 |-0.00107 |-0.00389 | 0.00994 |-0.00504 |-0.01210 | 1.00000 ||
	||------------------------------------------------------------------------------------------||

	||------------------------------------------------------------------------------------------||
	||                                    OUTPUT COVARIANCE                                     ||
	||------------------------------------------------------------------------------------------||
	||  1.00245 | 0.15850 | 0.24388 | 0.34554 | 0.26318 | 0.17172 | 0.00481 | 0.03821 | 0.11143 ||
	||  0.15850 | 0.99688 |-0.00072 |-0.00008 | 0.00566 |-0.00692 |-0.00752 | 0.01109 | 0.00006 ||
	||  0.24388 |-0.00072 | 1.00230 |-0.00508 |-0.00273 | 0.00034 | 0.00295 | 0.00776 | 0.00239 ||
	||  0.34554 |-0.00008 |-0.00508 | 0.99535 | 0.00142 |-0.00159 | 0.00037 |-0.00102 |-0.00107 ||
	||  0.26318 | 0.00566 |-0.00273 | 0.00142 | 1.00339 |-0.00105 | 0.00209 | 0.00243 |-0.00390 ||
	||  0.17172 |-0.00692 | 0.00034 |-0.00159 |-0.00105 | 1.00203 | 0.00607 |-0.00298 | 0.00996 ||
	||  0.00481 |-0.00752 | 0.00295 | 0.00037 | 0.00209 | 0.00607 | 1.00829 | 0.00429 |-0.00507 ||
	||  0.03821 | 0.01109 | 0.00776 |-0.00102 | 0.00243 |-0.00298 | 0.00429 | 0.99362 |-0.01208 ||
	||  0.11143 | 0.00006 | 0.00239 |-0.00107 |-0.00390 | 0.00996 |-0.00507 |-0.01208 | 1.00211 ||
	||------------------------------------------------------------------------------------------||


	|-----------------------------------------------------------------|
	|    Copyright (C) 2011-2019 (DRIP, DROP)
	|-----------------------------------------------------------------|
	|    Build Version  =&gt; 3.93.0 multi mode
	|    Build JVM (TM) =&gt; 1.8.0_112
	|    Build Snap     =&gt; Mon Dec 17 18:34:10 EST 2018
	|    Start Time     =&gt; Mon Dec 17 21:18:10 EST 2018
	|    Setup Time     =&gt; Mon Dec 17 21:18:10 EST 2018
	|    Setup Duration =&gt; 0 ms
	|-----------------------------------------------------------------|


	||-------------------------------------------||
	||                R^1 METRICS                ||
	||-------------------------------------------||
	||    L -&gt; R:                                ||
	||            - Mean                         ||
	||            - Error                        ||
	||            - Variance                     ||
	||            - Standard Deviation           ||
	||-------------------------------------------||
	|| -0.00767 |  0.79582 |  0.99547 |  0.99773 ||
	|| -0.00488 |  0.80138 |  1.01436 |  1.00716 ||
	||  0.00498 |  0.80067 |  1.00674 |  1.00336 ||
	|| -0.00853 |  0.79995 |  1.00351 |  1.00175 ||
	|| -0.00578 |  0.80008 |  1.00201 |  1.00100 ||
	||  0.00561 |  0.79407 |  0.99306 |  0.99652 ||
	||  0.00347 |  0.79798 |  0.99439 |  0.99719 ||
	||  0.00270 |  0.80029 |  1.00774 |  1.00386 ||
	|| -0.00043 |  0.79988 |  1.00472 |  1.00236 ||
	||-------------------------------------------||

	||------------------------------------------------------------------------------------------||
	||                                     INPUT CORRELATION                                    ||
	||------------------------------------------------------------------------------------------||
	||  1.00000 | 0.16100 | 0.24500 | 0.35200 | 0.25900 | 0.16600 | 0.00300 | 0.03800 | 0.11400 ||
	||  0.16100 | 1.00000 | 0.00000 | 0.00000 | 0.00000 | 0.00000 | 0.00000 | 0.00000 | 0.00000 ||
	||  0.24500 | 0.00000 | 1.00000 | 0.00000 | 0.00000 | 0.00000 | 0.00000 | 0.00000 | 0.00000 ||
	||  0.35200 | 0.00000 | 0.00000 | 1.00000 | 0.00000 | 0.00000 | 0.00000 | 0.00000 | 0.00000 ||
	||  0.25900 | 0.00000 | 0.00000 | 0.00000 | 1.00000 | 0.00000 | 0.00000 | 0.00000 | 0.00000 ||
	||  0.16600 | 0.00000 | 0.00000 | 0.00000 | 0.00000 | 1.00000 | 0.00000 | 0.00000 | 0.00000 ||
	||  0.00300 | 0.00000 | 0.00000 | 0.00000 | 0.00000 | 0.00000 | 1.00000 | 0.00000 | 0.00000 ||
	||  0.03800 | 0.00000 | 0.00000 | 0.00000 | 0.00000 | 0.00000 | 0.00000 | 1.00000 | 0.00000 ||
	||  0.11400 | 0.00000 | 0.00000 | 0.00000 | 0.00000 | 0.00000 | 0.00000 | 0.00000 | 1.00000 ||
	||------------------------------------------------------------------------------------------||

	||------------------------------------------------------------------------------------------||
	||                                    OUTPUT CORRELATION                                    ||
	||------------------------------------------------------------------------------------------||
	||  1.00000 | 0.16248 | 0.24480 | 0.35541 | 0.25749 | 0.16982 | 0.00271 | 0.04308 | 0.11408 ||
	||  0.16248 | 1.00000 | 0.00120 | 0.00067 | 0.00033 | 0.00229 | 0.00052 | 0.01331 | 0.00328 ||
	||  0.24480 | 0.00120 | 1.00000 | 0.00463 |-0.00527 | 0.00413 |-0.00044 |-0.00561 |-0.00118 ||
	||  0.35541 | 0.00067 | 0.00463 | 1.00000 |-0.00062 | 0.00048 |-0.00192 |-0.00166 | 0.00157 ||
	||  0.25749 | 0.00033 |-0.00527 |-0.00062 | 1.00000 | 0.00047 |-0.00890 |-0.00660 | 0.00624 ||
	||  0.16982 | 0.00229 | 0.00413 | 0.00048 | 0.00047 | 1.00000 | 0.00100 | 0.00141 | 0.00313 ||
	||  0.00271 | 0.00052 |-0.00044 |-0.00192 |-0.00890 | 0.00100 | 1.00000 |-0.00107 | 0.00939 ||
	||  0.04308 | 0.01331 |-0.00561 |-0.00166 |-0.00660 | 0.00141 |-0.00107 | 1.00000 | 0.00075 ||
	||  0.11408 | 0.00328 |-0.00118 | 0.00157 | 0.00624 | 0.00313 | 0.00939 | 0.00075 | 1.00000 ||
	||------------------------------------------------------------------------------------------||

	||------------------------------------------------------------------------------------------||
	||                                    OUTPUT COVARIANCE                                     ||
	||------------------------------------------------------------------------------------------||
	||  0.99547 | 0.16327 | 0.24507 | 0.35523 | 0.25716 | 0.16884 | 0.00269 | 0.04315 | 0.11409 ||
	||  0.16327 | 1.01436 | 0.00121 | 0.00068 | 0.00034 | 0.00229 | 0.00052 | 0.01346 | 0.00331 ||
	||  0.24507 | 0.00121 | 1.00674 | 0.00466 |-0.00529 | 0.00413 |-0.00044 |-0.00565 |-0.00118 ||
	||  0.35523 | 0.00068 | 0.00466 | 1.00351 |-0.00062 | 0.00048 |-0.00192 |-0.00167 | 0.00157 ||
	||  0.25716 | 0.00034 |-0.00529 |-0.00062 | 1.00201 | 0.00047 |-0.00889 |-0.00663 | 0.00626 ||
	||  0.16884 | 0.00229 | 0.00413 | 0.00048 | 0.00047 | 0.99306 | 0.00100 | 0.00141 | 0.00312 ||
	||  0.00269 | 0.00052 |-0.00044 |-0.00192 |-0.00889 | 0.00100 | 0.99439 |-0.00108 | 0.00938 ||
	||  0.04315 | 0.01346 |-0.00565 |-0.00167 |-0.00663 | 0.00141 |-0.00108 | 1.00774 | 0.00075 ||
	||  0.11409 | 0.00331 |-0.00118 | 0.00157 | 0.00626 | 0.00312 | 0.00938 | 0.00075 | 1.00472 ||
	||------------------------------------------------------------------------------------------||


	|-----------------------------------------------------------------|
	|    Copyright (C) 2011-2019 (DRIP, DROP)
	|-----------------------------------------------------------------|
	|    Build Version  =&gt; 3.93.0 multi mode
	|    Build JVM (TM) =&gt; 1.8.0_112
	|    Build Snap     =&gt; Mon Dec 17 18:34:10 EST 2018
	|    Start Time     =&gt; Mon Dec 17 21:18:13 EST 2018
	|    Setup Time     =&gt; Mon Dec 17 21:18:13 EST 2018
	|    Setup Duration =&gt; 0 ms
	|-----------------------------------------------------------------|


	||-------------------------------------------||
	||                R^1 METRICS                ||
	||-------------------------------------------||
	||    L -&gt; R:                                ||
	||            - Mean                         ||
	||            - Error                        ||
	||            - Variance                     ||
	||            - Standard Deviation           ||
	||-------------------------------------------||
	||  0.00745 |  0.79765 |  0.99994 |  0.99997 ||
	||  0.00365 |  0.79675 |  0.99999 |  0.99999 ||
	||  0.00425 |  0.79757 |  0.99998 |  0.99999 ||
	||  0.00417 |  0.79806 |  0.99998 |  0.99999 ||
	||  0.01021 |  0.79722 |  0.99990 |  0.99995 ||
	||  0.00211 |  0.79789 |  1.00000 |  1.00000 ||
	|| -0.00048 |  0.79719 |  1.00000 |  1.00000 ||
	|| -0.00665 |  0.79792 |  0.99996 |  0.99998 ||
	|| -0.00568 |  0.79908 |  0.99997 |  0.99998 ||
	||-------------------------------------------||

	||------------------------------------------------------------------------------------------||
	||                                     INPUT CORRELATION                                    ||
	||------------------------------------------------------------------------------------------||
	||  1.00000 | 0.16100 | 0.24500 | 0.35200 | 0.25900 | 0.16600 | 0.00300 | 0.03800 | 0.11400 ||
	||  0.16100 | 1.00000 | 0.00000 | 0.00000 | 0.00000 | 0.00000 | 0.00000 | 0.00000 | 0.00000 ||
	||  0.24500 | 0.00000 | 1.00000 | 0.00000 | 0.00000 | 0.00000 | 0.00000 | 0.00000 | 0.00000 ||
	||  0.35200 | 0.00000 | 0.00000 | 1.00000 | 0.00000 | 0.00000 | 0.00000 | 0.00000 | 0.00000 ||
	||  0.25900 | 0.00000 | 0.00000 | 0.00000 | 1.00000 | 0.00000 | 0.00000 | 0.00000 | 0.00000 ||
	||  0.16600 | 0.00000 | 0.00000 | 0.00000 | 0.00000 | 1.00000 | 0.00000 | 0.00000 | 0.00000 ||
	||  0.00300 | 0.00000 | 0.00000 | 0.00000 | 0.00000 | 0.00000 | 1.00000 | 0.00000 | 0.00000 ||
	||  0.03800 | 0.00000 | 0.00000 | 0.00000 | 0.00000 | 0.00000 | 0.00000 | 1.00000 | 0.00000 ||
	||  0.11400 | 0.00000 | 0.00000 | 0.00000 | 0.00000 | 0.00000 | 0.00000 | 0.00000 | 1.00000 ||
	||------------------------------------------------------------------------------------------||

	||------------------------------------------------------------------------------------------||
	||                                    OUTPUT CORRELATION                                    ||
	||------------------------------------------------------------------------------------------||
	||  1.00000 | 0.16223 | 0.24316 | 0.35723 | 0.26047 | 0.16411 | 0.01053 | 0.03108 | 0.11022 ||
	||  0.16223 | 1.00000 |-0.00418 | 0.00814 | 0.00574 |-0.00172 |-0.00113 |-0.00359 | 0.00264 ||
	||  0.24316 |-0.00418 | 1.00000 |-0.00367 | 0.00734 |-0.00547 |-0.00594 |-0.00856 |-0.00055 ||
	||  0.35723 | 0.00814 |-0.00367 | 1.00000 | 0.00082 |-0.00439 | 0.00691 |-0.00575 | 0.00349 ||
	||  0.26047 | 0.00574 | 0.00734 | 0.00082 | 1.00000 |-0.00326 | 0.00252 |-0.00013 |-0.00358 ||
	||  0.16411 |-0.00172 |-0.00547 |-0.00439 |-0.00326 | 1.00000 | 0.00509 |-0.00472 |-0.00108 ||
	||  0.01053 |-0.00113 |-0.00594 | 0.00691 | 0.00252 | 0.00509 | 1.00000 | 0.00396 | 0.00020 ||
	||  0.03108 |-0.00359 |-0.00856 |-0.00575 |-0.00013 |-0.00472 | 0.00396 | 1.00000 |-0.00051 ||
	||  0.11022 | 0.00264 |-0.00055 | 0.00349 |-0.00358 |-0.00108 | 0.00020 |-0.00051 | 1.00000 ||
	||------------------------------------------------------------------------------------------||

	||------------------------------------------------------------------------------------------||
	||                                    OUTPUT COVARIANCE                                     ||
	||------------------------------------------------------------------------------------------||
	||  0.99994 | 0.16223 | 0.24315 | 0.35721 | 0.26045 | 0.16410 | 0.01053 | 0.03108 | 0.11022 ||
	||  0.16223 | 0.99999 |-0.00418 | 0.00813 | 0.00574 |-0.00172 |-0.00113 |-0.00359 | 0.00264 ||
	||  0.24315 |-0.00418 | 0.99998 |-0.00367 | 0.00734 |-0.00547 |-0.00594 |-0.00856 |-0.00055 ||
	||  0.35721 | 0.00813 |-0.00367 | 0.99998 | 0.00082 |-0.00439 | 0.00691 |-0.00575 | 0.00349 ||
	||  0.26045 | 0.00574 | 0.00734 | 0.00082 | 0.99990 |-0.00326 | 0.00252 |-0.00013 |-0.00358 ||
	||  0.16410 |-0.00172 |-0.00547 |-0.00439 |-0.00326 | 1.00000 | 0.00509 |-0.00472 |-0.00108 ||
	||  0.01053 |-0.00113 |-0.00594 | 0.00691 | 0.00252 | 0.00509 | 1.00000 | 0.00396 | 0.00020 ||
	||  0.03108 |-0.00359 |-0.00856 |-0.00575 |-0.00013 |-0.00472 | 0.00396 | 0.99996 |-0.00051 ||
	||  0.11022 | 0.00264 |-0.00055 | 0.00349 |-0.00358 |-0.00108 | 0.00020 |-0.00051 | 0.99997 ||
	||------------------------------------------------------------------------------------------||


	|-----------------------------------------------------------------|
	|    Copyright (C) 2011-2019 (DRIP, DROP)
	|-----------------------------------------------------------------|
	|    Build Version  =&gt; 3.93.0 multi mode
	|    Build JVM (TM) =&gt; 1.8.0_112
	|    Build Snap     =&gt; Mon Dec 17 18:34:10 EST 2018
	|    Start Time     =&gt; Mon Dec 17 21:18:15 EST 2018
	|    Setup Time     =&gt; Mon Dec 17 21:18:15 EST 2018
	|    Setup Duration =&gt; 0 ms
	|-----------------------------------------------------------------|


	||-------------------------------------------||
	||                R^1 METRICS                ||
	||-------------------------------------------||
	||    L -&gt; R:                                ||
	||            - Mean                         ||
	||            - Error                        ||
	||            - Variance                     ||
	||            - Standard Deviation           ||
	||-------------------------------------------||
	||  0.00278 |  0.79721 |  0.99997 |  0.99999 ||
	|| -0.00351 |  0.79955 |  0.99997 |  0.99998 ||
	|| -0.00251 |  0.79738 |  0.99997 |  0.99999 ||
	||  0.00120 |  0.79823 |  0.99998 |  0.99999 ||
	|| -0.00003 |  0.79669 |  0.99998 |  0.99999 ||
	|| -0.00206 |  0.79825 |  0.99998 |  0.99999 ||
	|| -0.00155 |  0.79625 |  0.99998 |  0.99999 ||
	||  0.00573 |  0.79753 |  0.99995 |  0.99997 ||
	||  0.00142 |  0.79850 |  0.99998 |  0.99999 ||
	||-------------------------------------------||

	||------------------------------------------------------------------------------------------||
	||                                     INPUT CORRELATION                                    ||
	||------------------------------------------------------------------------------------------||
	||  1.00000 | 0.16100 | 0.24500 | 0.35200 | 0.25900 | 0.16600 | 0.00300 | 0.03800 | 0.11400 ||
	||  0.16100 | 1.00000 | 0.00000 | 0.00000 | 0.00000 | 0.00000 | 0.00000 | 0.00000 | 0.00000 ||
	||  0.24500 | 0.00000 | 1.00000 | 0.00000 | 0.00000 | 0.00000 | 0.00000 | 0.00000 | 0.00000 ||
	||  0.35200 | 0.00000 | 0.00000 | 1.00000 | 0.00000 | 0.00000 | 0.00000 | 0.00000 | 0.00000 ||
	||  0.25900 | 0.00000 | 0.00000 | 0.00000 | 1.00000 | 0.00000 | 0.00000 | 0.00000 | 0.00000 ||
	||  0.16600 | 0.00000 | 0.00000 | 0.00000 | 0.00000 | 1.00000 | 0.00000 | 0.00000 | 0.00000 ||
	||  0.00300 | 0.00000 | 0.00000 | 0.00000 | 0.00000 | 0.00000 | 1.00000 | 0.00000 | 0.00000 ||
	||  0.03800 | 0.00000 | 0.00000 | 0.00000 | 0.00000 | 0.00000 | 0.00000 | 1.00000 | 0.00000 ||
	||  0.11400 | 0.00000 | 0.00000 | 0.00000 | 0.00000 | 0.00000 | 0.00000 | 0.00000 | 1.00000 ||
	||------------------------------------------------------------------------------------------||

	||------------------------------------------------------------------------------------------||
	||                                    OUTPUT CORRELATION                                    ||
	||------------------------------------------------------------------------------------------||
	||  1.00000 | 0.16114 | 0.24167 | 0.35340 | 0.25784 | 0.16799 | 0.00508 | 0.03448 | 0.10917 ||
	||  0.16114 | 1.00000 |-0.00296 | 0.00130 | 0.00186 | 0.00057 | 0.00257 |-0.00662 |-0.00702 ||
	||  0.24167 |-0.00296 | 1.00000 |-0.00123 |-0.00522 |-0.00386 |-0.00509 |-0.00009 |-0.00344 ||
	||  0.35340 | 0.00130 |-0.00123 | 1.00000 | 0.00091 |-0.00566 |-0.00376 | 0.00281 |-0.00286 ||
	||  0.25784 | 0.00186 |-0.00522 | 0.00091 | 1.00000 | 0.00211 |-0.00420 |-0.00059 |-0.00648 ||
	||  0.16799 | 0.00057 |-0.00386 |-0.00566 | 0.00211 | 1.00000 | 0.00821 |-0.00322 |-0.00886 ||
	||  0.00508 | 0.00257 |-0.00509 |-0.00376 |-0.00420 | 0.00821 | 1.00000 |-0.00161 |-0.00924 ||
	||  0.03448 |-0.00662 |-0.00009 | 0.00281 |-0.00059 |-0.00322 |-0.00161 | 1.00000 | 0.00207 ||
	||  0.10917 |-0.00702 |-0.00344 |-0.00286 |-0.00648 |-0.00886 |-0.00924 | 0.00207 | 1.00000 ||
	||------------------------------------------------------------------------------------------||

	||------------------------------------------------------------------------------------------||
	||                                    OUTPUT COVARIANCE                                     ||
	||------------------------------------------------------------------------------------------||
	||  0.99997 | 0.16114 | 0.24166 | 0.35339 | 0.25783 | 0.16798 | 0.00508 | 0.03448 | 0.10917 ||
	||  0.16114 | 0.99997 |-0.00296 | 0.00130 | 0.00186 | 0.00057 | 0.00257 |-0.00662 |-0.00702 ||
	||  0.24166 |-0.00296 | 0.99997 |-0.00123 |-0.00522 |-0.00386 |-0.00509 |-0.00009 |-0.00344 ||
	||  0.35339 | 0.00130 |-0.00123 | 0.99998 | 0.00091 |-0.00566 |-0.00376 | 0.00281 |-0.00286 ||
	||  0.25783 | 0.00186 |-0.00522 | 0.00091 | 0.99998 | 0.00211 |-0.00420 |-0.00059 |-0.00648 ||
	||  0.16798 | 0.00057 |-0.00386 |-0.00566 | 0.00211 | 0.99998 | 0.00821 |-0.00322 |-0.00886 ||
	||  0.00508 | 0.00257 |-0.00509 |-0.00376 |-0.00420 | 0.00821 | 0.99998 |-0.00161 |-0.00924 ||
	||  0.03448 |-0.00662 |-0.00009 | 0.00281 |-0.00059 |-0.00322 |-0.00161 | 0.99995 | 0.00207 ||
	||  0.10917 |-0.00702 |-0.00344 |-0.00286 |-0.00648 |-0.00886 |-0.00924 | 0.00207 | 0.99998 ||
	||------------------------------------------------------------------------------------------||

</pre>
</span>
</div>
</div>
<div id="footer">
<p>
<div>
<label class="hidden" id="label-for-line-wrapping-toggle" for="line-wrapping-toggle">Wrap lines
<input id="line-wrapping-toggle" type="checkbox" autocomplete="off"/>
</label>
</div>Generated by 
<a href="http://www.gradle.org">Gradle 3.5</a> at Dec 17, 2018 9:47:19 PM</p>
</div>
</div>
</body>
</html>
