<!DOCTYPE html>
<html>
<head>
<meta http-equiv="Content-Type" content="text/html; charset=utf-8"/>
<meta http-equiv="x-ua-compatible" content="IE=edge"/>
<title>Test results - Class org.drip.coverage.sequence.Statistics</title>
<link href="../css/base-style.css" rel="stylesheet" type="text/css"/>
<link href="../css/style.css" rel="stylesheet" type="text/css"/>
<script src="../js/report.js" type="text/javascript"></script>
</head>
<body>
<div id="content">
<h1>Class org.drip.coverage.sequence.Statistics</h1>
<div class="breadcrumbs">
<a href="../index.html">all</a> &gt; 
<a href="../packages/org.drip.coverage.sequence.html">org.drip.coverage.sequence</a> &gt; Statistics</div>
<div id="summary">
<table>
<tr>
<td>
<div class="summaryGroup">
<table>
<tr>
<td>
<div class="infoBox" id="tests">
<div class="counter">1</div>
<p>tests</p>
</div>
</td>
<td>
<div class="infoBox" id="failures">
<div class="counter">0</div>
<p>failures</p>
</div>
</td>
<td>
<div class="infoBox" id="ignored">
<div class="counter">0</div>
<p>ignored</p>
</div>
</td>
<td>
<div class="infoBox" id="duration">
<div class="counter">9.513s</div>
<p>duration</p>
</div>
</td>
</tr>
</table>
</div>
</td>
<td>
<div class="infoBox success" id="successRate">
<div class="percent">100%</div>
<p>successful</p>
</div>
</td>
</tr>
</table>
</div>
<div id="tabs">
<ul class="tabLinks">
<li>
<a href="#tab0">Tests</a>
</li>
<li>
<a href="#tab1">Standard output</a>
</li>
</ul>
<div id="tab0" class="tab">
<h2>Tests</h2>
<table>
<thead>
<tr>
<th>Test</th>
<th>Duration</th>
<th>Result</th>
</tr>
</thead>
<tr>
<td class="success">codeCoverageTest</td>
<td>9.513s</td>
<td class="success">passed</td>
</tr>
</table>
</div>
<div id="tab1" class="tab">
<h2>Standard output</h2>
<span class="code">
<pre>
	|-----------------------------------------------------------------|
	|    Copyright (C) 2011-2019 (DRIP, DROP)
	|-----------------------------------------------------------------|
	|    Build Version  =&gt; 4.10.0 multi mode
	|    Build JVM (TM) =&gt; 1.8.0_112
	|    Build Snap     =&gt; Tue Mar 19 16:24:49 EST 2019
	|    Start Time     =&gt; Fri Mar 29 19:43:41 EDT 2019
	|    Setup Time     =&gt; Fri Mar 29 19:43:41 EDT 2019
	|    Setup Duration =&gt; 0 ms
	|-----------------------------------------------------------------|


	||-------------------------------------------||
	||                R^1 METRICS                ||
	||-------------------------------------------||
	||    L -&gt; R:                                ||
	||            - Mean                         ||
	||            - Error                        ||
	||            - Variance                     ||
	||            - Standard Deviation           ||
	||-------------------------------------------||
	|| -0.00266 |  0.79726 |  0.99687 |  0.99844 ||
	||  0.00430 |  0.80047 |  1.00484 |  1.00242 ||
	||  0.00436 |  0.79250 |  0.98415 |  0.99204 ||
	|| -0.00020 |  0.79625 |  0.99898 |  0.99949 ||
	|| -0.00154 |  0.79861 |  1.00095 |  1.00047 ||
	|| -0.01140 |  0.79468 |  0.99278 |  0.99638 ||
	||  0.00414 |  0.80069 |  1.00953 |  1.00475 ||
	||  0.00329 |  0.79495 |  0.99407 |  0.99703 ||
	|| -0.00312 |  0.79526 |  0.99660 |  0.99830 ||
	||-------------------------------------------||

	||------------------------------------------------------------------------------------------||
	||                                     INPUT CORRELATION                                    ||
	||------------------------------------------------------------------------------------------||
	||  1.00000 | 0.16100 | 0.24500 | 0.35200 | 0.25900 | 0.16600 | 0.00300 | 0.03800 | 0.11400 ||
	||  0.16100 | 1.00000 | 0.00000 | 0.00000 | 0.00000 | 0.00000 | 0.00000 | 0.00000 | 0.00000 ||
	||  0.24500 | 0.00000 | 1.00000 | 0.00000 | 0.00000 | 0.00000 | 0.00000 | 0.00000 | 0.00000 ||
	||  0.35200 | 0.00000 | 0.00000 | 1.00000 | 0.00000 | 0.00000 | 0.00000 | 0.00000 | 0.00000 ||
	||  0.25900 | 0.00000 | 0.00000 | 0.00000 | 1.00000 | 0.00000 | 0.00000 | 0.00000 | 0.00000 ||
	||  0.16600 | 0.00000 | 0.00000 | 0.00000 | 0.00000 | 1.00000 | 0.00000 | 0.00000 | 0.00000 ||
	||  0.00300 | 0.00000 | 0.00000 | 0.00000 | 0.00000 | 0.00000 | 1.00000 | 0.00000 | 0.00000 ||
	||  0.03800 | 0.00000 | 0.00000 | 0.00000 | 0.00000 | 0.00000 | 0.00000 | 1.00000 | 0.00000 ||
	||  0.11400 | 0.00000 | 0.00000 | 0.00000 | 0.00000 | 0.00000 | 0.00000 | 0.00000 | 1.00000 ||
	||------------------------------------------------------------------------------------------||

	||------------------------------------------------------------------------------------------||
	||                                    OUTPUT CORRELATION                                    ||
	||------------------------------------------------------------------------------------------||
	||  1.00000 | 0.16544 | 0.23983 | 0.34765 | 0.25515 | 0.16057 | 0.00932 | 0.04329 | 0.11620 ||
	||  0.16544 | 1.00000 |-0.00330 | 0.00195 | 0.00105 | 0.00207 | 0.00281 | 0.00205 | 0.00742 ||
	||  0.23983 |-0.00330 | 1.00000 |-0.00938 |-0.00019 | 0.00418 |-0.00634 | 0.00114 |-0.00201 ||
	||  0.34765 | 0.00195 |-0.00938 | 1.00000 |-0.00401 |-0.01211 | 0.00672 | 0.00314 |-0.00426 ||
	||  0.25515 | 0.00105 |-0.00019 |-0.00401 | 1.00000 |-0.00005 |-0.00365 | 0.00244 |-0.00137 ||
	||  0.16057 | 0.00207 | 0.00418 |-0.01211 |-0.00005 | 1.00000 |-0.00260 |-0.00047 |-0.00187 ||
	||  0.00932 | 0.00281 |-0.00634 | 0.00672 |-0.00365 |-0.00260 | 1.00000 | 0.00280 |-0.00207 ||
	||  0.04329 | 0.00205 | 0.00114 | 0.00314 | 0.00244 |-0.00047 | 0.00280 | 1.00000 |-0.00289 ||
	||  0.11620 | 0.00742 |-0.00201 |-0.00426 |-0.00137 |-0.00187 |-0.00207 |-0.00289 | 1.00000 ||
	||------------------------------------------------------------------------------------------||

	||------------------------------------------------------------------------------------------||
	||                                    OUTPUT COVARIANCE                                     ||
	||------------------------------------------------------------------------------------------||
	||  0.99687 | 0.16558 | 0.23755 | 0.34693 | 0.25487 | 0.15974 | 0.00935 | 0.04309 | 0.11582 ||
	||  0.16558 | 1.00484 |-0.00328 | 0.00195 | 0.00106 | 0.00206 | 0.00283 | 0.00205 | 0.00743 ||
	||  0.23755 |-0.00328 | 0.98415 |-0.00930 |-0.00019 | 0.00413 |-0.00632 | 0.00113 |-0.00199 ||
	||  0.34693 | 0.00195 |-0.00930 | 0.99898 |-0.00401 |-0.01206 | 0.00675 | 0.00313 |-0.00425 ||
	||  0.25487 | 0.00106 |-0.00019 |-0.00401 | 1.00095 |-0.00005 |-0.00367 | 0.00244 |-0.00137 ||
	||  0.15974 | 0.00206 | 0.00413 |-0.01206 |-0.00005 | 0.99278 |-0.00260 |-0.00047 |-0.00186 ||
	||  0.00935 | 0.00283 |-0.00632 | 0.00675 |-0.00367 |-0.00260 | 1.00953 | 0.00280 |-0.00208 ||
	||  0.04309 | 0.00205 | 0.00113 | 0.00313 | 0.00244 |-0.00047 | 0.00280 | 0.99407 |-0.00288 ||
	||  0.11582 | 0.00743 |-0.00199 |-0.00425 |-0.00137 |-0.00186 |-0.00208 |-0.00288 | 0.99660 ||
	||------------------------------------------------------------------------------------------||


	|-----------------------------------------------------------------|
	|    Copyright (C) 2011-2019 (DRIP, DROP)
	|-----------------------------------------------------------------|
	|    Build Version  =&gt; 4.10.0 multi mode
	|    Build JVM (TM) =&gt; 1.8.0_112
	|    Build Snap     =&gt; Tue Mar 19 16:24:49 EST 2019
	|    Start Time     =&gt; Fri Mar 29 19:43:43 EDT 2019
	|    Setup Time     =&gt; Fri Mar 29 19:43:43 EDT 2019
	|    Setup Duration =&gt; 0 ms
	|-----------------------------------------------------------------|


	||-------------------------------------------||
	||                R^1 METRICS                ||
	||-------------------------------------------||
	||    L -&gt; R:                                ||
	||            - Mean                         ||
	||            - Error                        ||
	||            - Variance                     ||
	||            - Standard Deviation           ||
	||-------------------------------------------||
	|| -0.00001 |  0.80135 |  1.01388 |  1.00692 ||
	|| -0.00206 |  0.79682 |  0.99324 |  0.99661 ||
	|| -0.00199 |  0.80008 |  1.00612 |  1.00306 ||
	||  0.00205 |  0.79722 |  0.99784 |  0.99892 ||
	||  0.00208 |  0.79857 |  1.00139 |  1.00070 ||
	||  0.00333 |  0.80059 |  1.00763 |  1.00381 ||
	||  0.00329 |  0.79768 |  0.99900 |  0.99950 ||
	|| -0.00994 |  0.79473 |  0.99239 |  0.99619 ||
	|| -0.00449 |  0.79633 |  1.00002 |  1.00001 ||
	||-------------------------------------------||

	||------------------------------------------------------------------------------------------||
	||                                     INPUT CORRELATION                                    ||
	||------------------------------------------------------------------------------------------||
	||  1.00000 | 0.16100 | 0.24500 | 0.35200 | 0.25900 | 0.16600 | 0.00300 | 0.03800 | 0.11400 ||
	||  0.16100 | 1.00000 | 0.00000 | 0.00000 | 0.00000 | 0.00000 | 0.00000 | 0.00000 | 0.00000 ||
	||  0.24500 | 0.00000 | 1.00000 | 0.00000 | 0.00000 | 0.00000 | 0.00000 | 0.00000 | 0.00000 ||
	||  0.35200 | 0.00000 | 0.00000 | 1.00000 | 0.00000 | 0.00000 | 0.00000 | 0.00000 | 0.00000 ||
	||  0.25900 | 0.00000 | 0.00000 | 0.00000 | 1.00000 | 0.00000 | 0.00000 | 0.00000 | 0.00000 ||
	||  0.16600 | 0.00000 | 0.00000 | 0.00000 | 0.00000 | 1.00000 | 0.00000 | 0.00000 | 0.00000 ||
	||  0.00300 | 0.00000 | 0.00000 | 0.00000 | 0.00000 | 0.00000 | 1.00000 | 0.00000 | 0.00000 ||
	||  0.03800 | 0.00000 | 0.00000 | 0.00000 | 0.00000 | 0.00000 | 0.00000 | 1.00000 | 0.00000 ||
	||  0.11400 | 0.00000 | 0.00000 | 0.00000 | 0.00000 | 0.00000 | 0.00000 | 0.00000 | 1.00000 ||
	||------------------------------------------------------------------------------------------||

	||------------------------------------------------------------------------------------------||
	||                                    OUTPUT CORRELATION                                    ||
	||------------------------------------------------------------------------------------------||
	||  1.00000 | 0.15694 | 0.24614 | 0.34969 | 0.26315 | 0.16898 | 0.00335 | 0.03721 | 0.10903 ||
	||  0.15694 | 1.00000 |-0.00549 |-0.00158 |-0.00700 |-0.00280 |-0.00009 | 0.00050 |-0.00234 ||
	||  0.24614 |-0.00549 | 1.00000 | 0.00001 | 0.00138 |-0.00230 |-0.00035 | 0.00212 | 0.00247 ||
	||  0.34969 |-0.00158 | 0.00001 | 1.00000 | 0.00125 | 0.00428 | 0.00315 |-0.00165 |-0.00157 ||
	||  0.26315 |-0.00700 | 0.00138 | 0.00125 | 1.00000 | 0.00056 |-0.00098 | 0.00438 | 0.00029 ||
	||  0.16898 |-0.00280 |-0.00230 | 0.00428 | 0.00056 | 1.00000 |-0.00604 |-0.00320 |-0.00030 ||
	||  0.00335 |-0.00009 |-0.00035 | 0.00315 |-0.00098 |-0.00604 | 1.00000 | 0.00871 |-0.00469 ||
	||  0.03721 | 0.00050 | 0.00212 |-0.00165 | 0.00438 |-0.00320 | 0.00871 | 1.00000 | 0.00232 ||
	||  0.10903 |-0.00234 | 0.00247 |-0.00157 | 0.00029 |-0.00030 |-0.00469 | 0.00232 | 1.00000 ||
	||------------------------------------------------------------------------------------------||

	||------------------------------------------------------------------------------------------||
	||                                    OUTPUT COVARIANCE                                     ||
	||------------------------------------------------------------------------------------------||
	||  1.01388 | 0.15749 | 0.24860 | 0.35173 | 0.26516 | 0.17080 | 0.00337 | 0.03732 | 0.10978 ||
	||  0.15749 | 0.99324 |-0.00549 |-0.00158 |-0.00699 |-0.00280 |-0.00009 | 0.00050 |-0.00233 ||
	||  0.24860 |-0.00549 | 1.00612 | 0.00001 | 0.00139 |-0.00232 |-0.00035 | 0.00212 | 0.00248 ||
	||  0.35173 |-0.00158 | 0.00001 | 0.99784 | 0.00124 | 0.00429 | 0.00315 |-0.00164 |-0.00157 ||
	||  0.26516 |-0.00699 | 0.00139 | 0.00124 | 1.00139 | 0.00056 |-0.00098 | 0.00436 | 0.00029 ||
	||  0.17080 |-0.00280 |-0.00232 | 0.00429 | 0.00056 | 1.00763 |-0.00606 |-0.00320 |-0.00030 ||
	||  0.00337 |-0.00009 |-0.00035 | 0.00315 |-0.00098 |-0.00606 | 0.99900 | 0.00868 |-0.00468 ||
	||  0.03732 | 0.00050 | 0.00212 |-0.00164 | 0.00436 |-0.00320 | 0.00868 | 0.99239 | 0.00231 ||
	||  0.10978 |-0.00233 | 0.00248 |-0.00157 | 0.00029 |-0.00030 |-0.00468 | 0.00231 | 1.00002 ||
	||------------------------------------------------------------------------------------------||


	|-----------------------------------------------------------------|
	|    Copyright (C) 2011-2019 (DRIP, DROP)
	|-----------------------------------------------------------------|
	|    Build Version  =&gt; 4.10.0 multi mode
	|    Build JVM (TM) =&gt; 1.8.0_112
	|    Build Snap     =&gt; Tue Mar 19 16:24:49 EST 2019
	|    Start Time     =&gt; Fri Mar 29 19:43:46 EDT 2019
	|    Setup Time     =&gt; Fri Mar 29 19:43:46 EDT 2019
	|    Setup Duration =&gt; 0 ms
	|-----------------------------------------------------------------|


	||-------------------------------------------||
	||                R^1 METRICS                ||
	||-------------------------------------------||
	||    L -&gt; R:                                ||
	||            - Mean                         ||
	||            - Error                        ||
	||            - Variance                     ||
	||            - Standard Deviation           ||
	||-------------------------------------------||
	||  0.00163 |  0.79757 |  1.00000 |  1.00000 ||
	||  0.00783 |  0.79657 |  0.99994 |  0.99997 ||
	||  0.00242 |  0.79836 |  0.99999 |  1.00000 ||
	||  0.00514 |  0.79700 |  0.99997 |  0.99999 ||
	||  0.00450 |  0.79649 |  0.99998 |  0.99999 ||
	||  0.00803 |  0.79873 |  0.99994 |  0.99997 ||
	||  0.00022 |  0.79757 |  1.00000 |  1.00000 ||
	|| -0.00590 |  0.79898 |  0.99997 |  0.99998 ||
	||  0.00206 |  0.79784 |  1.00000 |  1.00000 ||
	||-------------------------------------------||

	||------------------------------------------------------------------------------------------||
	||                                     INPUT CORRELATION                                    ||
	||------------------------------------------------------------------------------------------||
	||  1.00000 | 0.16100 | 0.24500 | 0.35200 | 0.25900 | 0.16600 | 0.00300 | 0.03800 | 0.11400 ||
	||  0.16100 | 1.00000 | 0.00000 | 0.00000 | 0.00000 | 0.00000 | 0.00000 | 0.00000 | 0.00000 ||
	||  0.24500 | 0.00000 | 1.00000 | 0.00000 | 0.00000 | 0.00000 | 0.00000 | 0.00000 | 0.00000 ||
	||  0.35200 | 0.00000 | 0.00000 | 1.00000 | 0.00000 | 0.00000 | 0.00000 | 0.00000 | 0.00000 ||
	||  0.25900 | 0.00000 | 0.00000 | 0.00000 | 1.00000 | 0.00000 | 0.00000 | 0.00000 | 0.00000 ||
	||  0.16600 | 0.00000 | 0.00000 | 0.00000 | 0.00000 | 1.00000 | 0.00000 | 0.00000 | 0.00000 ||
	||  0.00300 | 0.00000 | 0.00000 | 0.00000 | 0.00000 | 0.00000 | 1.00000 | 0.00000 | 0.00000 ||
	||  0.03800 | 0.00000 | 0.00000 | 0.00000 | 0.00000 | 0.00000 | 0.00000 | 1.00000 | 0.00000 ||
	||  0.11400 | 0.00000 | 0.00000 | 0.00000 | 0.00000 | 0.00000 | 0.00000 | 0.00000 | 1.00000 ||
	||------------------------------------------------------------------------------------------||

	||------------------------------------------------------------------------------------------||
	||                                    OUTPUT CORRELATION                                    ||
	||------------------------------------------------------------------------------------------||
	||  1.00000 | 0.15792 | 0.24846 | 0.35165 | 0.25847 | 0.16875 | 0.00086 | 0.04062 | 0.11633 ||
	||  0.15792 | 1.00000 |-0.00283 |-0.00042 | 0.00004 | 0.00354 | 0.00329 |-0.00371 | 0.00194 ||
	||  0.24846 |-0.00283 | 1.00000 | 0.00338 | 0.00142 | 0.00413 |-0.00597 |-0.00590 | 0.00672 ||
	||  0.35165 |-0.00042 | 0.00338 | 1.00000 |-0.00022 | 0.00714 |-0.00040 |-0.00001 | 0.00325 ||
	||  0.25847 | 0.00004 | 0.00142 |-0.00022 | 1.00000 |-0.00874 |-0.00725 |-0.00476 |-0.00600 ||
	||  0.16875 | 0.00354 | 0.00413 | 0.00714 |-0.00874 | 1.00000 |-0.01422 | 0.00208 | 0.00633 ||
	||  0.00086 | 0.00329 |-0.00597 |-0.00040 |-0.00725 |-0.01422 | 1.00000 | 0.00591 | 0.00038 ||
	||  0.04062 |-0.00371 |-0.00590 |-0.00001 |-0.00476 | 0.00208 | 0.00591 | 1.00000 | 0.00298 ||
	||  0.11633 | 0.00194 | 0.00672 | 0.00325 |-0.00600 | 0.00633 | 0.00038 | 0.00298 | 1.00000 ||
	||------------------------------------------------------------------------------------------||

	||------------------------------------------------------------------------------------------||
	||                                    OUTPUT COVARIANCE                                     ||
	||------------------------------------------------------------------------------------------||
	||  1.00000 | 0.15791 | 0.24846 | 0.35164 | 0.25846 | 0.16874 | 0.00086 | 0.04061 | 0.11633 ||
	||  0.15791 | 0.99994 |-0.00283 |-0.00042 | 0.00004 | 0.00354 | 0.00329 |-0.00371 | 0.00194 ||
	||  0.24846 |-0.00283 | 0.99999 | 0.00338 | 0.00142 | 0.00413 |-0.00597 |-0.00590 | 0.00672 ||
	||  0.35164 |-0.00042 | 0.00338 | 0.99997 |-0.00022 | 0.00714 |-0.00040 |-0.00001 | 0.00325 ||
	||  0.25846 | 0.00004 | 0.00142 |-0.00022 | 0.99998 |-0.00874 |-0.00725 |-0.00476 |-0.00600 ||
	||  0.16874 | 0.00354 | 0.00413 | 0.00714 |-0.00874 | 0.99994 |-0.01422 | 0.00208 | 0.00633 ||
	||  0.00086 | 0.00329 |-0.00597 |-0.00040 |-0.00725 |-0.01422 | 1.00000 | 0.00591 | 0.00038 ||
	||  0.04061 |-0.00371 |-0.00590 |-0.00001 |-0.00476 | 0.00208 | 0.00591 | 0.99997 | 0.00298 ||
	||  0.11633 | 0.00194 | 0.00672 | 0.00325 |-0.00600 | 0.00633 | 0.00038 | 0.00298 | 1.00000 ||
	||------------------------------------------------------------------------------------------||


	|-----------------------------------------------------------------|
	|    Copyright (C) 2011-2019 (DRIP, DROP)
	|-----------------------------------------------------------------|
	|    Build Version  =&gt; 4.10.0 multi mode
	|    Build JVM (TM) =&gt; 1.8.0_112
	|    Build Snap     =&gt; Tue Mar 19 16:24:49 EST 2019
	|    Start Time     =&gt; Fri Mar 29 19:43:48 EDT 2019
	|    Setup Time     =&gt; Fri Mar 29 19:43:48 EDT 2019
	|    Setup Duration =&gt; 0 ms
	|-----------------------------------------------------------------|


	||-------------------------------------------||
	||                R^1 METRICS                ||
	||-------------------------------------------||
	||    L -&gt; R:                                ||
	||            - Mean                         ||
	||            - Error                        ||
	||            - Variance                     ||
	||            - Standard Deviation           ||
	||-------------------------------------------||
	|| -0.00475 |  0.79814 |  0.99996 |  0.99998 ||
	||  0.00563 |  0.79883 |  0.99995 |  0.99997 ||
	||  0.00025 |  0.79748 |  0.99998 |  0.99999 ||
	|| -0.00156 |  0.79642 |  0.99998 |  0.99999 ||
	|| -0.00051 |  0.79908 |  0.99998 |  0.99999 ||
	|| -0.00588 |  0.79874 |  0.99995 |  0.99997 ||
	||  0.00657 |  0.79762 |  0.99994 |  0.99997 ||
	|| -0.00115 |  0.79900 |  0.99998 |  0.99999 ||
	||  0.00064 |  0.79760 |  0.99998 |  0.99999 ||
	||-------------------------------------------||

	||------------------------------------------------------------------------------------------||
	||                                     INPUT CORRELATION                                    ||
	||------------------------------------------------------------------------------------------||
	||  1.00000 | 0.16100 | 0.24500 | 0.35200 | 0.25900 | 0.16600 | 0.00300 | 0.03800 | 0.11400 ||
	||  0.16100 | 1.00000 | 0.00000 | 0.00000 | 0.00000 | 0.00000 | 0.00000 | 0.00000 | 0.00000 ||
	||  0.24500 | 0.00000 | 1.00000 | 0.00000 | 0.00000 | 0.00000 | 0.00000 | 0.00000 | 0.00000 ||
	||  0.35200 | 0.00000 | 0.00000 | 1.00000 | 0.00000 | 0.00000 | 0.00000 | 0.00000 | 0.00000 ||
	||  0.25900 | 0.00000 | 0.00000 | 0.00000 | 1.00000 | 0.00000 | 0.00000 | 0.00000 | 0.00000 ||
	||  0.16600 | 0.00000 | 0.00000 | 0.00000 | 0.00000 | 1.00000 | 0.00000 | 0.00000 | 0.00000 ||
	||  0.00300 | 0.00000 | 0.00000 | 0.00000 | 0.00000 | 0.00000 | 1.00000 | 0.00000 | 0.00000 ||
	||  0.03800 | 0.00000 | 0.00000 | 0.00000 | 0.00000 | 0.00000 | 0.00000 | 1.00000 | 0.00000 ||
	||  0.11400 | 0.00000 | 0.00000 | 0.00000 | 0.00000 | 0.00000 | 0.00000 | 0.00000 | 1.00000 ||
	||------------------------------------------------------------------------------------------||

	||------------------------------------------------------------------------------------------||
	||                                    OUTPUT CORRELATION                                    ||
	||------------------------------------------------------------------------------------------||
	||  1.00000 | 0.16247 | 0.24927 | 0.35099 | 0.25985 | 0.16627 | 0.00763 | 0.03574 | 0.11530 ||
	||  0.16247 | 1.00000 |-0.00063 | 0.00206 |-0.00571 | 0.00219 | 0.00103 |-0.00159 |-0.00482 ||
	||  0.24927 |-0.00063 | 1.00000 |-0.00051 | 0.00596 |-0.00232 | 0.00700 |-0.00061 | 0.00748 ||
	||  0.35099 | 0.00206 |-0.00051 | 1.00000 |-0.00330 |-0.00462 | 0.01155 | 0.00702 | 0.00897 ||
	||  0.25985 |-0.00571 | 0.00596 |-0.00330 | 1.00000 | 0.00388 | 0.00548 |-0.00014 | 0.00257 ||
	||  0.16627 | 0.00219 |-0.00232 |-0.00462 | 0.00388 | 1.00000 | 0.00428 |-0.00255 | 0.00099 ||
	||  0.00763 | 0.00103 | 0.00700 | 0.01155 | 0.00548 | 0.00428 | 1.00000 |-0.01070 |-0.00016 ||
	||  0.03574 |-0.00159 |-0.00061 | 0.00702 |-0.00014 |-0.00255 |-0.01070 | 1.00000 | 0.00106 ||
	||  0.11530 |-0.00482 | 0.00748 | 0.00897 | 0.00257 | 0.00099 |-0.00016 | 0.00106 | 1.00000 ||
	||------------------------------------------------------------------------------------------||

	||------------------------------------------------------------------------------------------||
	||                                    OUTPUT COVARIANCE                                     ||
	||------------------------------------------------------------------------------------------||
	||  0.99996 | 0.16246 | 0.24926 | 0.35097 | 0.25984 | 0.16626 | 0.00763 | 0.03574 | 0.11529 ||
	||  0.16246 | 0.99995 |-0.00063 | 0.00206 |-0.00571 | 0.00219 | 0.00103 |-0.00159 |-0.00482 ||
	||  0.24926 |-0.00063 | 0.99998 |-0.00051 | 0.00596 |-0.00232 | 0.00700 |-0.00061 | 0.00748 ||
	||  0.35097 | 0.00206 |-0.00051 | 0.99998 |-0.00330 |-0.00462 | 0.01155 | 0.00702 | 0.00897 ||
	||  0.25984 |-0.00571 | 0.00596 |-0.00330 | 0.99998 | 0.00388 | 0.00548 |-0.00014 | 0.00257 ||
	||  0.16626 | 0.00219 |-0.00232 |-0.00462 | 0.00388 | 0.99995 | 0.00428 |-0.00255 | 0.00099 ||
	||  0.00763 | 0.00103 | 0.00700 | 0.01155 | 0.00548 | 0.00428 | 0.99994 |-0.01070 |-0.00016 ||
	||  0.03574 |-0.00159 |-0.00061 | 0.00702 |-0.00014 |-0.00255 |-0.01070 | 0.99998 | 0.00106 ||
	||  0.11529 |-0.00482 | 0.00748 | 0.00897 | 0.00257 | 0.00099 |-0.00016 | 0.00106 | 0.99998 ||
	||------------------------------------------------------------------------------------------||

</pre>
</span>
</div>
</div>
<div id="footer">
<p>
<div>
<label class="hidden" id="label-for-line-wrapping-toggle" for="line-wrapping-toggle">Wrap lines
<input id="line-wrapping-toggle" type="checkbox" autocomplete="off"/>
</label>
</div>Generated by 
<a href="http://www.gradle.org">Gradle 3.5</a> at Mar 29, 2019 8:13:12 PM</p>
</div>
</div>
</body>
</html>
