<!DOCTYPE html>
<html>
<head>
<meta http-equiv="Content-Type" content="text/html; charset=utf-8"/>
<meta http-equiv="x-ua-compatible" content="IE=edge"/>
<title>Test results - Class org.drip.coverage.sequence.Statistics</title>
<link href="../css/base-style.css" rel="stylesheet" type="text/css"/>
<link href="../css/style.css" rel="stylesheet" type="text/css"/>
<script src="../js/report.js" type="text/javascript"></script>
</head>
<body>
<div id="content">
<h1>Class org.drip.coverage.sequence.Statistics</h1>
<div class="breadcrumbs">
<a href="../index.html">all</a> &gt; 
<a href="../packages/org.drip.coverage.sequence.html">org.drip.coverage.sequence</a> &gt; Statistics</div>
<div id="summary">
<table>
<tr>
<td>
<div class="summaryGroup">
<table>
<tr>
<td>
<div class="infoBox" id="tests">
<div class="counter">1</div>
<p>tests</p>
</div>
</td>
<td>
<div class="infoBox" id="failures">
<div class="counter">0</div>
<p>failures</p>
</div>
</td>
<td>
<div class="infoBox" id="ignored">
<div class="counter">0</div>
<p>ignored</p>
</div>
</td>
<td>
<div class="infoBox" id="duration">
<div class="counter">9.872s</div>
<p>duration</p>
</div>
</td>
</tr>
</table>
</div>
</td>
<td>
<div class="infoBox success" id="successRate">
<div class="percent">100%</div>
<p>successful</p>
</div>
</td>
</tr>
</table>
</div>
<div id="tabs">
<ul class="tabLinks">
<li>
<a href="#tab0">Tests</a>
</li>
<li>
<a href="#tab1">Standard output</a>
</li>
</ul>
<div id="tab0" class="tab">
<h2>Tests</h2>
<table>
<thead>
<tr>
<th>Test</th>
<th>Duration</th>
<th>Result</th>
</tr>
</thead>
<tr>
<td class="success">codeCoverageTest</td>
<td>9.872s</td>
<td class="success">passed</td>
</tr>
</table>
</div>
<div id="tab1" class="tab">
<h2>Standard output</h2>
<span class="code">
<pre>
	|-----------------------------------------------------------------|
	|    Copyright (C) 2011-2019 (DRIP, DROP)
	|-----------------------------------------------------------------|
	|    Build Version  =&gt; 4.39.0 multi mode
	|    Build JVM (TM) =&gt; 1.8.0_112
	|    Build Snap     =&gt; Fri Oct 25 22:16:27 EST 2019
	|    Start Time     =&gt; Sat Oct 26 12:42:56 EDT 2019
	|    Setup Time     =&gt; Sat Oct 26 12:42:56 EDT 2019
	|    Setup Duration =&gt; 0 ms
	|-----------------------------------------------------------------|


	||-------------------------------------------||
	||                R^1 METRICS                ||
	||-------------------------------------------||
	||    L -&gt; R:                                ||
	||            - Mean                         ||
	||            - Error                        ||
	||            - Variance                     ||
	||            - Standard Deviation           ||
	||-------------------------------------------||
	|| -0.00421 |  0.79673 |  0.99654 |  0.99827 ||
	|| -0.00104 |  0.79797 |  1.00167 |  1.00083 ||
	|| -0.00039 |  0.79798 |  1.00043 |  1.00021 ||
	|| -0.01216 |  0.80264 |  1.01009 |  1.00503 ||
	||  0.00101 |  0.79919 |  1.00665 |  1.00332 ||
	||  0.00184 |  0.79081 |  0.98410 |  0.99202 ||
	||  0.00080 |  0.79695 |  0.99766 |  0.99883 ||
	||  0.00347 |  0.80047 |  1.00480 |  1.00240 ||
	|| -0.00005 |  0.79165 |  0.98256 |  0.99124 ||
	||-------------------------------------------||

	||------------------------------------------------------------------------------------------||
	||                                     INPUT CORRELATION                                    ||
	||------------------------------------------------------------------------------------------||
	||  1.00000 | 0.16100 | 0.24500 | 0.35200 | 0.25900 | 0.16600 | 0.00300 | 0.03800 | 0.11400 ||
	||  0.16100 | 1.00000 | 0.00000 | 0.00000 | 0.00000 | 0.00000 | 0.00000 | 0.00000 | 0.00000 ||
	||  0.24500 | 0.00000 | 1.00000 | 0.00000 | 0.00000 | 0.00000 | 0.00000 | 0.00000 | 0.00000 ||
	||  0.35200 | 0.00000 | 0.00000 | 1.00000 | 0.00000 | 0.00000 | 0.00000 | 0.00000 | 0.00000 ||
	||  0.25900 | 0.00000 | 0.00000 | 0.00000 | 1.00000 | 0.00000 | 0.00000 | 0.00000 | 0.00000 ||
	||  0.16600 | 0.00000 | 0.00000 | 0.00000 | 0.00000 | 1.00000 | 0.00000 | 0.00000 | 0.00000 ||
	||  0.00300 | 0.00000 | 0.00000 | 0.00000 | 0.00000 | 0.00000 | 1.00000 | 0.00000 | 0.00000 ||
	||  0.03800 | 0.00000 | 0.00000 | 0.00000 | 0.00000 | 0.00000 | 0.00000 | 1.00000 | 0.00000 ||
	||  0.11400 | 0.00000 | 0.00000 | 0.00000 | 0.00000 | 0.00000 | 0.00000 | 0.00000 | 1.00000 ||
	||------------------------------------------------------------------------------------------||

	||------------------------------------------------------------------------------------------||
	||                                    OUTPUT CORRELATION                                    ||
	||------------------------------------------------------------------------------------------||
	||  1.00000 | 0.16639 | 0.24825 | 0.35675 | 0.24940 | 0.16180 | 0.00285 | 0.05105 | 0.10995 ||
	||  0.16639 | 1.00000 | 0.00444 | 0.00545 |-0.00540 | 0.00106 | 0.00289 | 0.00100 |-0.00287 ||
	||  0.24825 | 0.00444 | 1.00000 | 0.00628 |-0.01045 |-0.00437 | 0.00146 | 0.00170 | 0.00568 ||
	||  0.35675 | 0.00545 | 0.00628 | 1.00000 |-0.00996 | 0.00117 |-0.00063 | 0.00560 | 0.00085 ||
	||  0.24940 |-0.00540 |-0.01045 |-0.00996 | 1.00000 | 0.00422 | 0.00595 | 0.00173 |-0.00210 ||
	||  0.16180 | 0.00106 |-0.00437 | 0.00117 | 0.00422 | 1.00000 |-0.00302 | 0.00709 | 0.00298 ||
	||  0.00285 | 0.00289 | 0.00146 |-0.00063 | 0.00595 |-0.00302 | 1.00000 |-0.00125 |-0.00173 ||
	||  0.05105 | 0.00100 | 0.00170 | 0.00560 | 0.00173 | 0.00709 |-0.00125 | 1.00000 |-0.00664 ||
	||  0.10995 |-0.00287 | 0.00568 | 0.00085 |-0.00210 | 0.00298 |-0.00173 |-0.00664 | 1.00000 ||
	||------------------------------------------------------------------------------------------||

	||------------------------------------------------------------------------------------------||
	||                                    OUTPUT COVARIANCE                                     ||
	||------------------------------------------------------------------------------------------||
	||  0.99654 | 0.16624 | 0.24787 | 0.35793 | 0.24980 | 0.16023 | 0.00284 | 0.05108 | 0.10880 ||
	||  0.16624 | 1.00167 | 0.00444 | 0.00549 |-0.00542 | 0.00105 | 0.00289 | 0.00100 |-0.00285 ||
	||  0.24787 | 0.00444 | 1.00043 | 0.00632 |-0.01048 |-0.00434 | 0.00146 | 0.00171 | 0.00563 ||
	||  0.35793 | 0.00549 | 0.00632 | 1.01009 |-0.01005 | 0.00116 |-0.00063 | 0.00564 | 0.00085 ||
	||  0.24980 |-0.00542 |-0.01048 |-0.01005 | 1.00665 | 0.00420 | 0.00596 | 0.00174 |-0.00209 ||
	||  0.16023 | 0.00105 |-0.00434 | 0.00116 | 0.00420 | 0.98410 |-0.00299 | 0.00705 | 0.00293 ||
	||  0.00284 | 0.00289 | 0.00146 |-0.00063 | 0.00596 |-0.00299 | 0.99766 |-0.00125 |-0.00171 ||
	||  0.05108 | 0.00100 | 0.00171 | 0.00564 | 0.00174 | 0.00705 |-0.00125 | 1.00480 |-0.00659 ||
	||  0.10880 |-0.00285 | 0.00563 | 0.00085 |-0.00209 | 0.00293 |-0.00171 |-0.00659 | 0.98256 ||
	||------------------------------------------------------------------------------------------||


	|-----------------------------------------------------------------|
	|    Copyright (C) 2011-2019 (DRIP, DROP)
	|-----------------------------------------------------------------|
	|    Build Version  =&gt; 4.39.0 multi mode
	|    Build JVM (TM) =&gt; 1.8.0_112
	|    Build Snap     =&gt; Fri Oct 25 22:16:27 EST 2019
	|    Start Time     =&gt; Sat Oct 26 12:42:59 EDT 2019
	|    Setup Time     =&gt; Sat Oct 26 12:42:59 EDT 2019
	|    Setup Duration =&gt; 0 ms
	|-----------------------------------------------------------------|


	||-------------------------------------------||
	||                R^1 METRICS                ||
	||-------------------------------------------||
	||    L -&gt; R:                                ||
	||            - Mean                         ||
	||            - Error                        ||
	||            - Variance                     ||
	||            - Standard Deviation           ||
	||-------------------------------------------||
	|| -0.00023 |  0.80062 |  1.00666 |  1.00333 ||
	|| -0.00129 |  0.79372 |  0.99208 |  0.99603 ||
	||  0.00000 |  0.79541 |  0.99268 |  0.99633 ||
	|| -0.00104 |  0.79265 |  0.98532 |  0.99263 ||
	||  0.00255 |  0.79794 |  0.99683 |  0.99841 ||
	||  0.00431 |  0.80067 |  1.00739 |  1.00369 ||
	|| -0.00098 |  0.79959 |  0.99837 |  0.99919 ||
	||  0.00089 |  0.79555 |  0.99835 |  0.99917 ||
	|| -0.00136 |  0.79580 |  0.99918 |  0.99959 ||
	||-------------------------------------------||

	||------------------------------------------------------------------------------------------||
	||                                     INPUT CORRELATION                                    ||
	||------------------------------------------------------------------------------------------||
	||  1.00000 | 0.16100 | 0.24500 | 0.35200 | 0.25900 | 0.16600 | 0.00300 | 0.03800 | 0.11400 ||
	||  0.16100 | 1.00000 | 0.00000 | 0.00000 | 0.00000 | 0.00000 | 0.00000 | 0.00000 | 0.00000 ||
	||  0.24500 | 0.00000 | 1.00000 | 0.00000 | 0.00000 | 0.00000 | 0.00000 | 0.00000 | 0.00000 ||
	||  0.35200 | 0.00000 | 0.00000 | 1.00000 | 0.00000 | 0.00000 | 0.00000 | 0.00000 | 0.00000 ||
	||  0.25900 | 0.00000 | 0.00000 | 0.00000 | 1.00000 | 0.00000 | 0.00000 | 0.00000 | 0.00000 ||
	||  0.16600 | 0.00000 | 0.00000 | 0.00000 | 0.00000 | 1.00000 | 0.00000 | 0.00000 | 0.00000 ||
	||  0.00300 | 0.00000 | 0.00000 | 0.00000 | 0.00000 | 0.00000 | 1.00000 | 0.00000 | 0.00000 ||
	||  0.03800 | 0.00000 | 0.00000 | 0.00000 | 0.00000 | 0.00000 | 0.00000 | 1.00000 | 0.00000 ||
	||  0.11400 | 0.00000 | 0.00000 | 0.00000 | 0.00000 | 0.00000 | 0.00000 | 0.00000 | 1.00000 ||
	||------------------------------------------------------------------------------------------||

	||------------------------------------------------------------------------------------------||
	||                                    OUTPUT CORRELATION                                    ||
	||------------------------------------------------------------------------------------------||
	||  1.00000 | 0.15528 | 0.24599 | 0.35019 | 0.25536 | 0.17077 | 0.00567 | 0.03989 | 0.10186 ||
	||  0.15528 | 1.00000 |-0.00523 |-0.00227 | 0.00480 |-0.00657 | 0.00212 | 0.00227 |-0.00241 ||
	||  0.24599 |-0.00523 | 1.00000 | 0.00823 |-0.00452 |-0.00042 |-0.00116 | 0.00298 | 0.00007 ||
	||  0.35019 |-0.00227 | 0.00823 | 1.00000 |-0.00395 |-0.00317 |-0.00155 |-0.00308 |-0.01302 ||
	||  0.25536 | 0.00480 |-0.00452 |-0.00395 | 1.00000 | 0.00328 | 0.00223 | 0.00295 |-0.00955 ||
	||  0.17077 |-0.00657 |-0.00042 |-0.00317 | 0.00328 | 1.00000 | 0.01001 | 0.00206 |-0.00149 ||
	||  0.00567 | 0.00212 |-0.00116 |-0.00155 | 0.00223 | 0.01001 | 1.00000 | 0.00303 | 0.00612 ||
	||  0.03989 | 0.00227 | 0.00298 |-0.00308 | 0.00295 | 0.00206 | 0.00303 | 1.00000 | 0.00554 ||
	||  0.10186 |-0.00241 | 0.00007 |-0.01302 |-0.00955 |-0.00149 | 0.00612 | 0.00554 | 1.00000 ||
	||------------------------------------------------------------------------------------------||

	||------------------------------------------------------------------------------------------||
	||                                    OUTPUT COVARIANCE                                     ||
	||------------------------------------------------------------------------------------------||
	||  1.00666 | 0.15518 | 0.24591 | 0.34877 | 0.25580 | 0.17197 | 0.00569 | 0.03999 | 0.10216 ||
	||  0.15518 | 0.99208 |-0.00519 |-0.00225 | 0.00477 |-0.00656 | 0.00211 | 0.00226 |-0.00239 ||
	||  0.24591 |-0.00519 | 0.99268 | 0.00814 |-0.00449 |-0.00042 |-0.00116 | 0.00297 | 0.00007 ||
	||  0.34877 |-0.00225 | 0.00814 | 0.98532 |-0.00391 |-0.00316 |-0.00153 |-0.00305 |-0.01291 ||
	||  0.25580 | 0.00477 |-0.00449 |-0.00391 | 0.99683 | 0.00329 | 0.00222 | 0.00295 |-0.00953 ||
	||  0.17197 |-0.00656 |-0.00042 |-0.00316 | 0.00329 | 1.00739 | 0.01003 | 0.00207 |-0.00149 ||
	||  0.00569 | 0.00211 |-0.00116 |-0.00153 | 0.00222 | 0.01003 | 0.99837 | 0.00303 | 0.00611 ||
	||  0.03999 | 0.00226 | 0.00297 |-0.00305 | 0.00295 | 0.00207 | 0.00303 | 0.99835 | 0.00554 ||
	||  0.10216 |-0.00239 | 0.00007 |-0.01291 |-0.00953 |-0.00149 | 0.00611 | 0.00554 | 0.99918 ||
	||------------------------------------------------------------------------------------------||


	|-----------------------------------------------------------------|
	|    Copyright (C) 2011-2019 (DRIP, DROP)
	|-----------------------------------------------------------------|
	|    Build Version  =&gt; 4.39.0 multi mode
	|    Build JVM (TM) =&gt; 1.8.0_112
	|    Build Snap     =&gt; Fri Oct 25 22:16:27 EST 2019
	|    Start Time     =&gt; Sat Oct 26 12:43:01 EDT 2019
	|    Setup Time     =&gt; Sat Oct 26 12:43:01 EDT 2019
	|    Setup Duration =&gt; 0 ms
	|-----------------------------------------------------------------|


	||-------------------------------------------||
	||                R^1 METRICS                ||
	||-------------------------------------------||
	||    L -&gt; R:                                ||
	||            - Mean                         ||
	||            - Error                        ||
	||            - Variance                     ||
	||            - Standard Deviation           ||
	||-------------------------------------------||
	|| -0.00139 |  0.79669 |  1.00000 |  1.00000 ||
	|| -0.00426 |  0.79789 |  0.99998 |  0.99999 ||
	||  0.00391 |  0.79752 |  0.99998 |  0.99999 ||
	|| -0.00154 |  0.79884 |  1.00000 |  1.00000 ||
	|| -0.00020 |  0.79774 |  1.00000 |  1.00000 ||
	||  0.00641 |  0.79817 |  0.99996 |  0.99998 ||
	||  0.00419 |  0.79928 |  0.99998 |  0.99999 ||
	|| -0.00531 |  0.79886 |  0.99997 |  0.99999 ||
	|| -0.00506 |  0.79671 |  0.99997 |  0.99999 ||
	||-------------------------------------------||

	||------------------------------------------------------------------------------------------||
	||                                     INPUT CORRELATION                                    ||
	||------------------------------------------------------------------------------------------||
	||  1.00000 | 0.16100 | 0.24500 | 0.35200 | 0.25900 | 0.16600 | 0.00300 | 0.03800 | 0.11400 ||
	||  0.16100 | 1.00000 | 0.00000 | 0.00000 | 0.00000 | 0.00000 | 0.00000 | 0.00000 | 0.00000 ||
	||  0.24500 | 0.00000 | 1.00000 | 0.00000 | 0.00000 | 0.00000 | 0.00000 | 0.00000 | 0.00000 ||
	||  0.35200 | 0.00000 | 0.00000 | 1.00000 | 0.00000 | 0.00000 | 0.00000 | 0.00000 | 0.00000 ||
	||  0.25900 | 0.00000 | 0.00000 | 0.00000 | 1.00000 | 0.00000 | 0.00000 | 0.00000 | 0.00000 ||
	||  0.16600 | 0.00000 | 0.00000 | 0.00000 | 0.00000 | 1.00000 | 0.00000 | 0.00000 | 0.00000 ||
	||  0.00300 | 0.00000 | 0.00000 | 0.00000 | 0.00000 | 0.00000 | 1.00000 | 0.00000 | 0.00000 ||
	||  0.03800 | 0.00000 | 0.00000 | 0.00000 | 0.00000 | 0.00000 | 0.00000 | 1.00000 | 0.00000 ||
	||  0.11400 | 0.00000 | 0.00000 | 0.00000 | 0.00000 | 0.00000 | 0.00000 | 0.00000 | 1.00000 ||
	||------------------------------------------------------------------------------------------||

	||------------------------------------------------------------------------------------------||
	||                                    OUTPUT CORRELATION                                    ||
	||------------------------------------------------------------------------------------------||
	||  1.00000 | 0.16011 | 0.24639 | 0.34769 | 0.26316 | 0.16699 | 0.00053 | 0.03439 | 0.11370 ||
	||  0.16011 | 1.00000 | 0.00506 | 0.00184 |-0.00501 | 0.00198 |-0.00476 |-0.00261 |-0.00290 ||
	||  0.24639 | 0.00506 | 1.00000 |-0.00269 | 0.00454 |-0.00176 |-0.00114 | 0.00065 | 0.00361 ||
	||  0.34769 | 0.00184 |-0.00269 | 1.00000 |-0.01284 | 0.00686 |-0.00528 | 0.00507 |-0.00135 ||
	||  0.26316 |-0.00501 | 0.00454 |-0.01284 | 1.00000 |-0.00046 |-0.00076 |-0.00174 | 0.00823 ||
	||  0.16699 | 0.00198 |-0.00176 | 0.00686 |-0.00046 | 1.00000 | 0.00120 |-0.00608 | 0.00169 ||
	||  0.00053 |-0.00476 |-0.00114 |-0.00528 |-0.00076 | 0.00120 | 1.00000 |-0.00108 | 0.00931 ||
	||  0.03439 |-0.00261 | 0.00065 | 0.00507 |-0.00174 |-0.00608 |-0.00108 | 1.00000 |-0.00002 ||
	||  0.11370 |-0.00290 | 0.00361 |-0.00135 | 0.00823 | 0.00169 | 0.00931 |-0.00002 | 1.00000 ||
	||------------------------------------------------------------------------------------------||

	||------------------------------------------------------------------------------------------||
	||                                    OUTPUT COVARIANCE                                     ||
	||------------------------------------------------------------------------------------------||
	||  1.00000 | 0.16011 | 0.24638 | 0.34769 | 0.26316 | 0.16699 | 0.00053 | 0.03439 | 0.11370 ||
	||  0.16011 | 0.99998 | 0.00506 | 0.00184 |-0.00501 | 0.00198 |-0.00476 |-0.00261 |-0.00290 ||
	||  0.24638 | 0.00506 | 0.99998 |-0.00269 | 0.00454 |-0.00176 |-0.00114 | 0.00065 | 0.00361 ||
	||  0.34769 | 0.00184 |-0.00269 | 1.00000 |-0.01284 | 0.00686 |-0.00528 | 0.00507 |-0.00135 ||
	||  0.26316 |-0.00501 | 0.00454 |-0.01284 | 1.00000 |-0.00046 |-0.00076 |-0.00174 | 0.00823 ||
	||  0.16699 | 0.00198 |-0.00176 | 0.00686 |-0.00046 | 0.99996 | 0.00120 |-0.00608 | 0.00169 ||
	||  0.00053 |-0.00476 |-0.00114 |-0.00528 |-0.00076 | 0.00120 | 0.99998 |-0.00108 | 0.00931 ||
	||  0.03439 |-0.00261 | 0.00065 | 0.00507 |-0.00174 |-0.00608 |-0.00108 | 0.99997 |-0.00002 ||
	||  0.11370 |-0.00290 | 0.00361 |-0.00135 | 0.00823 | 0.00169 | 0.00931 |-0.00002 | 0.99997 ||
	||------------------------------------------------------------------------------------------||


	|-----------------------------------------------------------------|
	|    Copyright (C) 2011-2019 (DRIP, DROP)
	|-----------------------------------------------------------------|
	|    Build Version  =&gt; 4.39.0 multi mode
	|    Build JVM (TM) =&gt; 1.8.0_112
	|    Build Snap     =&gt; Fri Oct 25 22:16:27 EST 2019
	|    Start Time     =&gt; Sat Oct 26 12:43:03 EDT 2019
	|    Setup Time     =&gt; Sat Oct 26 12:43:03 EDT 2019
	|    Setup Duration =&gt; 0 ms
	|-----------------------------------------------------------------|


	||-------------------------------------------||
	||                R^1 METRICS                ||
	||-------------------------------------------||
	||    L -&gt; R:                                ||
	||            - Mean                         ||
	||            - Error                        ||
	||            - Variance                     ||
	||            - Standard Deviation           ||
	||-------------------------------------------||
	|| -0.00250 |  0.79831 |  0.99997 |  0.99999 ||
	|| -0.00002 |  0.79787 |  0.99998 |  0.99999 ||
	|| -0.00551 |  0.79834 |  0.99995 |  0.99997 ||
	||  0.00457 |  0.79782 |  0.99996 |  0.99998 ||
	||  0.00475 |  0.79886 |  0.99996 |  0.99998 ||
	|| -0.00601 |  0.79889 |  0.99994 |  0.99997 ||
	|| -0.00875 |  0.79874 |  0.99990 |  0.99995 ||
	|| -0.00397 |  0.79774 |  0.99996 |  0.99998 ||
	|| -0.00313 |  0.79885 |  0.99997 |  0.99999 ||
	||-------------------------------------------||

	||------------------------------------------------------------------------------------------||
	||                                     INPUT CORRELATION                                    ||
	||------------------------------------------------------------------------------------------||
	||  1.00000 | 0.16100 | 0.24500 | 0.35200 | 0.25900 | 0.16600 | 0.00300 | 0.03800 | 0.11400 ||
	||  0.16100 | 1.00000 | 0.00000 | 0.00000 | 0.00000 | 0.00000 | 0.00000 | 0.00000 | 0.00000 ||
	||  0.24500 | 0.00000 | 1.00000 | 0.00000 | 0.00000 | 0.00000 | 0.00000 | 0.00000 | 0.00000 ||
	||  0.35200 | 0.00000 | 0.00000 | 1.00000 | 0.00000 | 0.00000 | 0.00000 | 0.00000 | 0.00000 ||
	||  0.25900 | 0.00000 | 0.00000 | 0.00000 | 1.00000 | 0.00000 | 0.00000 | 0.00000 | 0.00000 ||
	||  0.16600 | 0.00000 | 0.00000 | 0.00000 | 0.00000 | 1.00000 | 0.00000 | 0.00000 | 0.00000 ||
	||  0.00300 | 0.00000 | 0.00000 | 0.00000 | 0.00000 | 0.00000 | 1.00000 | 0.00000 | 0.00000 ||
	||  0.03800 | 0.00000 | 0.00000 | 0.00000 | 0.00000 | 0.00000 | 0.00000 | 1.00000 | 0.00000 ||
	||  0.11400 | 0.00000 | 0.00000 | 0.00000 | 0.00000 | 0.00000 | 0.00000 | 0.00000 | 1.00000 ||
	||------------------------------------------------------------------------------------------||

	||------------------------------------------------------------------------------------------||
	||                                    OUTPUT CORRELATION                                    ||
	||------------------------------------------------------------------------------------------||
	||  1.00000 | 0.16747 | 0.24879 | 0.34497 | 0.26266 | 0.16842 | 0.00372 | 0.03992 | 0.10976 ||
	||  0.16747 | 1.00000 |-0.00128 | 0.00239 | 0.00392 | 0.00483 |-0.00647 |-0.00287 | 0.00357 ||
	||  0.24879 |-0.00128 | 1.00000 |-0.00189 | 0.00200 | 0.00632 | 0.00409 | 0.00379 |-0.00602 ||
	||  0.34497 | 0.00239 |-0.00189 | 1.00000 | 0.00213 |-0.00226 |-0.00577 | 0.00521 |-0.00067 ||
	||  0.26266 | 0.00392 | 0.00200 | 0.00213 | 1.00000 |-0.00138 |-0.00336 | 0.00029 | 0.00340 ||
	||  0.16842 | 0.00483 | 0.00632 |-0.00226 |-0.00138 | 1.00000 |-0.00836 | 0.00009 |-0.00013 ||
	||  0.00372 |-0.00647 | 0.00409 |-0.00577 |-0.00336 |-0.00836 | 1.00000 | 0.00148 | 0.00294 ||
	||  0.03992 |-0.00287 | 0.00379 | 0.00521 | 0.00029 | 0.00009 | 0.00148 | 1.00000 | 0.00068 ||
	||  0.10976 | 0.00357 |-0.00602 |-0.00067 | 0.00340 |-0.00013 | 0.00294 | 0.00068 | 1.00000 ||
	||------------------------------------------------------------------------------------------||

	||------------------------------------------------------------------------------------------||
	||                                    OUTPUT COVARIANCE                                     ||
	||------------------------------------------------------------------------------------------||
	||  0.99997 | 0.16746 | 0.24878 | 0.34496 | 0.26265 | 0.16841 | 0.00372 | 0.03992 | 0.10976 ||
	||  0.16746 | 0.99998 |-0.00128 | 0.00239 | 0.00392 | 0.00483 |-0.00647 |-0.00287 | 0.00357 ||
	||  0.24878 |-0.00128 | 0.99995 |-0.00189 | 0.00200 | 0.00632 | 0.00409 | 0.00379 |-0.00602 ||
	||  0.34496 | 0.00239 |-0.00189 | 0.99996 | 0.00213 |-0.00226 |-0.00577 | 0.00521 |-0.00067 ||
	||  0.26265 | 0.00392 | 0.00200 | 0.00213 | 0.99996 |-0.00138 |-0.00336 | 0.00029 | 0.00340 ||
	||  0.16841 | 0.00483 | 0.00632 |-0.00226 |-0.00138 | 0.99994 |-0.00836 | 0.00009 |-0.00013 ||
	||  0.00372 |-0.00647 | 0.00409 |-0.00577 |-0.00336 |-0.00836 | 0.99990 | 0.00148 | 0.00294 ||
	||  0.03992 |-0.00287 | 0.00379 | 0.00521 | 0.00029 | 0.00009 | 0.00148 | 0.99996 | 0.00068 ||
	||  0.10976 | 0.00357 |-0.00602 |-0.00067 | 0.00340 |-0.00013 | 0.00294 | 0.00068 | 0.99997 ||
	||------------------------------------------------------------------------------------------||

</pre>
</span>
</div>
</div>
<div id="footer">
<p>
<div>
<label class="hidden" id="label-for-line-wrapping-toggle" for="line-wrapping-toggle">Wrap lines
<input id="line-wrapping-toggle" type="checkbox" autocomplete="off"/>
</label>
</div>Generated by 
<a href="http://www.gradle.org">Gradle 3.5</a> at Oct 26, 2019 1:58:46 PM</p>
</div>
</div>
</body>
</html>
