<!DOCTYPE html>
<html>
<head>
<meta http-equiv="Content-Type" content="text/html; charset=utf-8"/>
<meta http-equiv="x-ua-compatible" content="IE=edge"/>
<title>Test results - Class org.drip.coverage.sequence.Statistics</title>
<link href="../css/base-style.css" rel="stylesheet" type="text/css"/>
<link href="../css/style.css" rel="stylesheet" type="text/css"/>
<script src="../js/report.js" type="text/javascript"></script>
</head>
<body>
<div id="content">
<h1>Class org.drip.coverage.sequence.Statistics</h1>
<div class="breadcrumbs">
<a href="../index.html">all</a> &gt; 
<a href="../packages/org.drip.coverage.sequence.html">org.drip.coverage.sequence</a> &gt; Statistics</div>
<div id="summary">
<table>
<tr>
<td>
<div class="summaryGroup">
<table>
<tr>
<td>
<div class="infoBox" id="tests">
<div class="counter">1</div>
<p>tests</p>
</div>
</td>
<td>
<div class="infoBox" id="failures">
<div class="counter">0</div>
<p>failures</p>
</div>
</td>
<td>
<div class="infoBox" id="ignored">
<div class="counter">0</div>
<p>ignored</p>
</div>
</td>
<td>
<div class="infoBox" id="duration">
<div class="counter">9.717s</div>
<p>duration</p>
</div>
</td>
</tr>
</table>
</div>
</td>
<td>
<div class="infoBox success" id="successRate">
<div class="percent">100%</div>
<p>successful</p>
</div>
</td>
</tr>
</table>
</div>
<div id="tabs">
<ul class="tabLinks">
<li>
<a href="#tab0">Tests</a>
</li>
<li>
<a href="#tab1">Standard output</a>
</li>
</ul>
<div id="tab0" class="tab">
<h2>Tests</h2>
<table>
<thead>
<tr>
<th>Test</th>
<th>Duration</th>
<th>Result</th>
</tr>
</thead>
<tr>
<td class="success">codeCoverageTest</td>
<td>9.717s</td>
<td class="success">passed</td>
</tr>
</table>
</div>
<div id="tab1" class="tab">
<h2>Standard output</h2>
<span class="code">
<pre>
	|-----------------------------------------------------------------|
	|    Copyright (C) 2011-2019 (DRIP, DROP)
	|-----------------------------------------------------------------|
	|    Build Version  =&gt; 4.07.0 multi mode
	|    Build JVM (TM) =&gt; 1.8.0_112
	|    Build Snap     =&gt; Sat Mar 02 17:16:00 EST 2019
	|    Start Time     =&gt; Sat Mar 02 20:34:49 EST 2019
	|    Setup Time     =&gt; Sat Mar 02 20:34:49 EST 2019
	|    Setup Duration =&gt; 0 ms
	|-----------------------------------------------------------------|


	||-------------------------------------------||
	||                R^1 METRICS                ||
	||-------------------------------------------||
	||    L -&gt; R:                                ||
	||            - Mean                         ||
	||            - Error                        ||
	||            - Variance                     ||
	||            - Standard Deviation           ||
	||-------------------------------------------||
	|| -0.00285 |  0.79314 |  0.98739 |  0.99368 ||
	||  0.00621 |  0.79570 |  0.99745 |  0.99872 ||
	||  0.00021 |  0.79978 |  1.01176 |  1.00586 ||
	||  0.00070 |  0.79706 |  0.99918 |  0.99959 ||
	|| -0.00370 |  0.79236 |  0.98532 |  0.99263 ||
	|| -0.00382 |  0.79757 |  1.00090 |  1.00045 ||
	|| -0.00214 |  0.79616 |  0.99754 |  0.99877 ||
	|| -0.00632 |  0.79849 |  1.00481 |  1.00240 ||
	||  0.01247 |  0.79313 |  0.98645 |  0.99320 ||
	||-------------------------------------------||

	||------------------------------------------------------------------------------------------||
	||                                     INPUT CORRELATION                                    ||
	||------------------------------------------------------------------------------------------||
	||  1.00000 | 0.16100 | 0.24500 | 0.35200 | 0.25900 | 0.16600 | 0.00300 | 0.03800 | 0.11400 ||
	||  0.16100 | 1.00000 | 0.00000 | 0.00000 | 0.00000 | 0.00000 | 0.00000 | 0.00000 | 0.00000 ||
	||  0.24500 | 0.00000 | 1.00000 | 0.00000 | 0.00000 | 0.00000 | 0.00000 | 0.00000 | 0.00000 ||
	||  0.35200 | 0.00000 | 0.00000 | 1.00000 | 0.00000 | 0.00000 | 0.00000 | 0.00000 | 0.00000 ||
	||  0.25900 | 0.00000 | 0.00000 | 0.00000 | 1.00000 | 0.00000 | 0.00000 | 0.00000 | 0.00000 ||
	||  0.16600 | 0.00000 | 0.00000 | 0.00000 | 0.00000 | 1.00000 | 0.00000 | 0.00000 | 0.00000 ||
	||  0.00300 | 0.00000 | 0.00000 | 0.00000 | 0.00000 | 0.00000 | 1.00000 | 0.00000 | 0.00000 ||
	||  0.03800 | 0.00000 | 0.00000 | 0.00000 | 0.00000 | 0.00000 | 0.00000 | 1.00000 | 0.00000 ||
	||  0.11400 | 0.00000 | 0.00000 | 0.00000 | 0.00000 | 0.00000 | 0.00000 | 0.00000 | 1.00000 ||
	||------------------------------------------------------------------------------------------||

	||------------------------------------------------------------------------------------------||
	||                                    OUTPUT CORRELATION                                    ||
	||------------------------------------------------------------------------------------------||
	||  1.00000 | 0.16109 | 0.24615 | 0.34782 | 0.25623 | 0.15721 | 0.00408 | 0.03611 | 0.11396 ||
	||  0.16109 | 1.00000 |-0.00140 | 0.00456 | 0.00112 |-0.00228 | 0.00551 | 0.00235 | 0.00230 ||
	||  0.24615 |-0.00140 | 1.00000 |-0.00119 |-0.00339 | 0.00361 |-0.00691 | 0.00019 | 0.00719 ||
	||  0.34782 | 0.00456 |-0.00119 | 1.00000 |-0.00295 |-0.00443 | 0.00050 |-0.00061 | 0.00286 ||
	||  0.25623 | 0.00112 |-0.00339 |-0.00295 | 1.00000 |-0.00060 | 0.00637 | 0.00246 |-0.00347 ||
	||  0.15721 |-0.00228 | 0.00361 |-0.00443 |-0.00060 | 1.00000 | 0.00167 | 0.00100 |-0.00011 ||
	||  0.00408 | 0.00551 |-0.00691 | 0.00050 | 0.00637 | 0.00167 | 1.00000 |-0.00093 |-0.00055 ||
	||  0.03611 | 0.00235 | 0.00019 |-0.00061 | 0.00246 | 0.00100 |-0.00093 | 1.00000 | 0.00404 ||
	||  0.11396 | 0.00230 | 0.00719 | 0.00286 |-0.00347 |-0.00011 |-0.00055 | 0.00404 | 1.00000 ||
	||------------------------------------------------------------------------------------------||

	||------------------------------------------------------------------------------------------||
	||                                    OUTPUT COVARIANCE                                     ||
	||------------------------------------------------------------------------------------------||
	||  0.98739 | 0.15986 | 0.24602 | 0.34548 | 0.25274 | 0.15629 | 0.00405 | 0.03597 | 0.11247 ||
	||  0.15986 | 0.99745 |-0.00141 | 0.00456 | 0.00111 |-0.00228 | 0.00549 | 0.00235 | 0.00228 ||
	||  0.24602 |-0.00141 | 1.01176 |-0.00119 |-0.00339 | 0.00363 |-0.00694 | 0.00019 | 0.00719 ||
	||  0.34548 | 0.00456 |-0.00119 | 0.99918 |-0.00293 |-0.00443 | 0.00050 |-0.00061 | 0.00284 ||
	||  0.25274 | 0.00111 |-0.00339 |-0.00293 | 0.98532 |-0.00059 | 0.00631 | 0.00245 |-0.00342 ||
	||  0.15629 |-0.00228 | 0.00363 |-0.00443 |-0.00059 | 1.00090 | 0.00166 | 0.00100 |-0.00011 ||
	||  0.00405 | 0.00549 |-0.00694 | 0.00050 | 0.00631 | 0.00166 | 0.99754 |-0.00094 |-0.00055 ||
	||  0.03597 | 0.00235 | 0.00019 |-0.00061 | 0.00245 | 0.00100 |-0.00094 | 1.00481 | 0.00402 ||
	||  0.11247 | 0.00228 | 0.00719 | 0.00284 |-0.00342 |-0.00011 |-0.00055 | 0.00402 | 0.98645 ||
	||------------------------------------------------------------------------------------------||


	|-----------------------------------------------------------------|
	|    Copyright (C) 2011-2019 (DRIP, DROP)
	|-----------------------------------------------------------------|
	|    Build Version  =&gt; 4.07.0 multi mode
	|    Build JVM (TM) =&gt; 1.8.0_112
	|    Build Snap     =&gt; Sat Mar 02 17:16:00 EST 2019
	|    Start Time     =&gt; Sat Mar 02 20:34:52 EST 2019
	|    Setup Time     =&gt; Sat Mar 02 20:34:52 EST 2019
	|    Setup Duration =&gt; 0 ms
	|-----------------------------------------------------------------|


	||-------------------------------------------||
	||                R^1 METRICS                ||
	||-------------------------------------------||
	||    L -&gt; R:                                ||
	||            - Mean                         ||
	||            - Error                        ||
	||            - Variance                     ||
	||            - Standard Deviation           ||
	||-------------------------------------------||
	|| -0.00394 |  0.79529 |  0.99396 |  0.99698 ||
	|| -0.00506 |  0.80241 |  1.00779 |  1.00389 ||
	|| -0.00651 |  0.79711 |  0.99695 |  0.99847 ||
	|| -0.00536 |  0.79794 |  1.00308 |  1.00154 ||
	||  0.00527 |  0.80168 |  1.00769 |  1.00384 ||
	|| -0.00634 |  0.79563 |  0.99180 |  0.99589 ||
	||  0.00554 |  0.79742 |  0.99751 |  0.99875 ||
	||  0.00181 |  0.80024 |  1.00588 |  1.00294 ||
	||  0.00042 |  0.79693 |  1.00030 |  1.00015 ||
	||-------------------------------------------||

	||------------------------------------------------------------------------------------------||
	||                                     INPUT CORRELATION                                    ||
	||------------------------------------------------------------------------------------------||
	||  1.00000 | 0.16100 | 0.24500 | 0.35200 | 0.25900 | 0.16600 | 0.00300 | 0.03800 | 0.11400 ||
	||  0.16100 | 1.00000 | 0.00000 | 0.00000 | 0.00000 | 0.00000 | 0.00000 | 0.00000 | 0.00000 ||
	||  0.24500 | 0.00000 | 1.00000 | 0.00000 | 0.00000 | 0.00000 | 0.00000 | 0.00000 | 0.00000 ||
	||  0.35200 | 0.00000 | 0.00000 | 1.00000 | 0.00000 | 0.00000 | 0.00000 | 0.00000 | 0.00000 ||
	||  0.25900 | 0.00000 | 0.00000 | 0.00000 | 1.00000 | 0.00000 | 0.00000 | 0.00000 | 0.00000 ||
	||  0.16600 | 0.00000 | 0.00000 | 0.00000 | 0.00000 | 1.00000 | 0.00000 | 0.00000 | 0.00000 ||
	||  0.00300 | 0.00000 | 0.00000 | 0.00000 | 0.00000 | 0.00000 | 1.00000 | 0.00000 | 0.00000 ||
	||  0.03800 | 0.00000 | 0.00000 | 0.00000 | 0.00000 | 0.00000 | 0.00000 | 1.00000 | 0.00000 ||
	||  0.11400 | 0.00000 | 0.00000 | 0.00000 | 0.00000 | 0.00000 | 0.00000 | 0.00000 | 1.00000 ||
	||------------------------------------------------------------------------------------------||

	||------------------------------------------------------------------------------------------||
	||                                    OUTPUT CORRELATION                                    ||
	||------------------------------------------------------------------------------------------||
	||  1.00000 | 0.16328 | 0.23879 | 0.35193 | 0.25538 | 0.16748 | 0.00073 | 0.03508 | 0.11337 ||
	||  0.16328 | 1.00000 |-0.00706 |-0.00698 |-0.00344 | 0.00432 |-0.00318 |-0.00129 |-0.00109 ||
	||  0.23879 |-0.00706 | 1.00000 |-0.00443 |-0.00720 | 0.00395 | 0.00194 | 0.00176 |-0.00113 ||
	||  0.35193 |-0.00698 |-0.00443 | 1.00000 | 0.00038 |-0.00514 | 0.00223 |-0.00543 |-0.00348 ||
	||  0.25538 |-0.00344 |-0.00720 | 0.00038 | 1.00000 | 0.00035 |-0.00083 | 0.00478 | 0.00123 ||
	||  0.16748 | 0.00432 | 0.00395 |-0.00514 | 0.00035 | 1.00000 | 0.00237 |-0.00413 | 0.00331 ||
	||  0.00073 |-0.00318 | 0.00194 | 0.00223 |-0.00083 | 0.00237 | 1.00000 | 0.00094 |-0.00411 ||
	||  0.03508 |-0.00129 | 0.00176 |-0.00543 | 0.00478 |-0.00413 | 0.00094 | 1.00000 |-0.00295 ||
	||  0.11337 |-0.00109 |-0.00113 |-0.00348 | 0.00123 | 0.00331 |-0.00411 |-0.00295 | 1.00000 ||
	||------------------------------------------------------------------------------------------||

	||------------------------------------------------------------------------------------------||
	||                                    OUTPUT COVARIANCE                                     ||
	||------------------------------------------------------------------------------------------||
	||  0.99396 | 0.16342 | 0.23770 | 0.35141 | 0.25559 | 0.16629 | 0.00073 | 0.03507 | 0.11304 ||
	||  0.16342 | 1.00779 |-0.00707 |-0.00702 |-0.00347 | 0.00432 |-0.00319 |-0.00130 |-0.00109 ||
	||  0.23770 |-0.00707 | 0.99695 |-0.00443 |-0.00722 | 0.00393 | 0.00193 | 0.00177 |-0.00113 ||
	||  0.35141 |-0.00702 |-0.00443 | 1.00308 | 0.00039 |-0.00513 | 0.00223 |-0.00545 |-0.00349 ||
	||  0.25559 |-0.00347 |-0.00722 | 0.00039 | 1.00769 | 0.00035 |-0.00083 | 0.00481 | 0.00124 ||
	||  0.16629 | 0.00432 | 0.00393 |-0.00513 | 0.00035 | 0.99180 | 0.00236 |-0.00412 | 0.00330 ||
	||  0.00073 |-0.00319 | 0.00193 | 0.00223 |-0.00083 | 0.00236 | 0.99751 | 0.00094 |-0.00410 ||
	||  0.03507 |-0.00130 | 0.00177 |-0.00545 | 0.00481 |-0.00412 | 0.00094 | 1.00588 |-0.00296 ||
	||  0.11304 |-0.00109 |-0.00113 |-0.00349 | 0.00124 | 0.00330 |-0.00410 |-0.00296 | 1.00030 ||
	||------------------------------------------------------------------------------------------||


	|-----------------------------------------------------------------|
	|    Copyright (C) 2011-2019 (DRIP, DROP)
	|-----------------------------------------------------------------|
	|    Build Version  =&gt; 4.07.0 multi mode
	|    Build JVM (TM) =&gt; 1.8.0_112
	|    Build Snap     =&gt; Sat Mar 02 17:16:00 EST 2019
	|    Start Time     =&gt; Sat Mar 02 20:34:54 EST 2019
	|    Setup Time     =&gt; Sat Mar 02 20:34:54 EST 2019
	|    Setup Duration =&gt; 0 ms
	|-----------------------------------------------------------------|


	||-------------------------------------------||
	||                R^1 METRICS                ||
	||-------------------------------------------||
	||    L -&gt; R:                                ||
	||            - Mean                         ||
	||            - Error                        ||
	||            - Variance                     ||
	||            - Standard Deviation           ||
	||-------------------------------------------||
	||  0.00314 |  0.79820 |  0.99999 |  1.00000 ||
	|| -0.00026 |  0.79873 |  1.00000 |  1.00000 ||
	||  0.00099 |  0.79815 |  1.00000 |  1.00000 ||
	||  0.00216 |  0.79725 |  1.00000 |  1.00000 ||
	|| -0.00323 |  0.79885 |  0.99999 |  0.99999 ||
	|| -0.00556 |  0.79727 |  0.99997 |  0.99998 ||
	|| -0.00543 |  0.79680 |  0.99997 |  0.99999 ||
	|| -0.00842 |  0.79754 |  0.99993 |  0.99996 ||
	||  0.00419 |  0.79570 |  0.99998 |  0.99999 ||
	||-------------------------------------------||

	||------------------------------------------------------------------------------------------||
	||                                     INPUT CORRELATION                                    ||
	||------------------------------------------------------------------------------------------||
	||  1.00000 | 0.16100 | 0.24500 | 0.35200 | 0.25900 | 0.16600 | 0.00300 | 0.03800 | 0.11400 ||
	||  0.16100 | 1.00000 | 0.00000 | 0.00000 | 0.00000 | 0.00000 | 0.00000 | 0.00000 | 0.00000 ||
	||  0.24500 | 0.00000 | 1.00000 | 0.00000 | 0.00000 | 0.00000 | 0.00000 | 0.00000 | 0.00000 ||
	||  0.35200 | 0.00000 | 0.00000 | 1.00000 | 0.00000 | 0.00000 | 0.00000 | 0.00000 | 0.00000 ||
	||  0.25900 | 0.00000 | 0.00000 | 0.00000 | 1.00000 | 0.00000 | 0.00000 | 0.00000 | 0.00000 ||
	||  0.16600 | 0.00000 | 0.00000 | 0.00000 | 0.00000 | 1.00000 | 0.00000 | 0.00000 | 0.00000 ||
	||  0.00300 | 0.00000 | 0.00000 | 0.00000 | 0.00000 | 0.00000 | 1.00000 | 0.00000 | 0.00000 ||
	||  0.03800 | 0.00000 | 0.00000 | 0.00000 | 0.00000 | 0.00000 | 0.00000 | 1.00000 | 0.00000 ||
	||  0.11400 | 0.00000 | 0.00000 | 0.00000 | 0.00000 | 0.00000 | 0.00000 | 0.00000 | 1.00000 ||
	||------------------------------------------------------------------------------------------||

	||------------------------------------------------------------------------------------------||
	||                                    OUTPUT CORRELATION                                    ||
	||------------------------------------------------------------------------------------------||
	||  1.00000 | 0.16117 | 0.24205 | 0.35090 | 0.25395 | 0.16529 | 0.01031 | 0.03344 | 0.10884 ||
	||  0.16117 | 1.00000 | 0.00123 |-0.00646 |-0.00345 |-0.00003 | 0.00092 | 0.00333 | 0.00222 ||
	||  0.24205 | 0.00123 | 1.00000 | 0.00030 | 0.00099 | 0.00176 | 0.00112 | 0.00010 | 0.00202 ||
	||  0.35090 |-0.00646 | 0.00030 | 1.00000 |-0.00212 | 0.00303 | 0.01040 | 0.00000 |-0.00535 ||
	||  0.25395 |-0.00345 | 0.00099 |-0.00212 | 1.00000 | 0.00201 | 0.00260 |-0.00024 |-0.00184 ||
	||  0.16529 |-0.00003 | 0.00176 | 0.00303 | 0.00201 | 1.00000 |-0.00384 | 0.00161 |-0.00024 ||
	||  0.01031 | 0.00092 | 0.00112 | 0.01040 | 0.00260 |-0.00384 | 1.00000 |-0.00149 | 0.00001 ||
	||  0.03344 | 0.00333 | 0.00010 | 0.00000 |-0.00024 | 0.00161 |-0.00149 | 1.00000 | 0.00021 ||
	||  0.10884 | 0.00222 | 0.00202 |-0.00535 |-0.00184 |-0.00024 | 0.00001 | 0.00021 | 1.00000 ||
	||------------------------------------------------------------------------------------------||

	||------------------------------------------------------------------------------------------||
	||                                    OUTPUT COVARIANCE                                     ||
	||------------------------------------------------------------------------------------------||
	||  0.99999 | 0.16117 | 0.24205 | 0.35089 | 0.25395 | 0.16529 | 0.01031 | 0.03343 | 0.10884 ||
	||  0.16117 | 1.00000 | 0.00123 |-0.00646 |-0.00345 |-0.00003 | 0.00092 | 0.00333 | 0.00222 ||
	||  0.24205 | 0.00123 | 1.00000 | 0.00030 | 0.00099 | 0.00176 | 0.00112 | 0.00010 | 0.00202 ||
	||  0.35089 |-0.00646 | 0.00030 | 1.00000 |-0.00212 | 0.00303 | 0.01040 | 0.00000 |-0.00535 ||
	||  0.25395 |-0.00345 | 0.00099 |-0.00212 | 0.99999 | 0.00201 | 0.00260 |-0.00024 |-0.00184 ||
	||  0.16529 |-0.00003 | 0.00176 | 0.00303 | 0.00201 | 0.99997 |-0.00384 | 0.00161 |-0.00024 ||
	||  0.01031 | 0.00092 | 0.00112 | 0.01040 | 0.00260 |-0.00384 | 0.99997 |-0.00149 | 0.00001 ||
	||  0.03343 | 0.00333 | 0.00010 | 0.00000 |-0.00024 | 0.00161 |-0.00149 | 0.99993 | 0.00021 ||
	||  0.10884 | 0.00222 | 0.00202 |-0.00535 |-0.00184 |-0.00024 | 0.00001 | 0.00021 | 0.99998 ||
	||------------------------------------------------------------------------------------------||


	|-----------------------------------------------------------------|
	|    Copyright (C) 2011-2019 (DRIP, DROP)
	|-----------------------------------------------------------------|
	|    Build Version  =&gt; 4.07.0 multi mode
	|    Build JVM (TM) =&gt; 1.8.0_112
	|    Build Snap     =&gt; Sat Mar 02 17:16:00 EST 2019
	|    Start Time     =&gt; Sat Mar 02 20:34:57 EST 2019
	|    Setup Time     =&gt; Sat Mar 02 20:34:57 EST 2019
	|    Setup Duration =&gt; 0 ms
	|-----------------------------------------------------------------|


	||-------------------------------------------||
	||                R^1 METRICS                ||
	||-------------------------------------------||
	||    L -&gt; R:                                ||
	||            - Mean                         ||
	||            - Error                        ||
	||            - Variance                     ||
	||            - Standard Deviation           ||
	||-------------------------------------------||
	||  0.00240 |  0.79869 |  0.99997 |  0.99999 ||
	||  0.00015 |  0.79923 |  0.99998 |  0.99999 ||
	||  0.00214 |  0.79727 |  0.99998 |  0.99999 ||
	||  0.00336 |  0.79897 |  0.99997 |  0.99998 ||
	|| -0.00050 |  0.79666 |  0.99998 |  0.99999 ||
	||  0.00536 |  0.79771 |  0.99995 |  0.99998 ||
	||  0.00326 |  0.79822 |  0.99997 |  0.99998 ||
	|| -0.00136 |  0.79797 |  0.99998 |  0.99999 ||
	|| -0.00119 |  0.79848 |  0.99998 |  0.99999 ||
	||-------------------------------------------||

	||------------------------------------------------------------------------------------------||
	||                                     INPUT CORRELATION                                    ||
	||------------------------------------------------------------------------------------------||
	||  1.00000 | 0.16100 | 0.24500 | 0.35200 | 0.25900 | 0.16600 | 0.00300 | 0.03800 | 0.11400 ||
	||  0.16100 | 1.00000 | 0.00000 | 0.00000 | 0.00000 | 0.00000 | 0.00000 | 0.00000 | 0.00000 ||
	||  0.24500 | 0.00000 | 1.00000 | 0.00000 | 0.00000 | 0.00000 | 0.00000 | 0.00000 | 0.00000 ||
	||  0.35200 | 0.00000 | 0.00000 | 1.00000 | 0.00000 | 0.00000 | 0.00000 | 0.00000 | 0.00000 ||
	||  0.25900 | 0.00000 | 0.00000 | 0.00000 | 1.00000 | 0.00000 | 0.00000 | 0.00000 | 0.00000 ||
	||  0.16600 | 0.00000 | 0.00000 | 0.00000 | 0.00000 | 1.00000 | 0.00000 | 0.00000 | 0.00000 ||
	||  0.00300 | 0.00000 | 0.00000 | 0.00000 | 0.00000 | 0.00000 | 1.00000 | 0.00000 | 0.00000 ||
	||  0.03800 | 0.00000 | 0.00000 | 0.00000 | 0.00000 | 0.00000 | 0.00000 | 1.00000 | 0.00000 ||
	||  0.11400 | 0.00000 | 0.00000 | 0.00000 | 0.00000 | 0.00000 | 0.00000 | 0.00000 | 1.00000 ||
	||------------------------------------------------------------------------------------------||

	||------------------------------------------------------------------------------------------||
	||                                    OUTPUT CORRELATION                                    ||
	||------------------------------------------------------------------------------------------||
	||  1.00000 | 0.15812 | 0.23990 | 0.35863 | 0.25801 | 0.16966 | 0.00554 | 0.03777 | 0.11773 ||
	||  0.15812 | 1.00000 |-0.00680 | 0.00607 | 0.00273 | 0.00017 |-0.00208 | 0.00065 | 0.00078 ||
	||  0.23990 |-0.00680 | 1.00000 |-0.00293 |-0.00138 | 0.00301 | 0.00092 | 0.00683 |-0.00651 ||
	||  0.35863 | 0.00607 |-0.00293 | 1.00000 | 0.00334 |-0.00623 |-0.00171 | 0.00132 | 0.00660 ||
	||  0.25801 | 0.00273 |-0.00138 | 0.00334 | 1.00000 |-0.00049 | 0.00176 | 0.00321 | 0.00803 ||
	||  0.16966 | 0.00017 | 0.00301 |-0.00623 |-0.00049 | 1.00000 |-0.00241 |-0.00278 | 0.00085 ||
	||  0.00554 |-0.00208 | 0.00092 |-0.00171 | 0.00176 |-0.00241 | 1.00000 |-0.01035 |-0.00452 ||
	||  0.03777 | 0.00065 | 0.00683 | 0.00132 | 0.00321 |-0.00278 |-0.01035 | 1.00000 |-0.01019 ||
	||  0.11773 | 0.00078 |-0.00651 | 0.00660 | 0.00803 | 0.00085 |-0.00452 |-0.01019 | 1.00000 ||
	||------------------------------------------------------------------------------------------||

	||------------------------------------------------------------------------------------------||
	||                                    OUTPUT COVARIANCE                                     ||
	||------------------------------------------------------------------------------------------||
	||  0.99997 | 0.15812 | 0.23989 | 0.35862 | 0.25800 | 0.16965 | 0.00554 | 0.03777 | 0.11773 ||
	||  0.15812 | 0.99998 |-0.00680 | 0.00607 | 0.00273 | 0.00017 |-0.00208 | 0.00065 | 0.00078 ||
	||  0.23989 |-0.00680 | 0.99998 |-0.00293 |-0.00138 | 0.00301 | 0.00092 | 0.00683 |-0.00651 ||
	||  0.35862 | 0.00607 |-0.00293 | 0.99997 | 0.00334 |-0.00623 |-0.00171 | 0.00132 | 0.00660 ||
	||  0.25800 | 0.00273 |-0.00138 | 0.00334 | 0.99998 |-0.00049 | 0.00176 | 0.00321 | 0.00803 ||
	||  0.16965 | 0.00017 | 0.00301 |-0.00623 |-0.00049 | 0.99995 |-0.00241 |-0.00278 | 0.00085 ||
	||  0.00554 |-0.00208 | 0.00092 |-0.00171 | 0.00176 |-0.00241 | 0.99997 |-0.01035 |-0.00452 ||
	||  0.03777 | 0.00065 | 0.00683 | 0.00132 | 0.00321 |-0.00278 |-0.01035 | 0.99998 |-0.01019 ||
	||  0.11773 | 0.00078 |-0.00651 | 0.00660 | 0.00803 | 0.00085 |-0.00452 |-0.01019 | 0.99998 ||
	||------------------------------------------------------------------------------------------||

</pre>
</span>
</div>
</div>
<div id="footer">
<p>
<div>
<label class="hidden" id="label-for-line-wrapping-toggle" for="line-wrapping-toggle">Wrap lines
<input id="line-wrapping-toggle" type="checkbox" autocomplete="off"/>
</label>
</div>Generated by 
<a href="http://www.gradle.org">Gradle 3.5</a> at Mar 2, 2019 9:00:54 PM</p>
</div>
</div>
</body>
</html>
