<!DOCTYPE html>
<html>
<head>
<meta http-equiv="Content-Type" content="text/html; charset=utf-8"/>
<meta http-equiv="x-ua-compatible" content="IE=edge"/>
<title>Test results - Class org.drip.coverage.sequence.Statistics</title>
<link href="../css/base-style.css" rel="stylesheet" type="text/css"/>
<link href="../css/style.css" rel="stylesheet" type="text/css"/>
<script src="../js/report.js" type="text/javascript"></script>
</head>
<body>
<div id="content">
<h1>Class org.drip.coverage.sequence.Statistics</h1>
<div class="breadcrumbs">
<a href="../index.html">all</a> &gt; 
<a href="../packages/org.drip.coverage.sequence.html">org.drip.coverage.sequence</a> &gt; Statistics</div>
<div id="summary">
<table>
<tr>
<td>
<div class="summaryGroup">
<table>
<tr>
<td>
<div class="infoBox" id="tests">
<div class="counter">1</div>
<p>tests</p>
</div>
</td>
<td>
<div class="infoBox" id="failures">
<div class="counter">0</div>
<p>failures</p>
</div>
</td>
<td>
<div class="infoBox" id="ignored">
<div class="counter">0</div>
<p>ignored</p>
</div>
</td>
<td>
<div class="infoBox" id="duration">
<div class="counter">9.748s</div>
<p>duration</p>
</div>
</td>
</tr>
</table>
</div>
</td>
<td>
<div class="infoBox success" id="successRate">
<div class="percent">100%</div>
<p>successful</p>
</div>
</td>
</tr>
</table>
</div>
<div id="tabs">
<ul class="tabLinks">
<li>
<a href="#tab0">Tests</a>
</li>
<li>
<a href="#tab1">Standard output</a>
</li>
</ul>
<div id="tab0" class="tab">
<h2>Tests</h2>
<table>
<thead>
<tr>
<th>Test</th>
<th>Duration</th>
<th>Result</th>
</tr>
</thead>
<tr>
<td class="success">codeCoverageTest</td>
<td>9.748s</td>
<td class="success">passed</td>
</tr>
</table>
</div>
<div id="tab1" class="tab">
<h2>Standard output</h2>
<span class="code">
<pre>
	|-----------------------------------------------------------------|
	|    Copyright (C) 2011-2019 (DRIP, DROP)
	|-----------------------------------------------------------------|
	|    Build Version  =&gt; 4.43.0 multi mode
	|    Build JVM (TM) =&gt; 1.8.0_112
	|    Build Snap     =&gt; Sat Nov 09 20:11:52 EST 2019
	|    Start Time     =&gt; Sat Nov 09 21:36:36 EST 2019
	|    Setup Time     =&gt; Sat Nov 09 21:36:36 EST 2019
	|    Setup Duration =&gt; 0 ms
	|-----------------------------------------------------------------|


	||-------------------------------------------||
	||                R^1 METRICS                ||
	||-------------------------------------------||
	||    L -&gt; R:                                ||
	||            - Mean                         ||
	||            - Error                        ||
	||            - Variance                     ||
	||            - Standard Deviation           ||
	||-------------------------------------------||
	|| -0.00529 |  0.79474 |  0.99170 |  0.99584 ||
	||  0.00003 |  0.79519 |  0.99642 |  0.99821 ||
	|| -0.00083 |  0.79740 |  0.99827 |  0.99914 ||
	|| -0.00866 |  0.79182 |  0.98811 |  0.99404 ||
	||  0.00187 |  0.79825 |  1.00301 |  1.00150 ||
	||  0.00100 |  0.79951 |  1.00445 |  1.00222 ||
	|| -0.00425 |  0.79806 |  0.99779 |  0.99890 ||
	||  0.00050 |  0.79832 |  0.99490 |  0.99745 ||
	||  0.00439 |  0.79751 |  0.99685 |  0.99843 ||
	||-------------------------------------------||

	||------------------------------------------------------------------------------------------||
	||                                     INPUT CORRELATION                                    ||
	||------------------------------------------------------------------------------------------||
	||  1.00000 | 0.16100 | 0.24500 | 0.35200 | 0.25900 | 0.16600 | 0.00300 | 0.03800 | 0.11400 ||
	||  0.16100 | 1.00000 | 0.00000 | 0.00000 | 0.00000 | 0.00000 | 0.00000 | 0.00000 | 0.00000 ||
	||  0.24500 | 0.00000 | 1.00000 | 0.00000 | 0.00000 | 0.00000 | 0.00000 | 0.00000 | 0.00000 ||
	||  0.35200 | 0.00000 | 0.00000 | 1.00000 | 0.00000 | 0.00000 | 0.00000 | 0.00000 | 0.00000 ||
	||  0.25900 | 0.00000 | 0.00000 | 0.00000 | 1.00000 | 0.00000 | 0.00000 | 0.00000 | 0.00000 ||
	||  0.16600 | 0.00000 | 0.00000 | 0.00000 | 0.00000 | 1.00000 | 0.00000 | 0.00000 | 0.00000 ||
	||  0.00300 | 0.00000 | 0.00000 | 0.00000 | 0.00000 | 0.00000 | 1.00000 | 0.00000 | 0.00000 ||
	||  0.03800 | 0.00000 | 0.00000 | 0.00000 | 0.00000 | 0.00000 | 0.00000 | 1.00000 | 0.00000 ||
	||  0.11400 | 0.00000 | 0.00000 | 0.00000 | 0.00000 | 0.00000 | 0.00000 | 0.00000 | 1.00000 ||
	||------------------------------------------------------------------------------------------||

	||------------------------------------------------------------------------------------------||
	||                                    OUTPUT CORRELATION                                    ||
	||------------------------------------------------------------------------------------------||
	||  1.00000 | 0.16404 | 0.24787 | 0.35410 | 0.25812 | 0.16439 | 0.00187 | 0.03428 | 0.11038 ||
	||  0.16404 | 1.00000 | 0.00007 |-0.00239 | 0.01102 | 0.00483 |-0.00507 | 0.00558 |-0.00046 ||
	||  0.24787 | 0.00007 | 1.00000 | 0.00096 |-0.00065 | 0.00208 |-0.00169 |-0.00022 | 0.00955 ||
	||  0.35410 |-0.00239 | 0.00096 | 1.00000 | 0.00121 | 0.00710 |-0.00304 |-0.00478 | 0.00172 ||
	||  0.25812 | 0.01102 |-0.00065 | 0.00121 | 1.00000 | 0.00221 | 0.00292 |-0.00008 | 0.00081 ||
	||  0.16439 | 0.00483 | 0.00208 | 0.00710 | 0.00221 | 1.00000 | 0.00702 | 0.00049 |-0.00274 ||
	||  0.00187 |-0.00507 |-0.00169 |-0.00304 | 0.00292 | 0.00702 | 1.00000 | 0.00180 |-0.00172 ||
	||  0.03428 | 0.00558 |-0.00022 |-0.00478 |-0.00008 | 0.00049 | 0.00180 | 1.00000 |-0.00300 ||
	||  0.11038 |-0.00046 | 0.00955 | 0.00172 | 0.00081 |-0.00274 |-0.00172 |-0.00300 | 1.00000 ||
	||------------------------------------------------------------------------------------------||

	||------------------------------------------------------------------------------------------||
	||                                    OUTPUT COVARIANCE                                     ||
	||------------------------------------------------------------------------------------------||
	||  0.99170 | 0.16307 | 0.24662 | 0.35053 | 0.25744 | 0.16407 | 0.00186 | 0.03405 | 0.10975 ||
	||  0.16307 | 0.99642 | 0.00007 |-0.00237 | 0.01102 | 0.00483 |-0.00506 | 0.00555 |-0.00046 ||
	||  0.24662 | 0.00007 | 0.99827 | 0.00095 |-0.00065 | 0.00208 |-0.00169 |-0.00022 | 0.00953 ||
	||  0.35053 |-0.00237 | 0.00095 | 0.98811 | 0.00120 | 0.00707 |-0.00302 |-0.00474 | 0.00171 ||
	||  0.25744 | 0.01102 |-0.00065 | 0.00120 | 1.00301 | 0.00222 | 0.00292 |-0.00008 | 0.00081 ||
	||  0.16407 | 0.00483 | 0.00208 | 0.00707 | 0.00222 | 1.00445 | 0.00703 | 0.00049 |-0.00274 ||
	||  0.00186 |-0.00506 |-0.00169 |-0.00302 | 0.00292 | 0.00703 | 0.99779 | 0.00180 |-0.00172 ||
	||  0.03405 | 0.00555 |-0.00022 |-0.00474 |-0.00008 | 0.00049 | 0.00180 | 0.99490 |-0.00299 ||
	||  0.10975 |-0.00046 | 0.00953 | 0.00171 | 0.00081 |-0.00274 |-0.00172 |-0.00299 | 0.99685 ||
	||------------------------------------------------------------------------------------------||


	|-----------------------------------------------------------------|
	|    Copyright (C) 2011-2019 (DRIP, DROP)
	|-----------------------------------------------------------------|
	|    Build Version  =&gt; 4.43.0 multi mode
	|    Build JVM (TM) =&gt; 1.8.0_112
	|    Build Snap     =&gt; Sat Nov 09 20:11:52 EST 2019
	|    Start Time     =&gt; Sat Nov 09 21:36:39 EST 2019
	|    Setup Time     =&gt; Sat Nov 09 21:36:39 EST 2019
	|    Setup Duration =&gt; 0 ms
	|-----------------------------------------------------------------|


	||-------------------------------------------||
	||                R^1 METRICS                ||
	||-------------------------------------------||
	||    L -&gt; R:                                ||
	||            - Mean                         ||
	||            - Error                        ||
	||            - Variance                     ||
	||            - Standard Deviation           ||
	||-------------------------------------------||
	||  0.00753 |  0.80063 |  1.00381 |  1.00190 ||
	||  0.00602 |  0.80201 |  1.00889 |  1.00443 ||
	|| -0.00240 |  0.80176 |  1.00758 |  1.00378 ||
	|| -0.00140 |  0.79492 |  0.99299 |  0.99649 ||
	||  0.00529 |  0.79758 |  0.99809 |  0.99904 ||
	|| -0.00266 |  0.79625 |  0.99471 |  0.99735 ||
	||  0.00239 |  0.79911 |  1.00040 |  1.00020 ||
	|| -0.00246 |  0.79818 |  1.00500 |  1.00250 ||
	|| -0.00022 |  0.79992 |  1.00444 |  1.00222 ||
	||-------------------------------------------||

	||------------------------------------------------------------------------------------------||
	||                                     INPUT CORRELATION                                    ||
	||------------------------------------------------------------------------------------------||
	||  1.00000 | 0.16100 | 0.24500 | 0.35200 | 0.25900 | 0.16600 | 0.00300 | 0.03800 | 0.11400 ||
	||  0.16100 | 1.00000 | 0.00000 | 0.00000 | 0.00000 | 0.00000 | 0.00000 | 0.00000 | 0.00000 ||
	||  0.24500 | 0.00000 | 1.00000 | 0.00000 | 0.00000 | 0.00000 | 0.00000 | 0.00000 | 0.00000 ||
	||  0.35200 | 0.00000 | 0.00000 | 1.00000 | 0.00000 | 0.00000 | 0.00000 | 0.00000 | 0.00000 ||
	||  0.25900 | 0.00000 | 0.00000 | 0.00000 | 1.00000 | 0.00000 | 0.00000 | 0.00000 | 0.00000 ||
	||  0.16600 | 0.00000 | 0.00000 | 0.00000 | 0.00000 | 1.00000 | 0.00000 | 0.00000 | 0.00000 ||
	||  0.00300 | 0.00000 | 0.00000 | 0.00000 | 0.00000 | 0.00000 | 1.00000 | 0.00000 | 0.00000 ||
	||  0.03800 | 0.00000 | 0.00000 | 0.00000 | 0.00000 | 0.00000 | 0.00000 | 1.00000 | 0.00000 ||
	||  0.11400 | 0.00000 | 0.00000 | 0.00000 | 0.00000 | 0.00000 | 0.00000 | 0.00000 | 1.00000 ||
	||------------------------------------------------------------------------------------------||

	||------------------------------------------------------------------------------------------||
	||                                    OUTPUT CORRELATION                                    ||
	||------------------------------------------------------------------------------------------||
	||  1.00000 | 0.15817 | 0.24007 | 0.35339 | 0.26556 | 0.16935 |-0.00052 | 0.04017 | 0.12601 ||
	||  0.15817 | 1.00000 |-0.00194 |-0.00116 | 0.00108 | 0.01021 |-0.00597 | 0.00569 | 0.00392 ||
	||  0.24007 |-0.00194 | 1.00000 |-0.00583 |-0.00374 | 0.00392 |-0.00009 |-0.00146 | 0.00055 ||
	||  0.35339 |-0.00116 |-0.00583 | 1.00000 | 0.00606 |-0.00026 |-0.00302 |-0.00250 | 0.00646 ||
	||  0.26556 | 0.00108 |-0.00374 | 0.00606 | 1.00000 |-0.00052 | 0.00077 | 0.00218 |-0.00337 ||
	||  0.16935 | 0.01021 | 0.00392 |-0.00026 |-0.00052 | 1.00000 |-0.00405 |-0.00273 | 0.00487 ||
	|| -0.00052 |-0.00597 |-0.00009 |-0.00302 | 0.00077 |-0.00405 | 1.00000 |-0.00197 |-0.00122 ||
	||  0.04017 | 0.00569 |-0.00146 |-0.00250 | 0.00218 |-0.00273 |-0.00197 | 1.00000 |-0.00330 ||
	||  0.12601 | 0.00392 | 0.00055 | 0.00646 |-0.00337 | 0.00487 |-0.00122 |-0.00330 | 1.00000 ||
	||------------------------------------------------------------------------------------------||

	||------------------------------------------------------------------------------------------||
	||                                    OUTPUT COVARIANCE                                     ||
	||------------------------------------------------------------------------------------------||
	||  1.00381 | 0.15918 | 0.24143 | 0.35282 | 0.26581 | 0.16922 |-0.00052 | 0.04035 | 0.12653 ||
	||  0.15918 | 1.00889 |-0.00196 |-0.00116 | 0.00108 | 0.01023 |-0.00599 | 0.00573 | 0.00395 ||
	||  0.24143 |-0.00196 | 1.00758 |-0.00584 |-0.00375 | 0.00392 |-0.00009 |-0.00147 | 0.00056 ||
	||  0.35282 |-0.00116 |-0.00584 | 0.99299 | 0.00603 |-0.00026 |-0.00301 |-0.00250 | 0.00645 ||
	||  0.26581 | 0.00108 |-0.00375 | 0.00603 | 0.99809 |-0.00052 | 0.00077 | 0.00218 |-0.00338 ||
	||  0.16922 | 0.01023 | 0.00392 |-0.00026 |-0.00052 | 0.99471 |-0.00404 |-0.00273 | 0.00486 ||
	|| -0.00052 |-0.00599 |-0.00009 |-0.00301 | 0.00077 |-0.00404 | 1.00040 |-0.00198 |-0.00122 ||
	||  0.04035 | 0.00573 |-0.00147 |-0.00250 | 0.00218 |-0.00273 |-0.00198 | 1.00500 |-0.00331 ||
	||  0.12653 | 0.00395 | 0.00056 | 0.00645 |-0.00338 | 0.00486 |-0.00122 |-0.00331 | 1.00444 ||
	||------------------------------------------------------------------------------------------||


	|-----------------------------------------------------------------|
	|    Copyright (C) 2011-2019 (DRIP, DROP)
	|-----------------------------------------------------------------|
	|    Build Version  =&gt; 4.43.0 multi mode
	|    Build JVM (TM) =&gt; 1.8.0_112
	|    Build Snap     =&gt; Sat Nov 09 20:11:52 EST 2019
	|    Start Time     =&gt; Sat Nov 09 21:36:41 EST 2019
	|    Setup Time     =&gt; Sat Nov 09 21:36:41 EST 2019
	|    Setup Duration =&gt; 0 ms
	|-----------------------------------------------------------------|


	||-------------------------------------------||
	||                R^1 METRICS                ||
	||-------------------------------------------||
	||    L -&gt; R:                                ||
	||            - Mean                         ||
	||            - Error                        ||
	||            - Variance                     ||
	||            - Standard Deviation           ||
	||-------------------------------------------||
	||  0.00385 |  0.79727 |  0.99999 |  0.99999 ||
	|| -0.00193 |  0.79726 |  1.00000 |  1.00000 ||
	||  0.01217 |  0.79803 |  0.99985 |  0.99993 ||
	||  0.00101 |  0.79808 |  1.00000 |  1.00000 ||
	|| -0.00135 |  0.79920 |  1.00000 |  1.00000 ||
	||  0.00352 |  0.79734 |  0.99999 |  0.99999 ||
	|| -0.00081 |  0.79662 |  1.00000 |  1.00000 ||
	||  0.00290 |  0.79796 |  0.99999 |  1.00000 ||
	|| -0.00634 |  0.79831 |  0.99996 |  0.99998 ||
	||-------------------------------------------||

	||------------------------------------------------------------------------------------------||
	||                                     INPUT CORRELATION                                    ||
	||------------------------------------------------------------------------------------------||
	||  1.00000 | 0.16100 | 0.24500 | 0.35200 | 0.25900 | 0.16600 | 0.00300 | 0.03800 | 0.11400 ||
	||  0.16100 | 1.00000 | 0.00000 | 0.00000 | 0.00000 | 0.00000 | 0.00000 | 0.00000 | 0.00000 ||
	||  0.24500 | 0.00000 | 1.00000 | 0.00000 | 0.00000 | 0.00000 | 0.00000 | 0.00000 | 0.00000 ||
	||  0.35200 | 0.00000 | 0.00000 | 1.00000 | 0.00000 | 0.00000 | 0.00000 | 0.00000 | 0.00000 ||
	||  0.25900 | 0.00000 | 0.00000 | 0.00000 | 1.00000 | 0.00000 | 0.00000 | 0.00000 | 0.00000 ||
	||  0.16600 | 0.00000 | 0.00000 | 0.00000 | 0.00000 | 1.00000 | 0.00000 | 0.00000 | 0.00000 ||
	||  0.00300 | 0.00000 | 0.00000 | 0.00000 | 0.00000 | 0.00000 | 1.00000 | 0.00000 | 0.00000 ||
	||  0.03800 | 0.00000 | 0.00000 | 0.00000 | 0.00000 | 0.00000 | 0.00000 | 1.00000 | 0.00000 ||
	||  0.11400 | 0.00000 | 0.00000 | 0.00000 | 0.00000 | 0.00000 | 0.00000 | 0.00000 | 1.00000 ||
	||------------------------------------------------------------------------------------------||

	||------------------------------------------------------------------------------------------||
	||                                    OUTPUT CORRELATION                                    ||
	||------------------------------------------------------------------------------------------||
	||  1.00000 | 0.16302 | 0.23837 | 0.35927 | 0.26208 | 0.16556 |-0.00380 | 0.03540 | 0.11621 ||
	||  0.16302 | 1.00000 | 0.00420 | 0.01094 | 0.00234 |-0.00065 |-0.00644 |-0.00130 |-0.00988 ||
	||  0.23837 | 0.00420 | 1.00000 |-0.00249 |-0.00006 |-0.00117 |-0.00937 |-0.00012 |-0.00007 ||
	||  0.35927 | 0.01094 |-0.00249 | 1.00000 | 0.00415 |-0.00996 |-0.00314 | 0.00083 |-0.00329 ||
	||  0.26208 | 0.00234 |-0.00006 | 0.00415 | 1.00000 |-0.00103 |-0.00055 | 0.00203 | 0.00345 ||
	||  0.16556 |-0.00065 |-0.00117 |-0.00996 |-0.00103 | 1.00000 |-0.00695 |-0.00103 |-0.00188 ||
	|| -0.00380 |-0.00644 |-0.00937 |-0.00314 |-0.00055 |-0.00695 | 1.00000 | 0.00558 | 0.00041 ||
	||  0.03540 |-0.00130 |-0.00012 | 0.00083 | 0.00203 |-0.00103 | 0.00558 | 1.00000 | 0.00431 ||
	||  0.11621 |-0.00988 |-0.00007 |-0.00329 | 0.00345 |-0.00188 | 0.00041 | 0.00431 | 1.00000 ||
	||------------------------------------------------------------------------------------------||

	||------------------------------------------------------------------------------------------||
	||                                    OUTPUT COVARIANCE                                     ||
	||------------------------------------------------------------------------------------------||
	||  0.99999 | 0.16302 | 0.23835 | 0.35926 | 0.26208 | 0.16556 |-0.00380 | 0.03540 | 0.11621 ||
	||  0.16302 | 1.00000 | 0.00420 | 0.01094 | 0.00234 |-0.00065 |-0.00644 |-0.00130 |-0.00988 ||
	||  0.23835 | 0.00420 | 0.99985 |-0.00249 |-0.00006 |-0.00116 |-0.00937 |-0.00012 |-0.00007 ||
	||  0.35926 | 0.01094 |-0.00249 | 1.00000 | 0.00415 |-0.00996 |-0.00314 | 0.00083 |-0.00329 ||
	||  0.26208 | 0.00234 |-0.00006 | 0.00415 | 1.00000 |-0.00103 |-0.00055 | 0.00203 | 0.00345 ||
	||  0.16556 |-0.00065 |-0.00116 |-0.00996 |-0.00103 | 0.99999 |-0.00695 |-0.00103 |-0.00188 ||
	|| -0.00380 |-0.00644 |-0.00937 |-0.00314 |-0.00055 |-0.00695 | 1.00000 | 0.00558 | 0.00041 ||
	||  0.03540 |-0.00130 |-0.00012 | 0.00083 | 0.00203 |-0.00103 | 0.00558 | 0.99999 | 0.00431 ||
	||  0.11621 |-0.00988 |-0.00007 |-0.00329 | 0.00345 |-0.00188 | 0.00041 | 0.00431 | 0.99996 ||
	||------------------------------------------------------------------------------------------||


	|-----------------------------------------------------------------|
	|    Copyright (C) 2011-2019 (DRIP, DROP)
	|-----------------------------------------------------------------|
	|    Build Version  =&gt; 4.43.0 multi mode
	|    Build JVM (TM) =&gt; 1.8.0_112
	|    Build Snap     =&gt; Sat Nov 09 20:11:52 EST 2019
	|    Start Time     =&gt; Sat Nov 09 21:36:44 EST 2019
	|    Setup Time     =&gt; Sat Nov 09 21:36:44 EST 2019
	|    Setup Duration =&gt; 0 ms
	|-----------------------------------------------------------------|


	||-------------------------------------------||
	||                R^1 METRICS                ||
	||-------------------------------------------||
	||    L -&gt; R:                                ||
	||            - Mean                         ||
	||            - Error                        ||
	||            - Variance                     ||
	||            - Standard Deviation           ||
	||-------------------------------------------||
	||  0.00660 |  0.79864 |  0.99994 |  0.99997 ||
	||  0.00117 |  0.79710 |  0.99998 |  0.99999 ||
	||  0.00256 |  0.79722 |  0.99997 |  0.99999 ||
	|| -0.00116 |  0.79839 |  0.99998 |  0.99999 ||
	||  0.00713 |  0.79743 |  0.99993 |  0.99996 ||
	||  0.00223 |  0.79846 |  0.99998 |  0.99999 ||
	||  0.00210 |  0.79715 |  0.99998 |  0.99999 ||
	|| -0.00398 |  0.79889 |  0.99996 |  0.99998 ||
	||  0.00775 |  0.79914 |  0.99992 |  0.99996 ||
	||-------------------------------------------||

	||------------------------------------------------------------------------------------------||
	||                                     INPUT CORRELATION                                    ||
	||------------------------------------------------------------------------------------------||
	||  1.00000 | 0.16100 | 0.24500 | 0.35200 | 0.25900 | 0.16600 | 0.00300 | 0.03800 | 0.11400 ||
	||  0.16100 | 1.00000 | 0.00000 | 0.00000 | 0.00000 | 0.00000 | 0.00000 | 0.00000 | 0.00000 ||
	||  0.24500 | 0.00000 | 1.00000 | 0.00000 | 0.00000 | 0.00000 | 0.00000 | 0.00000 | 0.00000 ||
	||  0.35200 | 0.00000 | 0.00000 | 1.00000 | 0.00000 | 0.00000 | 0.00000 | 0.00000 | 0.00000 ||
	||  0.25900 | 0.00000 | 0.00000 | 0.00000 | 1.00000 | 0.00000 | 0.00000 | 0.00000 | 0.00000 ||
	||  0.16600 | 0.00000 | 0.00000 | 0.00000 | 0.00000 | 1.00000 | 0.00000 | 0.00000 | 0.00000 ||
	||  0.00300 | 0.00000 | 0.00000 | 0.00000 | 0.00000 | 0.00000 | 1.00000 | 0.00000 | 0.00000 ||
	||  0.03800 | 0.00000 | 0.00000 | 0.00000 | 0.00000 | 0.00000 | 0.00000 | 1.00000 | 0.00000 ||
	||  0.11400 | 0.00000 | 0.00000 | 0.00000 | 0.00000 | 0.00000 | 0.00000 | 0.00000 | 1.00000 ||
	||------------------------------------------------------------------------------------------||

	||------------------------------------------------------------------------------------------||
	||                                    OUTPUT CORRELATION                                    ||
	||------------------------------------------------------------------------------------------||
	||  1.00000 | 0.16546 | 0.24058 | 0.34988 | 0.26008 | 0.16207 | 0.00268 | 0.04009 | 0.11676 ||
	||  0.16546 | 1.00000 | 0.00234 | 0.00349 |-0.00451 |-0.00148 | 0.00085 | 0.00175 | 0.00118 ||
	||  0.24058 | 0.00234 | 1.00000 | 0.00215 |-0.00143 |-0.00311 | 0.00049 |-0.00131 | 0.00111 ||
	||  0.34988 | 0.00349 | 0.00215 | 1.00000 | 0.00624 |-0.00021 | 0.00322 | 0.00522 |-0.00558 ||
	||  0.26008 |-0.00451 |-0.00143 | 0.00624 | 1.00000 | 0.00189 |-0.00642 |-0.00393 | 0.00283 ||
	||  0.16207 |-0.00148 |-0.00311 |-0.00021 | 0.00189 | 1.00000 | 0.00400 | 0.00418 | 0.00533 ||
	||  0.00268 | 0.00085 | 0.00049 | 0.00322 |-0.00642 | 0.00400 | 1.00000 |-0.00240 | 0.00111 ||
	||  0.04009 | 0.00175 |-0.00131 | 0.00522 |-0.00393 | 0.00418 |-0.00240 | 1.00000 |-0.00165 ||
	||  0.11676 | 0.00118 | 0.00111 |-0.00558 | 0.00283 | 0.00533 | 0.00111 |-0.00165 | 1.00000 ||
	||------------------------------------------------------------------------------------------||

	||------------------------------------------------------------------------------------------||
	||                                    OUTPUT COVARIANCE                                     ||
	||------------------------------------------------------------------------------------------||
	||  0.99994 | 0.16545 | 0.24057 | 0.34986 | 0.26006 | 0.16206 | 0.00268 | 0.04008 | 0.11675 ||
	||  0.16545 | 0.99998 | 0.00234 | 0.00349 |-0.00451 |-0.00148 | 0.00085 | 0.00175 | 0.00118 ||
	||  0.24057 | 0.00234 | 0.99997 | 0.00215 |-0.00143 |-0.00311 | 0.00049 |-0.00131 | 0.00111 ||
	||  0.34986 | 0.00349 | 0.00215 | 0.99998 | 0.00624 |-0.00021 | 0.00322 | 0.00522 |-0.00558 ||
	||  0.26006 |-0.00451 |-0.00143 | 0.00624 | 0.99993 | 0.00189 |-0.00642 |-0.00393 | 0.00283 ||
	||  0.16206 |-0.00148 |-0.00311 |-0.00021 | 0.00189 | 0.99998 | 0.00400 | 0.00418 | 0.00533 ||
	||  0.00268 | 0.00085 | 0.00049 | 0.00322 |-0.00642 | 0.00400 | 0.99998 |-0.00240 | 0.00111 ||
	||  0.04008 | 0.00175 |-0.00131 | 0.00522 |-0.00393 | 0.00418 |-0.00240 | 0.99996 |-0.00165 ||
	||  0.11675 | 0.00118 | 0.00111 |-0.00558 | 0.00283 | 0.00533 | 0.00111 |-0.00165 | 0.99992 ||
	||------------------------------------------------------------------------------------------||

</pre>
</span>
</div>
</div>
<div id="footer">
<p>
<div>
<label class="hidden" id="label-for-line-wrapping-toggle" for="line-wrapping-toggle">Wrap lines
<input id="line-wrapping-toggle" type="checkbox" autocomplete="off"/>
</label>
</div>Generated by 
<a href="http://www.gradle.org">Gradle 3.5</a> at Nov 9, 2019 10:03:50 PM</p>
</div>
</div>
</body>
</html>
