<!DOCTYPE html>
<html>
<head>
<meta http-equiv="Content-Type" content="text/html; charset=utf-8"/>
<meta http-equiv="x-ua-compatible" content="IE=edge"/>
<title>Test results - Class org.drip.coverage.sequence.Statistics</title>
<link href="../css/base-style.css" rel="stylesheet" type="text/css"/>
<link href="../css/style.css" rel="stylesheet" type="text/css"/>
<script src="../js/report.js" type="text/javascript"></script>
</head>
<body>
<div id="content">
<h1>Class org.drip.coverage.sequence.Statistics</h1>
<div class="breadcrumbs">
<a href="../index.html">all</a> &gt; 
<a href="../packages/org.drip.coverage.sequence.html">org.drip.coverage.sequence</a> &gt; Statistics</div>
<div id="summary">
<table>
<tr>
<td>
<div class="summaryGroup">
<table>
<tr>
<td>
<div class="infoBox" id="tests">
<div class="counter">1</div>
<p>tests</p>
</div>
</td>
<td>
<div class="infoBox" id="failures">
<div class="counter">0</div>
<p>failures</p>
</div>
</td>
<td>
<div class="infoBox" id="ignored">
<div class="counter">0</div>
<p>ignored</p>
</div>
</td>
<td>
<div class="infoBox" id="duration">
<div class="counter">9.825s</div>
<p>duration</p>
</div>
</td>
</tr>
</table>
</div>
</td>
<td>
<div class="infoBox success" id="successRate">
<div class="percent">100%</div>
<p>successful</p>
</div>
</td>
</tr>
</table>
</div>
<div id="tabs">
<ul class="tabLinks">
<li>
<a href="#tab0">Tests</a>
</li>
<li>
<a href="#tab1">Standard output</a>
</li>
</ul>
<div id="tab0" class="tab">
<h2>Tests</h2>
<table>
<thead>
<tr>
<th>Test</th>
<th>Duration</th>
<th>Result</th>
</tr>
</thead>
<tr>
<td class="success">codeCoverageTest</td>
<td>9.825s</td>
<td class="success">passed</td>
</tr>
</table>
</div>
<div id="tab1" class="tab">
<h2>Standard output</h2>
<span class="code">
<pre>
	|-----------------------------------------------------------------|
	|    Copyright (C) 2011-2018 (DRIP)
	|-----------------------------------------------------------------|
	|    Build Version  =&gt; 3.39.0 multi mode
	|    Build JVM (TM) =&gt; 1.8.0_112
	|    Build Snap     =&gt; Sat Apr 07 16:49:44 EST 2018
	|    Start Time     =&gt; Sun Apr 15 14:51:45 EDT 2018
	|    Setup Time     =&gt; Sun Apr 15 14:51:45 EDT 2018
	|    Setup Duration =&gt; 0 ms
	|-----------------------------------------------------------------|


	||-------------------------------------------||
	||                R^1 METRICS                ||
	||-------------------------------------------||
	||    L -&gt; R:                                ||
	||            - Mean                         ||
	||            - Error                        ||
	||            - Variance                     ||
	||            - Standard Deviation           ||
	||-------------------------------------------||
	|| -0.00218 |  0.79765 |  0.99839 |  0.99920 ||
	||  0.00154 |  0.79904 |  1.00360 |  1.00180 ||
	||  0.00249 |  0.80058 |  1.00383 |  1.00191 ||
	||  0.00844 |  0.79970 |  1.00543 |  1.00271 ||
	|| -0.00837 |  0.79782 |  1.00322 |  1.00161 ||
	|| -0.00184 |  0.79843 |  1.00196 |  1.00098 ||
	|| -0.00093 |  0.79135 |  0.98211 |  0.99102 ||
	||  0.00019 |  0.79461 |  0.99303 |  0.99651 ||
	||  0.00027 |  0.79713 |  0.99872 |  0.99936 ||
	||-------------------------------------------||

	||------------------------------------------------------------------------------------------||
	||                                     INPUT CORRELATION                                    ||
	||------------------------------------------------------------------------------------------||
	||  1.00000 | 0.16100 | 0.24500 | 0.35200 | 0.25900 | 0.16600 | 0.00300 | 0.03800 | 0.11400 ||
	||  0.16100 | 1.00000 | 0.00000 | 0.00000 | 0.00000 | 0.00000 | 0.00000 | 0.00000 | 0.00000 ||
	||  0.24500 | 0.00000 | 1.00000 | 0.00000 | 0.00000 | 0.00000 | 0.00000 | 0.00000 | 0.00000 ||
	||  0.35200 | 0.00000 | 0.00000 | 1.00000 | 0.00000 | 0.00000 | 0.00000 | 0.00000 | 0.00000 ||
	||  0.25900 | 0.00000 | 0.00000 | 0.00000 | 1.00000 | 0.00000 | 0.00000 | 0.00000 | 0.00000 ||
	||  0.16600 | 0.00000 | 0.00000 | 0.00000 | 0.00000 | 1.00000 | 0.00000 | 0.00000 | 0.00000 ||
	||  0.00300 | 0.00000 | 0.00000 | 0.00000 | 0.00000 | 0.00000 | 1.00000 | 0.00000 | 0.00000 ||
	||  0.03800 | 0.00000 | 0.00000 | 0.00000 | 0.00000 | 0.00000 | 0.00000 | 1.00000 | 0.00000 ||
	||  0.11400 | 0.00000 | 0.00000 | 0.00000 | 0.00000 | 0.00000 | 0.00000 | 0.00000 | 1.00000 ||
	||------------------------------------------------------------------------------------------||

	||------------------------------------------------------------------------------------------||
	||                                    OUTPUT CORRELATION                                    ||
	||------------------------------------------------------------------------------------------||
	||  1.00000 | 0.16528 | 0.24694 | 0.34966 | 0.26531 | 0.16244 | 0.00679 | 0.04368 | 0.11594 ||
	||  0.16528 | 1.00000 |-0.00191 |-0.00195 | 0.00343 |-0.00814 |-0.00314 |-0.00091 | 0.00906 ||
	||  0.24694 |-0.00191 | 1.00000 |-0.00776 | 0.00330 | 0.01009 |-0.00247 | 0.00239 | 0.00285 ||
	||  0.34966 |-0.00195 |-0.00776 | 1.00000 |-0.00021 |-0.00260 | 0.00757 |-0.00199 | 0.00108 ||
	||  0.26531 | 0.00343 | 0.00330 |-0.00021 | 1.00000 |-0.00088 |-0.00044 | 0.00468 |-0.00133 ||
	||  0.16244 |-0.00814 | 0.01009 |-0.00260 |-0.00088 | 1.00000 |-0.00087 | 0.00302 |-0.00432 ||
	||  0.00679 |-0.00314 |-0.00247 | 0.00757 |-0.00044 |-0.00087 | 1.00000 |-0.00132 |-0.00489 ||
	||  0.04368 |-0.00091 | 0.00239 |-0.00199 | 0.00468 | 0.00302 |-0.00132 | 1.00000 |-0.00208 ||
	||  0.11594 | 0.00906 | 0.00285 | 0.00108 |-0.00133 |-0.00432 |-0.00489 |-0.00208 | 1.00000 ||
	||------------------------------------------------------------------------------------------||

	||------------------------------------------------------------------------------------------||
	||                                    OUTPUT COVARIANCE                                     ||
	||------------------------------------------------------------------------------------------||
	||  0.99839 | 0.16544 | 0.24721 | 0.35033 | 0.26552 | 0.16247 | 0.00672 | 0.04349 | 0.11577 ||
	||  0.16544 | 1.00360 |-0.00192 |-0.00196 | 0.00344 |-0.00816 |-0.00311 |-0.00091 | 0.00907 ||
	||  0.24721 |-0.00192 | 1.00383 |-0.00780 | 0.00331 | 0.01012 |-0.00246 | 0.00239 | 0.00285 ||
	||  0.35033 |-0.00196 |-0.00780 | 1.00543 |-0.00021 |-0.00261 | 0.00752 |-0.00198 | 0.00108 ||
	||  0.26552 | 0.00344 | 0.00331 |-0.00021 | 1.00322 |-0.00088 |-0.00044 | 0.00467 |-0.00133 ||
	||  0.16247 |-0.00816 | 0.01012 |-0.00261 |-0.00088 | 1.00196 |-0.00086 | 0.00301 |-0.00432 ||
	||  0.00672 |-0.00311 |-0.00246 | 0.00752 |-0.00044 |-0.00086 | 0.98211 |-0.00130 |-0.00484 ||
	||  0.04349 |-0.00091 | 0.00239 |-0.00198 | 0.00467 | 0.00301 |-0.00130 | 0.99303 |-0.00207 ||
	||  0.11577 | 0.00907 | 0.00285 | 0.00108 |-0.00133 |-0.00432 |-0.00484 |-0.00207 | 0.99872 ||
	||------------------------------------------------------------------------------------------||


	|-----------------------------------------------------------------|
	|    Copyright (C) 2011-2018 (DRIP)
	|-----------------------------------------------------------------|
	|    Build Version  =&gt; 3.39.0 multi mode
	|    Build JVM (TM) =&gt; 1.8.0_112
	|    Build Snap     =&gt; Sat Apr 07 16:49:44 EST 2018
	|    Start Time     =&gt; Sun Apr 15 14:51:47 EDT 2018
	|    Setup Time     =&gt; Sun Apr 15 14:51:47 EDT 2018
	|    Setup Duration =&gt; 0 ms
	|-----------------------------------------------------------------|


	||-------------------------------------------||
	||                R^1 METRICS                ||
	||-------------------------------------------||
	||    L -&gt; R:                                ||
	||            - Mean                         ||
	||            - Error                        ||
	||            - Variance                     ||
	||            - Standard Deviation           ||
	||-------------------------------------------||
	|| -0.00304 |  0.79853 |  1.00501 |  1.00250 ||
	|| -0.00512 |  0.79896 |  1.00257 |  1.00129 ||
	||  0.00005 |  0.79917 |  1.00410 |  1.00205 ||
	|| -0.00102 |  0.79879 |  0.99899 |  0.99950 ||
	||  0.00060 |  0.79741 |  0.99909 |  0.99954 ||
	|| -0.00719 |  0.79995 |  0.99927 |  0.99963 ||
	|| -0.00592 |  0.79181 |  0.98460 |  0.99227 ||
	||  0.00432 |  0.79495 |  0.99390 |  0.99695 ||
	|| -0.00361 |  0.79755 |  1.00055 |  1.00028 ||
	||-------------------------------------------||

	||------------------------------------------------------------------------------------------||
	||                                     INPUT CORRELATION                                    ||
	||------------------------------------------------------------------------------------------||
	||  1.00000 | 0.16100 | 0.24500 | 0.35200 | 0.25900 | 0.16600 | 0.00300 | 0.03800 | 0.11400 ||
	||  0.16100 | 1.00000 | 0.00000 | 0.00000 | 0.00000 | 0.00000 | 0.00000 | 0.00000 | 0.00000 ||
	||  0.24500 | 0.00000 | 1.00000 | 0.00000 | 0.00000 | 0.00000 | 0.00000 | 0.00000 | 0.00000 ||
	||  0.35200 | 0.00000 | 0.00000 | 1.00000 | 0.00000 | 0.00000 | 0.00000 | 0.00000 | 0.00000 ||
	||  0.25900 | 0.00000 | 0.00000 | 0.00000 | 1.00000 | 0.00000 | 0.00000 | 0.00000 | 0.00000 ||
	||  0.16600 | 0.00000 | 0.00000 | 0.00000 | 0.00000 | 1.00000 | 0.00000 | 0.00000 | 0.00000 ||
	||  0.00300 | 0.00000 | 0.00000 | 0.00000 | 0.00000 | 0.00000 | 1.00000 | 0.00000 | 0.00000 ||
	||  0.03800 | 0.00000 | 0.00000 | 0.00000 | 0.00000 | 0.00000 | 0.00000 | 1.00000 | 0.00000 ||
	||  0.11400 | 0.00000 | 0.00000 | 0.00000 | 0.00000 | 0.00000 | 0.00000 | 0.00000 | 1.00000 ||
	||------------------------------------------------------------------------------------------||

	||------------------------------------------------------------------------------------------||
	||                                    OUTPUT CORRELATION                                    ||
	||------------------------------------------------------------------------------------------||
	||  1.00000 | 0.15552 | 0.25425 | 0.35444 | 0.26029 | 0.16742 | 0.00513 | 0.03752 | 0.10588 ||
	||  0.15552 | 1.00000 |-0.00501 | 0.00039 |-0.00468 | 0.00044 | 0.00037 |-0.00322 | 0.00145 ||
	||  0.25425 |-0.00501 | 1.00000 | 0.00616 | 0.00053 |-0.00278 | 0.00856 | 0.00538 |-0.00014 ||
	||  0.35444 | 0.00039 | 0.00616 | 1.00000 |-0.00251 | 0.00176 |-0.00051 |-0.00901 |-0.00247 ||
	||  0.26029 |-0.00468 | 0.00053 |-0.00251 | 1.00000 | 0.00034 | 0.00452 |-0.00117 | 0.00110 ||
	||  0.16742 | 0.00044 |-0.00278 | 0.00176 | 0.00034 | 1.00000 |-0.00285 |-0.00155 |-0.00105 ||
	||  0.00513 | 0.00037 | 0.00856 |-0.00051 | 0.00452 |-0.00285 | 1.00000 |-0.00139 |-0.00533 ||
	||  0.03752 |-0.00322 | 0.00538 |-0.00901 |-0.00117 |-0.00155 |-0.00139 | 1.00000 | 0.00118 ||
	||  0.10588 | 0.00145 |-0.00014 |-0.00247 | 0.00110 |-0.00105 |-0.00533 | 0.00118 | 1.00000 ||
	||------------------------------------------------------------------------------------------||

	||------------------------------------------------------------------------------------------||
	||                                    OUTPUT COVARIANCE                                     ||
	||------------------------------------------------------------------------------------------||
	||  1.00501 | 0.15611 | 0.25541 | 0.35515 | 0.26083 | 0.16777 | 0.00511 | 0.03750 | 0.10617 ||
	||  0.15611 | 1.00257 |-0.00503 | 0.00039 |-0.00469 | 0.00044 | 0.00036 |-0.00322 | 0.00145 ||
	||  0.25541 |-0.00503 | 1.00410 | 0.00617 | 0.00053 |-0.00279 | 0.00851 | 0.00537 |-0.00014 ||
	||  0.35515 | 0.00039 | 0.00617 | 0.99899 |-0.00250 | 0.00175 |-0.00050 |-0.00898 |-0.00246 ||
	||  0.26083 |-0.00469 | 0.00053 |-0.00250 | 0.99909 | 0.00034 | 0.00448 |-0.00117 | 0.00110 ||
	||  0.16777 | 0.00044 |-0.00279 | 0.00175 | 0.00034 | 0.99927 |-0.00283 |-0.00155 |-0.00105 ||
	||  0.00511 | 0.00036 | 0.00851 |-0.00050 | 0.00448 |-0.00283 | 0.98460 |-0.00137 |-0.00529 ||
	||  0.03750 |-0.00322 | 0.00537 |-0.00898 |-0.00117 |-0.00155 |-0.00137 | 0.99390 | 0.00118 ||
	||  0.10617 | 0.00145 |-0.00014 |-0.00246 | 0.00110 |-0.00105 |-0.00529 | 0.00118 | 1.00055 ||
	||------------------------------------------------------------------------------------------||


	|-----------------------------------------------------------------|
	|    Copyright (C) 2011-2018 (DRIP)
	|-----------------------------------------------------------------|
	|    Build Version  =&gt; 3.39.0 multi mode
	|    Build JVM (TM) =&gt; 1.8.0_112
	|    Build Snap     =&gt; Sat Apr 07 16:49:44 EST 2018
	|    Start Time     =&gt; Sun Apr 15 14:51:50 EDT 2018
	|    Setup Time     =&gt; Sun Apr 15 14:51:50 EDT 2018
	|    Setup Duration =&gt; 0 ms
	|-----------------------------------------------------------------|


	||-------------------------------------------||
	||                R^1 METRICS                ||
	||-------------------------------------------||
	||    L -&gt; R:                                ||
	||            - Mean                         ||
	||            - Error                        ||
	||            - Variance                     ||
	||            - Standard Deviation           ||
	||-------------------------------------------||
	||  0.00423 |  0.79724 |  0.99998 |  0.99999 ||
	||  0.00885 |  0.79860 |  0.99992 |  0.99996 ||
	||  0.00003 |  0.79644 |  1.00000 |  1.00000 ||
	||  0.00421 |  0.79790 |  0.99998 |  0.99999 ||
	|| -0.00338 |  0.79927 |  0.99999 |  0.99999 ||
	||  0.00315 |  0.79742 |  0.99999 |  1.00000 ||
	||  0.00531 |  0.79729 |  0.99997 |  0.99999 ||
	||  0.00501 |  0.79953 |  0.99997 |  0.99999 ||
	|| -0.00142 |  0.79800 |  1.00000 |  1.00000 ||
	||-------------------------------------------||

	||------------------------------------------------------------------------------------------||
	||                                     INPUT CORRELATION                                    ||
	||------------------------------------------------------------------------------------------||
	||  1.00000 | 0.16100 | 0.24500 | 0.35200 | 0.25900 | 0.16600 | 0.00300 | 0.03800 | 0.11400 ||
	||  0.16100 | 1.00000 | 0.00000 | 0.00000 | 0.00000 | 0.00000 | 0.00000 | 0.00000 | 0.00000 ||
	||  0.24500 | 0.00000 | 1.00000 | 0.00000 | 0.00000 | 0.00000 | 0.00000 | 0.00000 | 0.00000 ||
	||  0.35200 | 0.00000 | 0.00000 | 1.00000 | 0.00000 | 0.00000 | 0.00000 | 0.00000 | 0.00000 ||
	||  0.25900 | 0.00000 | 0.00000 | 0.00000 | 1.00000 | 0.00000 | 0.00000 | 0.00000 | 0.00000 ||
	||  0.16600 | 0.00000 | 0.00000 | 0.00000 | 0.00000 | 1.00000 | 0.00000 | 0.00000 | 0.00000 ||
	||  0.00300 | 0.00000 | 0.00000 | 0.00000 | 0.00000 | 0.00000 | 1.00000 | 0.00000 | 0.00000 ||
	||  0.03800 | 0.00000 | 0.00000 | 0.00000 | 0.00000 | 0.00000 | 0.00000 | 1.00000 | 0.00000 ||
	||  0.11400 | 0.00000 | 0.00000 | 0.00000 | 0.00000 | 0.00000 | 0.00000 | 0.00000 | 1.00000 ||
	||------------------------------------------------------------------------------------------||

	||------------------------------------------------------------------------------------------||
	||                                    OUTPUT CORRELATION                                    ||
	||------------------------------------------------------------------------------------------||
	||  1.00000 | 0.15737 | 0.24561 | 0.35258 | 0.26590 | 0.16728 | 0.00588 | 0.03753 | 0.11703 ||
	||  0.15737 | 1.00000 | 0.00007 |-0.00032 |-0.00410 |-0.00747 |-0.00265 |-0.00118 | 0.00438 ||
	||  0.24561 | 0.00007 | 1.00000 | 0.00159 |-0.00170 | 0.00254 |-0.00056 | 0.00419 | 0.00024 ||
	||  0.35258 |-0.00032 | 0.00159 | 1.00000 | 0.00612 |-0.00242 | 0.00172 | 0.00339 |-0.01040 ||
	||  0.26590 |-0.00410 |-0.00170 | 0.00612 | 1.00000 |-0.00313 | 0.00293 |-0.00683 | 0.00079 ||
	||  0.16728 |-0.00747 | 0.00254 |-0.00242 |-0.00313 | 1.00000 |-0.00087 | 0.00972 | 0.00284 ||
	||  0.00588 |-0.00265 |-0.00056 | 0.00172 | 0.00293 |-0.00087 | 1.00000 | 0.01148 |-0.00386 ||
	||  0.03753 |-0.00118 | 0.00419 | 0.00339 |-0.00683 | 0.00972 | 0.01148 | 1.00000 | 0.00283 ||
	||  0.11703 | 0.00438 | 0.00024 |-0.01040 | 0.00079 | 0.00284 |-0.00386 | 0.00283 | 1.00000 ||
	||------------------------------------------------------------------------------------------||

	||------------------------------------------------------------------------------------------||
	||                                    OUTPUT COVARIANCE                                     ||
	||------------------------------------------------------------------------------------------||
	||  0.99998 | 0.15736 | 0.24560 | 0.35257 | 0.26590 | 0.16728 | 0.00588 | 0.03753 | 0.11703 ||
	||  0.15736 | 0.99992 | 0.00007 |-0.00032 |-0.00410 |-0.00747 |-0.00265 |-0.00118 | 0.00438 ||
	||  0.24560 | 0.00007 | 1.00000 | 0.00159 |-0.00170 | 0.00254 |-0.00056 | 0.00419 | 0.00024 ||
	||  0.35257 |-0.00032 | 0.00159 | 0.99998 | 0.00612 |-0.00242 | 0.00172 | 0.00339 |-0.01040 ||
	||  0.26590 |-0.00410 |-0.00170 | 0.00612 | 0.99999 |-0.00313 | 0.00293 |-0.00683 | 0.00079 ||
	||  0.16728 |-0.00747 | 0.00254 |-0.00242 |-0.00313 | 0.99999 |-0.00087 | 0.00972 | 0.00284 ||
	||  0.00588 |-0.00265 |-0.00056 | 0.00172 | 0.00293 |-0.00087 | 0.99997 | 0.01148 |-0.00386 ||
	||  0.03753 |-0.00118 | 0.00419 | 0.00339 |-0.00683 | 0.00972 | 0.01148 | 0.99997 | 0.00283 ||
	||  0.11703 | 0.00438 | 0.00024 |-0.01040 | 0.00079 | 0.00284 |-0.00386 | 0.00283 | 1.00000 ||
	||------------------------------------------------------------------------------------------||


	|-----------------------------------------------------------------|
	|    Copyright (C) 2011-2018 (DRIP)
	|-----------------------------------------------------------------|
	|    Build Version  =&gt; 3.39.0 multi mode
	|    Build JVM (TM) =&gt; 1.8.0_112
	|    Build Snap     =&gt; Sat Apr 07 16:49:44 EST 2018
	|    Start Time     =&gt; Sun Apr 15 14:51:52 EDT 2018
	|    Setup Time     =&gt; Sun Apr 15 14:51:52 EDT 2018
	|    Setup Duration =&gt; 0 ms
	|-----------------------------------------------------------------|


	||-------------------------------------------||
	||                R^1 METRICS                ||
	||-------------------------------------------||
	||    L -&gt; R:                                ||
	||            - Mean                         ||
	||            - Error                        ||
	||            - Variance                     ||
	||            - Standard Deviation           ||
	||-------------------------------------------||
	|| -0.00186 |  0.79818 |  0.99998 |  0.99999 ||
	|| -0.00084 |  0.79741 |  0.99998 |  0.99999 ||
	||  0.00132 |  0.79706 |  0.99998 |  0.99999 ||
	|| -0.00710 |  0.79644 |  0.99993 |  0.99996 ||
	||  0.00359 |  0.79659 |  0.99997 |  0.99998 ||
	||  0.00238 |  0.79700 |  0.99997 |  0.99999 ||
	|| -0.00072 |  0.79907 |  0.99998 |  0.99999 ||
	||  0.00118 |  0.79846 |  0.99998 |  0.99999 ||
	||  0.00132 |  0.79709 |  0.99998 |  0.99999 ||
	||-------------------------------------------||

	||------------------------------------------------------------------------------------------||
	||                                     INPUT CORRELATION                                    ||
	||------------------------------------------------------------------------------------------||
	||  1.00000 | 0.16100 | 0.24500 | 0.35200 | 0.25900 | 0.16600 | 0.00300 | 0.03800 | 0.11400 ||
	||  0.16100 | 1.00000 | 0.00000 | 0.00000 | 0.00000 | 0.00000 | 0.00000 | 0.00000 | 0.00000 ||
	||  0.24500 | 0.00000 | 1.00000 | 0.00000 | 0.00000 | 0.00000 | 0.00000 | 0.00000 | 0.00000 ||
	||  0.35200 | 0.00000 | 0.00000 | 1.00000 | 0.00000 | 0.00000 | 0.00000 | 0.00000 | 0.00000 ||
	||  0.25900 | 0.00000 | 0.00000 | 0.00000 | 1.00000 | 0.00000 | 0.00000 | 0.00000 | 0.00000 ||
	||  0.16600 | 0.00000 | 0.00000 | 0.00000 | 0.00000 | 1.00000 | 0.00000 | 0.00000 | 0.00000 ||
	||  0.00300 | 0.00000 | 0.00000 | 0.00000 | 0.00000 | 0.00000 | 1.00000 | 0.00000 | 0.00000 ||
	||  0.03800 | 0.00000 | 0.00000 | 0.00000 | 0.00000 | 0.00000 | 0.00000 | 1.00000 | 0.00000 ||
	||  0.11400 | 0.00000 | 0.00000 | 0.00000 | 0.00000 | 0.00000 | 0.00000 | 0.00000 | 1.00000 ||
	||------------------------------------------------------------------------------------------||

	||------------------------------------------------------------------------------------------||
	||                                    OUTPUT CORRELATION                                    ||
	||------------------------------------------------------------------------------------------||
	||  1.00000 | 0.15983 | 0.23916 | 0.34913 | 0.25960 | 0.16897 | 0.00643 | 0.03702 | 0.12047 ||
	||  0.15983 | 1.00000 | 0.00250 |-0.00127 |-0.00474 | 0.00264 | 0.00801 | 0.00212 | 0.00507 ||
	||  0.23916 | 0.00250 | 1.00000 | 0.00027 | 0.00757 |-0.00221 |-0.00064 |-0.00191 | 0.00074 ||
	||  0.34913 |-0.00127 | 0.00027 | 1.00000 |-0.00139 |-0.00200 |-0.00051 | 0.00722 |-0.00204 ||
	||  0.25960 |-0.00474 | 0.00757 |-0.00139 | 1.00000 | 0.00309 | 0.00004 |-0.00761 |-0.00036 ||
	||  0.16897 | 0.00264 |-0.00221 |-0.00200 | 0.00309 | 1.00000 | 0.00436 |-0.00116 | 0.00547 ||
	||  0.00643 | 0.00801 |-0.00064 |-0.00051 | 0.00004 | 0.00436 | 1.00000 | 0.00026 |-0.00214 ||
	||  0.03702 | 0.00212 |-0.00191 | 0.00722 |-0.00761 |-0.00116 | 0.00026 | 1.00000 | 0.00569 ||
	||  0.12047 | 0.00507 | 0.00074 |-0.00204 |-0.00036 | 0.00547 |-0.00214 | 0.00569 | 1.00000 ||
	||------------------------------------------------------------------------------------------||

	||------------------------------------------------------------------------------------------||
	||                                    OUTPUT COVARIANCE                                     ||
	||------------------------------------------------------------------------------------------||
	||  0.99998 | 0.15982 | 0.23915 | 0.34911 | 0.25959 | 0.16896 | 0.00643 | 0.03701 | 0.12047 ||
	||  0.15982 | 0.99998 | 0.00250 |-0.00127 |-0.00474 | 0.00264 | 0.00801 | 0.00212 | 0.00507 ||
	||  0.23915 | 0.00250 | 0.99998 | 0.00027 | 0.00757 |-0.00221 |-0.00064 |-0.00191 | 0.00074 ||
	||  0.34911 |-0.00127 | 0.00027 | 0.99993 |-0.00139 |-0.00200 |-0.00051 | 0.00722 |-0.00204 ||
	||  0.25959 |-0.00474 | 0.00757 |-0.00139 | 0.99997 | 0.00309 | 0.00004 |-0.00761 |-0.00036 ||
	||  0.16896 | 0.00264 |-0.00221 |-0.00200 | 0.00309 | 0.99997 | 0.00436 |-0.00116 | 0.00547 ||
	||  0.00643 | 0.00801 |-0.00064 |-0.00051 | 0.00004 | 0.00436 | 0.99998 | 0.00026 |-0.00214 ||
	||  0.03701 | 0.00212 |-0.00191 | 0.00722 |-0.00761 |-0.00116 | 0.00026 | 0.99998 | 0.00569 ||
	||  0.12047 | 0.00507 | 0.00074 |-0.00204 |-0.00036 | 0.00547 |-0.00214 | 0.00569 | 0.99998 ||
	||------------------------------------------------------------------------------------------||

</pre>
</span>
</div>
</div>
<div id="footer">
<p>
<div>
<label class="hidden" id="label-for-line-wrapping-toggle" for="line-wrapping-toggle">Wrap lines
<input id="line-wrapping-toggle" type="checkbox" autocomplete="off"/>
</label>
</div>Generated by 
<a href="http://www.gradle.org">Gradle 3.5</a> at Apr 15, 2018 11:01:29 PM</p>
</div>
</div>
</body>
</html>
