<!DOCTYPE html>
<html>
<head>
<meta http-equiv="Content-Type" content="text/html; charset=utf-8"/>
<meta http-equiv="x-ua-compatible" content="IE=edge"/>
<title>Test results - Class org.drip.coverage.sequence.Statistics</title>
<link href="../css/base-style.css" rel="stylesheet" type="text/css"/>
<link href="../css/style.css" rel="stylesheet" type="text/css"/>
<script src="../js/report.js" type="text/javascript"></script>
</head>
<body>
<div id="content">
<h1>Class org.drip.coverage.sequence.Statistics</h1>
<div class="breadcrumbs">
<a href="../index.html">all</a> &gt; 
<a href="../packages/org.drip.coverage.sequence.html">org.drip.coverage.sequence</a> &gt; Statistics</div>
<div id="summary">
<table>
<tr>
<td>
<div class="summaryGroup">
<table>
<tr>
<td>
<div class="infoBox" id="tests">
<div class="counter">1</div>
<p>tests</p>
</div>
</td>
<td>
<div class="infoBox" id="failures">
<div class="counter">0</div>
<p>failures</p>
</div>
</td>
<td>
<div class="infoBox" id="ignored">
<div class="counter">0</div>
<p>ignored</p>
</div>
</td>
<td>
<div class="infoBox" id="duration">
<div class="counter">9.919s</div>
<p>duration</p>
</div>
</td>
</tr>
</table>
</div>
</td>
<td>
<div class="infoBox success" id="successRate">
<div class="percent">100%</div>
<p>successful</p>
</div>
</td>
</tr>
</table>
</div>
<div id="tabs">
<ul class="tabLinks">
<li>
<a href="#tab0">Tests</a>
</li>
<li>
<a href="#tab1">Standard output</a>
</li>
</ul>
<div id="tab0" class="tab">
<h2>Tests</h2>
<table>
<thead>
<tr>
<th>Test</th>
<th>Duration</th>
<th>Result</th>
</tr>
</thead>
<tr>
<td class="success">codeCoverageTest</td>
<td>9.919s</td>
<td class="success">passed</td>
</tr>
</table>
</div>
<div id="tab1" class="tab">
<h2>Standard output</h2>
<span class="code">
<pre>
	|-----------------------------------------------------------------|
	|    Copyright (C) 2011-2019 (DRIP, DROP)
	|-----------------------------------------------------------------|
	|    Build Version  =&gt; 4.19.0 multi mode
	|    Build JVM (TM) =&gt; 1.8.0_112
	|    Build Snap     =&gt; Thu Jul 04 22:11:11 EST 2019
	|    Start Time     =&gt; Mon Jul 08 13:39:19 EDT 2019
	|    Setup Time     =&gt; Mon Jul 08 13:39:19 EDT 2019
	|    Setup Duration =&gt; 0 ms
	|-----------------------------------------------------------------|


	||-------------------------------------------||
	||                R^1 METRICS                ||
	||-------------------------------------------||
	||    L -&gt; R:                                ||
	||            - Mean                         ||
	||            - Error                        ||
	||            - Variance                     ||
	||            - Standard Deviation           ||
	||-------------------------------------------||
	||  0.00095 |  0.79809 |  1.00362 |  1.00181 ||
	|| -0.00286 |  0.79794 |  1.00141 |  1.00070 ||
	||  0.00457 |  0.79878 |  0.99914 |  0.99957 ||
	||  0.00743 |  0.79962 |  0.99990 |  0.99995 ||
	||  0.00669 |  0.80122 |  1.00472 |  1.00236 ||
	|| -0.01232 |  0.79405 |  0.98905 |  0.99451 ||
	||  0.00914 |  0.79917 |  1.00194 |  1.00097 ||
	|| -0.00228 |  0.79576 |  0.99608 |  0.99804 ||
	||  0.00450 |  0.80013 |  1.00196 |  1.00098 ||
	||-------------------------------------------||

	||------------------------------------------------------------------------------------------||
	||                                     INPUT CORRELATION                                    ||
	||------------------------------------------------------------------------------------------||
	||  1.00000 | 0.16100 | 0.24500 | 0.35200 | 0.25900 | 0.16600 | 0.00300 | 0.03800 | 0.11400 ||
	||  0.16100 | 1.00000 | 0.00000 | 0.00000 | 0.00000 | 0.00000 | 0.00000 | 0.00000 | 0.00000 ||
	||  0.24500 | 0.00000 | 1.00000 | 0.00000 | 0.00000 | 0.00000 | 0.00000 | 0.00000 | 0.00000 ||
	||  0.35200 | 0.00000 | 0.00000 | 1.00000 | 0.00000 | 0.00000 | 0.00000 | 0.00000 | 0.00000 ||
	||  0.25900 | 0.00000 | 0.00000 | 0.00000 | 1.00000 | 0.00000 | 0.00000 | 0.00000 | 0.00000 ||
	||  0.16600 | 0.00000 | 0.00000 | 0.00000 | 0.00000 | 1.00000 | 0.00000 | 0.00000 | 0.00000 ||
	||  0.00300 | 0.00000 | 0.00000 | 0.00000 | 0.00000 | 0.00000 | 1.00000 | 0.00000 | 0.00000 ||
	||  0.03800 | 0.00000 | 0.00000 | 0.00000 | 0.00000 | 0.00000 | 0.00000 | 1.00000 | 0.00000 ||
	||  0.11400 | 0.00000 | 0.00000 | 0.00000 | 0.00000 | 0.00000 | 0.00000 | 0.00000 | 1.00000 ||
	||------------------------------------------------------------------------------------------||

	||------------------------------------------------------------------------------------------||
	||                                    OUTPUT CORRELATION                                    ||
	||------------------------------------------------------------------------------------------||
	||  1.00000 | 0.15799 | 0.24286 | 0.35944 | 0.25532 | 0.16182 |-0.00179 | 0.04484 | 0.12345 ||
	||  0.15799 | 1.00000 |-0.00022 | 0.00200 | 0.00092 |-0.00198 |-0.00021 | 0.00627 | 0.00236 ||
	||  0.24286 |-0.00022 | 1.00000 |-0.00203 |-0.00412 | 0.00197 |-0.00076 |-0.00514 |-0.00431 ||
	||  0.35944 | 0.00200 |-0.00203 | 1.00000 | 0.00469 | 0.00808 |-0.00308 | 0.00311 | 0.00179 ||
	||  0.25532 | 0.00092 |-0.00412 | 0.00469 | 1.00000 | 0.00032 |-0.00415 | 0.00421 | 0.00057 ||
	||  0.16182 |-0.00198 | 0.00197 | 0.00808 | 0.00032 | 1.00000 | 0.00334 | 0.00283 |-0.00534 ||
	|| -0.00179 |-0.00021 |-0.00076 |-0.00308 |-0.00415 | 0.00334 | 1.00000 |-0.00187 |-0.00165 ||
	||  0.04484 | 0.00627 |-0.00514 | 0.00311 | 0.00421 | 0.00283 |-0.00187 | 1.00000 | 0.00284 ||
	||  0.12345 | 0.00236 |-0.00431 | 0.00179 | 0.00057 |-0.00534 |-0.00165 | 0.00284 | 1.00000 ||
	||------------------------------------------------------------------------------------------||

	||------------------------------------------------------------------------------------------||
	||                                    OUTPUT COVARIANCE                                     ||
	||------------------------------------------------------------------------------------------||
	||  1.00362 | 0.15838 | 0.24319 | 0.36008 | 0.25638 | 0.16123 |-0.00179 | 0.04484 | 0.12380 ||
	||  0.15838 | 1.00141 |-0.00022 | 0.00200 | 0.00093 |-0.00197 |-0.00021 | 0.00627 | 0.00236 ||
	||  0.24319 |-0.00022 | 0.99914 |-0.00203 |-0.00413 | 0.00196 |-0.00076 |-0.00513 |-0.00431 ||
	||  0.36008 | 0.00200 |-0.00203 | 0.99990 | 0.00470 | 0.00803 |-0.00308 | 0.00311 | 0.00179 ||
	||  0.25638 | 0.00093 |-0.00413 | 0.00470 | 1.00472 | 0.00032 |-0.00416 | 0.00421 | 0.00058 ||
	||  0.16123 |-0.00197 | 0.00196 | 0.00803 | 0.00032 | 0.98905 | 0.00332 | 0.00281 |-0.00532 ||
	|| -0.00179 |-0.00021 |-0.00076 |-0.00308 |-0.00416 | 0.00332 | 1.00194 |-0.00187 |-0.00165 ||
	||  0.04484 | 0.00627 |-0.00513 | 0.00311 | 0.00421 | 0.00281 |-0.00187 | 0.99608 | 0.00284 ||
	||  0.12380 | 0.00236 |-0.00431 | 0.00179 | 0.00058 |-0.00532 |-0.00165 | 0.00284 | 1.00196 ||
	||------------------------------------------------------------------------------------------||


	|-----------------------------------------------------------------|
	|    Copyright (C) 2011-2019 (DRIP, DROP)
	|-----------------------------------------------------------------|
	|    Build Version  =&gt; 4.19.0 multi mode
	|    Build JVM (TM) =&gt; 1.8.0_112
	|    Build Snap     =&gt; Thu Jul 04 22:11:11 EST 2019
	|    Start Time     =&gt; Mon Jul 08 13:39:22 EDT 2019
	|    Setup Time     =&gt; Mon Jul 08 13:39:22 EDT 2019
	|    Setup Duration =&gt; 0 ms
	|-----------------------------------------------------------------|


	||-------------------------------------------||
	||                R^1 METRICS                ||
	||-------------------------------------------||
	||    L -&gt; R:                                ||
	||            - Mean                         ||
	||            - Error                        ||
	||            - Variance                     ||
	||            - Standard Deviation           ||
	||-------------------------------------------||
	|| -0.00242 |  0.79908 |  0.99919 |  0.99959 ||
	|| -0.01193 |  0.79538 |  0.99502 |  0.99751 ||
	||  0.00068 |  0.79836 |  0.99648 |  0.99824 ||
	||  0.00404 |  0.79713 |  0.99773 |  0.99886 ||
	||  0.00457 |  0.79987 |  1.00318 |  1.00159 ||
	||  0.00737 |  0.79793 |  1.00394 |  1.00197 ||
	|| -0.00401 |  0.79687 |  0.99481 |  0.99740 ||
	||  0.00365 |  0.80038 |  1.00682 |  1.00340 ||
	||  0.00377 |  0.78815 |  0.98341 |  0.99167 ||
	||-------------------------------------------||

	||------------------------------------------------------------------------------------------||
	||                                     INPUT CORRELATION                                    ||
	||------------------------------------------------------------------------------------------||
	||  1.00000 | 0.16100 | 0.24500 | 0.35200 | 0.25900 | 0.16600 | 0.00300 | 0.03800 | 0.11400 ||
	||  0.16100 | 1.00000 | 0.00000 | 0.00000 | 0.00000 | 0.00000 | 0.00000 | 0.00000 | 0.00000 ||
	||  0.24500 | 0.00000 | 1.00000 | 0.00000 | 0.00000 | 0.00000 | 0.00000 | 0.00000 | 0.00000 ||
	||  0.35200 | 0.00000 | 0.00000 | 1.00000 | 0.00000 | 0.00000 | 0.00000 | 0.00000 | 0.00000 ||
	||  0.25900 | 0.00000 | 0.00000 | 0.00000 | 1.00000 | 0.00000 | 0.00000 | 0.00000 | 0.00000 ||
	||  0.16600 | 0.00000 | 0.00000 | 0.00000 | 0.00000 | 1.00000 | 0.00000 | 0.00000 | 0.00000 ||
	||  0.00300 | 0.00000 | 0.00000 | 0.00000 | 0.00000 | 0.00000 | 1.00000 | 0.00000 | 0.00000 ||
	||  0.03800 | 0.00000 | 0.00000 | 0.00000 | 0.00000 | 0.00000 | 0.00000 | 1.00000 | 0.00000 ||
	||  0.11400 | 0.00000 | 0.00000 | 0.00000 | 0.00000 | 0.00000 | 0.00000 | 0.00000 | 1.00000 ||
	||------------------------------------------------------------------------------------------||

	||------------------------------------------------------------------------------------------||
	||                                    OUTPUT CORRELATION                                    ||
	||------------------------------------------------------------------------------------------||
	||  1.00000 | 0.15252 | 0.24879 | 0.34883 | 0.26232 | 0.17781 | 0.00925 | 0.04599 | 0.11349 ||
	||  0.15252 | 1.00000 | 0.00491 |-0.00962 |-0.00558 |-0.00725 |-0.00479 |-0.00099 |-0.00544 ||
	||  0.24879 | 0.00491 | 1.00000 |-0.00347 |-0.00161 | 0.01279 | 0.00198 |-0.00140 |-0.00082 ||
	||  0.34883 |-0.00962 |-0.00347 | 1.00000 | 0.00744 | 0.00194 |-0.00049 | 0.00738 | 0.00561 ||
	||  0.26232 |-0.00558 |-0.00161 | 0.00744 | 1.00000 | 0.00529 | 0.00704 |-0.00035 |-0.00315 ||
	||  0.17781 |-0.00725 | 0.01279 | 0.00194 | 0.00529 | 1.00000 | 0.00555 | 0.00383 | 0.00331 ||
	||  0.00925 |-0.00479 | 0.00198 |-0.00049 | 0.00704 | 0.00555 | 1.00000 | 0.00104 | 0.00014 ||
	||  0.04599 |-0.00099 |-0.00140 | 0.00738 |-0.00035 | 0.00383 | 0.00104 | 1.00000 |-0.00270 ||
	||  0.11349 |-0.00544 |-0.00082 | 0.00561 |-0.00315 | 0.00331 | 0.00014 |-0.00270 | 1.00000 ||
	||------------------------------------------------------------------------------------------||

	||------------------------------------------------------------------------------------------||
	||                                    OUTPUT COVARIANCE                                     ||
	||------------------------------------------------------------------------------------------||
	||  0.99919 | 0.15208 | 0.24825 | 0.34829 | 0.26263 | 0.17809 | 0.00922 | 0.04612 | 0.11249 ||
	||  0.15208 | 0.99502 | 0.00489 |-0.00958 |-0.00558 |-0.00725 |-0.00476 |-0.00099 |-0.00538 ||
	||  0.24825 | 0.00489 | 0.99648 |-0.00346 |-0.00161 | 0.01279 | 0.00197 |-0.00140 |-0.00081 ||
	||  0.34829 |-0.00958 |-0.00346 | 0.99773 | 0.00745 | 0.00194 |-0.00049 | 0.00739 | 0.00555 ||
	||  0.26263 |-0.00558 |-0.00161 | 0.00745 | 1.00318 | 0.00531 | 0.00703 |-0.00035 |-0.00313 ||
	||  0.17809 |-0.00725 | 0.01279 | 0.00194 | 0.00531 | 1.00394 | 0.00555 | 0.00385 | 0.00329 ||
	||  0.00922 |-0.00476 | 0.00197 |-0.00049 | 0.00703 | 0.00555 | 0.99481 | 0.00104 | 0.00014 ||
	||  0.04612 |-0.00099 |-0.00140 | 0.00739 |-0.00035 | 0.00385 | 0.00104 | 1.00682 |-0.00268 ||
	||  0.11249 |-0.00538 |-0.00081 | 0.00555 |-0.00313 | 0.00329 | 0.00014 |-0.00268 | 0.98341 ||
	||------------------------------------------------------------------------------------------||


	|-----------------------------------------------------------------|
	|    Copyright (C) 2011-2019 (DRIP, DROP)
	|-----------------------------------------------------------------|
	|    Build Version  =&gt; 4.19.0 multi mode
	|    Build JVM (TM) =&gt; 1.8.0_112
	|    Build Snap     =&gt; Thu Jul 04 22:11:11 EST 2019
	|    Start Time     =&gt; Mon Jul 08 13:39:24 EDT 2019
	|    Setup Time     =&gt; Mon Jul 08 13:39:24 EDT 2019
	|    Setup Duration =&gt; 0 ms
	|-----------------------------------------------------------------|


	||-------------------------------------------||
	||                R^1 METRICS                ||
	||-------------------------------------------||
	||    L -&gt; R:                                ||
	||            - Mean                         ||
	||            - Error                        ||
	||            - Variance                     ||
	||            - Standard Deviation           ||
	||-------------------------------------------||
	||  0.00718 |  0.79830 |  0.99995 |  0.99997 ||
	|| -0.00306 |  0.79827 |  0.99999 |  1.00000 ||
	||  0.00319 |  0.79785 |  0.99999 |  0.99999 ||
	||  0.00275 |  0.79933 |  0.99999 |  1.00000 ||
	|| -0.00646 |  0.79754 |  0.99996 |  0.99998 ||
	||  0.00114 |  0.79829 |  1.00000 |  1.00000 ||
	|| -0.00750 |  0.79746 |  0.99994 |  0.99997 ||
	||  0.00555 |  0.79892 |  0.99997 |  0.99998 ||
	|| -0.00170 |  0.79841 |  1.00000 |  1.00000 ||
	||-------------------------------------------||

	||------------------------------------------------------------------------------------------||
	||                                     INPUT CORRELATION                                    ||
	||------------------------------------------------------------------------------------------||
	||  1.00000 | 0.16100 | 0.24500 | 0.35200 | 0.25900 | 0.16600 | 0.00300 | 0.03800 | 0.11400 ||
	||  0.16100 | 1.00000 | 0.00000 | 0.00000 | 0.00000 | 0.00000 | 0.00000 | 0.00000 | 0.00000 ||
	||  0.24500 | 0.00000 | 1.00000 | 0.00000 | 0.00000 | 0.00000 | 0.00000 | 0.00000 | 0.00000 ||
	||  0.35200 | 0.00000 | 0.00000 | 1.00000 | 0.00000 | 0.00000 | 0.00000 | 0.00000 | 0.00000 ||
	||  0.25900 | 0.00000 | 0.00000 | 0.00000 | 1.00000 | 0.00000 | 0.00000 | 0.00000 | 0.00000 ||
	||  0.16600 | 0.00000 | 0.00000 | 0.00000 | 0.00000 | 1.00000 | 0.00000 | 0.00000 | 0.00000 ||
	||  0.00300 | 0.00000 | 0.00000 | 0.00000 | 0.00000 | 0.00000 | 1.00000 | 0.00000 | 0.00000 ||
	||  0.03800 | 0.00000 | 0.00000 | 0.00000 | 0.00000 | 0.00000 | 0.00000 | 1.00000 | 0.00000 ||
	||  0.11400 | 0.00000 | 0.00000 | 0.00000 | 0.00000 | 0.00000 | 0.00000 | 0.00000 | 1.00000 ||
	||------------------------------------------------------------------------------------------||

	||------------------------------------------------------------------------------------------||
	||                                    OUTPUT CORRELATION                                    ||
	||------------------------------------------------------------------------------------------||
	||  1.00000 | 0.16749 | 0.25043 | 0.36180 | 0.25675 | 0.16408 | 0.00177 | 0.03319 | 0.10877 ||
	||  0.16749 | 1.00000 | 0.00292 |-0.00005 | 0.00249 |-0.00553 | 0.00004 | 0.00185 | 0.01224 ||
	||  0.25043 | 0.00292 | 1.00000 | 0.00727 | 0.00269 |-0.00569 |-0.00351 | 0.00352 | 0.00309 ||
	||  0.36180 |-0.00005 | 0.00727 | 1.00000 |-0.00214 | 0.00328 |-0.00144 |-0.00128 | 0.00143 ||
	||  0.25675 | 0.00249 | 0.00269 |-0.00214 | 1.00000 | 0.00213 | 0.00768 |-0.00331 |-0.00425 ||
	||  0.16408 |-0.00553 |-0.00569 | 0.00328 | 0.00213 | 1.00000 |-0.00827 | 0.00370 |-0.00198 ||
	||  0.00177 | 0.00004 |-0.00351 |-0.00144 | 0.00768 |-0.00827 | 1.00000 |-0.00916 | 0.00357 ||
	||  0.03319 | 0.00185 | 0.00352 |-0.00128 |-0.00331 | 0.00370 |-0.00916 | 1.00000 |-0.00235 ||
	||  0.10877 | 0.01224 | 0.00309 | 0.00143 |-0.00425 |-0.00198 | 0.00357 |-0.00235 | 1.00000 ||
	||------------------------------------------------------------------------------------------||

	||------------------------------------------------------------------------------------------||
	||                                    OUTPUT COVARIANCE                                     ||
	||------------------------------------------------------------------------------------------||
	||  0.99995 | 0.16749 | 0.25042 | 0.36179 | 0.25674 | 0.16408 | 0.00177 | 0.03319 | 0.10877 ||
	||  0.16749 | 0.99999 | 0.00292 |-0.00005 | 0.00249 |-0.00553 | 0.00004 | 0.00185 | 0.01224 ||
	||  0.25042 | 0.00292 | 0.99999 | 0.00727 | 0.00269 |-0.00569 |-0.00351 | 0.00352 | 0.00309 ||
	||  0.36179 |-0.00005 | 0.00727 | 0.99999 |-0.00214 | 0.00328 |-0.00144 |-0.00128 | 0.00143 ||
	||  0.25674 | 0.00249 | 0.00269 |-0.00214 | 0.99996 | 0.00213 | 0.00768 |-0.00331 |-0.00425 ||
	||  0.16408 |-0.00553 |-0.00569 | 0.00328 | 0.00213 | 1.00000 |-0.00827 | 0.00370 |-0.00198 ||
	||  0.00177 | 0.00004 |-0.00351 |-0.00144 | 0.00768 |-0.00827 | 0.99994 |-0.00915 | 0.00357 ||
	||  0.03319 | 0.00185 | 0.00352 |-0.00128 |-0.00331 | 0.00370 |-0.00915 | 0.99997 |-0.00235 ||
	||  0.10877 | 0.01224 | 0.00309 | 0.00143 |-0.00425 |-0.00198 | 0.00357 |-0.00235 | 1.00000 ||
	||------------------------------------------------------------------------------------------||


	|-----------------------------------------------------------------|
	|    Copyright (C) 2011-2019 (DRIP, DROP)
	|-----------------------------------------------------------------|
	|    Build Version  =&gt; 4.19.0 multi mode
	|    Build JVM (TM) =&gt; 1.8.0_112
	|    Build Snap     =&gt; Thu Jul 04 22:11:11 EST 2019
	|    Start Time     =&gt; Mon Jul 08 13:39:27 EDT 2019
	|    Setup Time     =&gt; Mon Jul 08 13:39:27 EDT 2019
	|    Setup Duration =&gt; 0 ms
	|-----------------------------------------------------------------|


	||-------------------------------------------||
	||                R^1 METRICS                ||
	||-------------------------------------------||
	||    L -&gt; R:                                ||
	||            - Mean                         ||
	||            - Error                        ||
	||            - Variance                     ||
	||            - Standard Deviation           ||
	||-------------------------------------------||
	|| -0.00048 |  0.79730 |  0.99998 |  0.99999 ||
	||  0.00146 |  0.79911 |  0.99998 |  0.99999 ||
	||  0.00283 |  0.79704 |  0.99997 |  0.99999 ||
	|| -0.00606 |  0.79749 |  0.99994 |  0.99997 ||
	||  0.00516 |  0.79742 |  0.99995 |  0.99998 ||
	||  0.00475 |  0.79814 |  0.99996 |  0.99998 ||
	|| -0.00534 |  0.79827 |  0.99995 |  0.99998 ||
	||  0.00473 |  0.79688 |  0.99996 |  0.99998 ||
	||  0.00621 |  0.79843 |  0.99994 |  0.99997 ||
	||-------------------------------------------||

	||------------------------------------------------------------------------------------------||
	||                                     INPUT CORRELATION                                    ||
	||------------------------------------------------------------------------------------------||
	||  1.00000 | 0.16100 | 0.24500 | 0.35200 | 0.25900 | 0.16600 | 0.00300 | 0.03800 | 0.11400 ||
	||  0.16100 | 1.00000 | 0.00000 | 0.00000 | 0.00000 | 0.00000 | 0.00000 | 0.00000 | 0.00000 ||
	||  0.24500 | 0.00000 | 1.00000 | 0.00000 | 0.00000 | 0.00000 | 0.00000 | 0.00000 | 0.00000 ||
	||  0.35200 | 0.00000 | 0.00000 | 1.00000 | 0.00000 | 0.00000 | 0.00000 | 0.00000 | 0.00000 ||
	||  0.25900 | 0.00000 | 0.00000 | 0.00000 | 1.00000 | 0.00000 | 0.00000 | 0.00000 | 0.00000 ||
	||  0.16600 | 0.00000 | 0.00000 | 0.00000 | 0.00000 | 1.00000 | 0.00000 | 0.00000 | 0.00000 ||
	||  0.00300 | 0.00000 | 0.00000 | 0.00000 | 0.00000 | 0.00000 | 1.00000 | 0.00000 | 0.00000 ||
	||  0.03800 | 0.00000 | 0.00000 | 0.00000 | 0.00000 | 0.00000 | 0.00000 | 1.00000 | 0.00000 ||
	||  0.11400 | 0.00000 | 0.00000 | 0.00000 | 0.00000 | 0.00000 | 0.00000 | 0.00000 | 1.00000 ||
	||------------------------------------------------------------------------------------------||

	||------------------------------------------------------------------------------------------||
	||                                    OUTPUT CORRELATION                                    ||
	||------------------------------------------------------------------------------------------||
	||  1.00000 | 0.15781 | 0.25430 | 0.35153 | 0.25502 | 0.16787 |-0.00430 | 0.03510 | 0.11720 ||
	||  0.15781 | 1.00000 |-0.00450 | 0.00042 |-0.00354 |-0.00190 | 0.00199 | 0.00327 |-0.00309 ||
	||  0.25430 |-0.00450 | 1.00000 | 0.00186 |-0.00450 | 0.00213 |-0.00034 | 0.00011 | 0.00082 ||
	||  0.35153 | 0.00042 | 0.00186 | 1.00000 |-0.00560 | 0.00692 | 0.00200 |-0.00472 |-0.00162 ||
	||  0.25502 |-0.00354 |-0.00450 |-0.00560 | 1.00000 |-0.00078 |-0.00540 |-0.00285 | 0.00130 ||
	||  0.16787 |-0.00190 | 0.00213 | 0.00692 |-0.00078 | 1.00000 | 0.00435 | 0.00329 | 0.00395 ||
	|| -0.00430 | 0.00199 |-0.00034 | 0.00200 |-0.00540 | 0.00435 | 1.00000 | 0.00747 |-0.00514 ||
	||  0.03510 | 0.00327 | 0.00011 |-0.00472 |-0.00285 | 0.00329 | 0.00747 | 1.00000 | 0.00230 ||
	||  0.11720 |-0.00309 | 0.00082 |-0.00162 | 0.00130 | 0.00395 |-0.00514 | 0.00230 | 1.00000 ||
	||------------------------------------------------------------------------------------------||

	||------------------------------------------------------------------------------------------||
	||                                    OUTPUT COVARIANCE                                     ||
	||------------------------------------------------------------------------------------------||
	||  0.99998 | 0.15781 | 0.25429 | 0.35152 | 0.25502 | 0.16786 |-0.00430 | 0.03510 | 0.11720 ||
	||  0.15781 | 0.99998 |-0.00450 | 0.00042 |-0.00354 |-0.00190 | 0.00199 | 0.00327 |-0.00309 ||
	||  0.25429 |-0.00450 | 0.99997 | 0.00186 |-0.00450 | 0.00213 |-0.00034 | 0.00011 | 0.00082 ||
	||  0.35152 | 0.00042 | 0.00186 | 0.99994 |-0.00560 | 0.00692 | 0.00200 |-0.00472 |-0.00162 ||
	||  0.25502 |-0.00354 |-0.00450 |-0.00560 | 0.99995 |-0.00078 |-0.00540 |-0.00285 | 0.00130 ||
	||  0.16786 |-0.00190 | 0.00213 | 0.00692 |-0.00078 | 0.99996 | 0.00435 | 0.00329 | 0.00395 ||
	|| -0.00430 | 0.00199 |-0.00034 | 0.00200 |-0.00540 | 0.00435 | 0.99995 | 0.00747 |-0.00514 ||
	||  0.03510 | 0.00327 | 0.00011 |-0.00472 |-0.00285 | 0.00329 | 0.00747 | 0.99996 | 0.00230 ||
	||  0.11720 |-0.00309 | 0.00082 |-0.00162 | 0.00130 | 0.00395 |-0.00514 | 0.00230 | 0.99994 ||
	||------------------------------------------------------------------------------------------||

</pre>
</span>
</div>
</div>
<div id="footer">
<p>
<div>
<label class="hidden" id="label-for-line-wrapping-toggle" for="line-wrapping-toggle">Wrap lines
<input id="line-wrapping-toggle" type="checkbox" autocomplete="off"/>
</label>
</div>Generated by 
<a href="http://www.gradle.org">Gradle 3.5</a> at Jul 8, 2019 2:07:46 PM</p>
</div>
</div>
</body>
</html>
