<!DOCTYPE html>
<html>
<head>
<meta http-equiv="Content-Type" content="text/html; charset=utf-8"/>
<meta http-equiv="x-ua-compatible" content="IE=edge"/>
<title>Test results - Class org.drip.coverage.sequence.Statistics</title>
<link href="../css/base-style.css" rel="stylesheet" type="text/css"/>
<link href="../css/style.css" rel="stylesheet" type="text/css"/>
<script src="../js/report.js" type="text/javascript"></script>
</head>
<body>
<div id="content">
<h1>Class org.drip.coverage.sequence.Statistics</h1>
<div class="breadcrumbs">
<a href="../index.html">all</a> &gt; 
<a href="../packages/org.drip.coverage.sequence.html">org.drip.coverage.sequence</a> &gt; Statistics</div>
<div id="summary">
<table>
<tr>
<td>
<div class="summaryGroup">
<table>
<tr>
<td>
<div class="infoBox" id="tests">
<div class="counter">1</div>
<p>tests</p>
</div>
</td>
<td>
<div class="infoBox" id="failures">
<div class="counter">0</div>
<p>failures</p>
</div>
</td>
<td>
<div class="infoBox" id="ignored">
<div class="counter">0</div>
<p>ignored</p>
</div>
</td>
<td>
<div class="infoBox" id="duration">
<div class="counter">9.623s</div>
<p>duration</p>
</div>
</td>
</tr>
</table>
</div>
</td>
<td>
<div class="infoBox success" id="successRate">
<div class="percent">100%</div>
<p>successful</p>
</div>
</td>
</tr>
</table>
</div>
<div id="tabs">
<ul class="tabLinks">
<li>
<a href="#tab0">Tests</a>
</li>
<li>
<a href="#tab1">Standard output</a>
</li>
</ul>
<div id="tab0" class="tab">
<h2>Tests</h2>
<table>
<thead>
<tr>
<th>Test</th>
<th>Duration</th>
<th>Result</th>
</tr>
</thead>
<tr>
<td class="success">codeCoverageTest</td>
<td>9.623s</td>
<td class="success">passed</td>
</tr>
</table>
</div>
<div id="tab1" class="tab">
<h2>Standard output</h2>
<span class="code">
<pre>
	|-----------------------------------------------------------------|
	|    Copyright (C) 2011-2018 (DRIP)
	|-----------------------------------------------------------------|
	|    Build Version  =&gt; 3.68.0 multi mode
	|    Build JVM (TM) =&gt; 1.8.0_112
	|    Build Snap     =&gt; Sat Aug 03 17:46:29 EST 2018
	|    Start Time     =&gt; Fri Aug 03 19:39:43 EDT 2018
	|    Setup Time     =&gt; Fri Aug 03 19:39:43 EDT 2018
	|    Setup Duration =&gt; 0 ms
	|-----------------------------------------------------------------|


	||-------------------------------------------||
	||                R^1 METRICS                ||
	||-------------------------------------------||
	||    L -&gt; R:                                ||
	||            - Mean                         ||
	||            - Error                        ||
	||            - Variance                     ||
	||            - Standard Deviation           ||
	||-------------------------------------------||
	||  0.00260 |  0.79698 |  0.99690 |  0.99845 ||
	|| -0.00037 |  0.79948 |  1.00415 |  1.00207 ||
	|| -0.00077 |  0.79674 |  0.99584 |  0.99792 ||
	|| -0.00126 |  0.79502 |  0.99588 |  0.99794 ||
	|| -0.00261 |  0.79631 |  0.99466 |  0.99733 ||
	||  0.00357 |  0.80340 |  1.01281 |  1.00639 ||
	||  0.00293 |  0.79875 |  1.00486 |  1.00243 ||
	|| -0.00301 |  0.80190 |  1.00572 |  1.00285 ||
	||  0.00676 |  0.79432 |  0.99247 |  0.99623 ||
	||-------------------------------------------||

	||------------------------------------------------------------------------------------------||
	||                                     INPUT CORRELATION                                    ||
	||------------------------------------------------------------------------------------------||
	||  1.00000 | 0.16100 | 0.24500 | 0.35200 | 0.25900 | 0.16600 | 0.00300 | 0.03800 | 0.11400 ||
	||  0.16100 | 1.00000 | 0.00000 | 0.00000 | 0.00000 | 0.00000 | 0.00000 | 0.00000 | 0.00000 ||
	||  0.24500 | 0.00000 | 1.00000 | 0.00000 | 0.00000 | 0.00000 | 0.00000 | 0.00000 | 0.00000 ||
	||  0.35200 | 0.00000 | 0.00000 | 1.00000 | 0.00000 | 0.00000 | 0.00000 | 0.00000 | 0.00000 ||
	||  0.25900 | 0.00000 | 0.00000 | 0.00000 | 1.00000 | 0.00000 | 0.00000 | 0.00000 | 0.00000 ||
	||  0.16600 | 0.00000 | 0.00000 | 0.00000 | 0.00000 | 1.00000 | 0.00000 | 0.00000 | 0.00000 ||
	||  0.00300 | 0.00000 | 0.00000 | 0.00000 | 0.00000 | 0.00000 | 1.00000 | 0.00000 | 0.00000 ||
	||  0.03800 | 0.00000 | 0.00000 | 0.00000 | 0.00000 | 0.00000 | 0.00000 | 1.00000 | 0.00000 ||
	||  0.11400 | 0.00000 | 0.00000 | 0.00000 | 0.00000 | 0.00000 | 0.00000 | 0.00000 | 1.00000 ||
	||------------------------------------------------------------------------------------------||

	||------------------------------------------------------------------------------------------||
	||                                    OUTPUT CORRELATION                                    ||
	||------------------------------------------------------------------------------------------||
	||  1.00000 | 0.16405 | 0.23987 | 0.34692 | 0.25024 | 0.15851 |-0.00281 | 0.03473 | 0.11388 ||
	||  0.16405 | 1.00000 |-0.00495 |-0.00584 | 0.00641 | 0.00038 | 0.00039 | 0.00741 |-0.00231 ||
	||  0.23987 |-0.00495 | 1.00000 |-0.00587 |-0.01069 | 0.00335 |-0.01288 |-0.00316 | 0.00117 ||
	||  0.34692 |-0.00584 |-0.00587 | 1.00000 |-0.00478 |-0.01153 |-0.00203 |-0.00215 | 0.00237 ||
	||  0.25024 | 0.00641 |-0.01069 |-0.00478 | 1.00000 |-0.00498 |-0.00331 |-0.00368 |-0.00642 ||
	||  0.15851 | 0.00038 | 0.00335 |-0.01153 |-0.00498 | 1.00000 | 0.00793 |-0.00796 |-0.00065 ||
	|| -0.00281 | 0.00039 |-0.01288 |-0.00203 |-0.00331 | 0.00793 | 1.00000 |-0.00001 |-0.00547 ||
	||  0.03473 | 0.00741 |-0.00316 |-0.00215 |-0.00368 |-0.00796 |-0.00001 | 1.00000 |-0.00394 ||
	||  0.11388 |-0.00231 | 0.00117 | 0.00237 |-0.00642 |-0.00065 |-0.00547 |-0.00394 | 1.00000 ||
	||------------------------------------------------------------------------------------------||

	||------------------------------------------------------------------------------------------||
	||                                    OUTPUT COVARIANCE                                     ||
	||------------------------------------------------------------------------------------------||
	||  0.99690 | 0.16413 | 0.23900 | 0.34566 | 0.24918 | 0.15927 |-0.00281 | 0.03477 | 0.11328 ||
	||  0.16413 | 1.00415 |-0.00495 |-0.00584 | 0.00641 | 0.00038 | 0.00039 | 0.00745 |-0.00230 ||
	||  0.23900 |-0.00495 | 0.99584 |-0.00585 |-0.01064 | 0.00336 |-0.01288 |-0.00316 | 0.00117 ||
	||  0.34566 |-0.00584 |-0.00585 | 0.99588 |-0.00476 |-0.01158 |-0.00204 |-0.00215 | 0.00235 ||
	||  0.24918 | 0.00641 |-0.01064 |-0.00476 | 0.99466 |-0.00500 |-0.00331 |-0.00368 |-0.00638 ||
	||  0.15927 | 0.00038 | 0.00336 |-0.01158 |-0.00500 | 1.01281 | 0.00800 |-0.00804 |-0.00066 ||
	|| -0.00281 | 0.00039 |-0.01288 |-0.00204 |-0.00331 | 0.00800 | 1.00486 |-0.00001 |-0.00546 ||
	||  0.03477 | 0.00745 |-0.00316 |-0.00215 |-0.00368 |-0.00804 |-0.00001 | 1.00572 |-0.00393 ||
	||  0.11328 |-0.00230 | 0.00117 | 0.00235 |-0.00638 |-0.00066 |-0.00546 |-0.00393 | 0.99247 ||
	||------------------------------------------------------------------------------------------||


	|-----------------------------------------------------------------|
	|    Copyright (C) 2011-2018 (DRIP)
	|-----------------------------------------------------------------|
	|    Build Version  =&gt; 3.68.0 multi mode
	|    Build JVM (TM) =&gt; 1.8.0_112
	|    Build Snap     =&gt; Sat Aug 03 17:46:29 EST 2018
	|    Start Time     =&gt; Fri Aug 03 19:39:46 EDT 2018
	|    Setup Time     =&gt; Fri Aug 03 19:39:46 EDT 2018
	|    Setup Duration =&gt; 0 ms
	|-----------------------------------------------------------------|


	||-------------------------------------------||
	||                R^1 METRICS                ||
	||-------------------------------------------||
	||    L -&gt; R:                                ||
	||            - Mean                         ||
	||            - Error                        ||
	||            - Variance                     ||
	||            - Standard Deviation           ||
	||-------------------------------------------||
	|| -0.00290 |  0.79741 |  0.99717 |  0.99858 ||
	|| -0.00346 |  0.79925 |  0.99953 |  0.99977 ||
	||  0.00532 |  0.79815 |  0.99641 |  0.99820 ||
	|| -0.00077 |  0.80050 |  1.00492 |  1.00246 ||
	||  0.00013 |  0.79596 |  0.99322 |  0.99661 ||
	|| -0.00338 |  0.79987 |  1.00338 |  1.00169 ||
	|| -0.00409 |  0.79755 |  0.99960 |  0.99980 ||
	||  0.00333 |  0.79394 |  0.99199 |  0.99599 ||
	||  0.00637 |  0.79869 |  1.00026 |  1.00013 ||
	||-------------------------------------------||

	||------------------------------------------------------------------------------------------||
	||                                     INPUT CORRELATION                                    ||
	||------------------------------------------------------------------------------------------||
	||  1.00000 | 0.16100 | 0.24500 | 0.35200 | 0.25900 | 0.16600 | 0.00300 | 0.03800 | 0.11400 ||
	||  0.16100 | 1.00000 | 0.00000 | 0.00000 | 0.00000 | 0.00000 | 0.00000 | 0.00000 | 0.00000 ||
	||  0.24500 | 0.00000 | 1.00000 | 0.00000 | 0.00000 | 0.00000 | 0.00000 | 0.00000 | 0.00000 ||
	||  0.35200 | 0.00000 | 0.00000 | 1.00000 | 0.00000 | 0.00000 | 0.00000 | 0.00000 | 0.00000 ||
	||  0.25900 | 0.00000 | 0.00000 | 0.00000 | 1.00000 | 0.00000 | 0.00000 | 0.00000 | 0.00000 ||
	||  0.16600 | 0.00000 | 0.00000 | 0.00000 | 0.00000 | 1.00000 | 0.00000 | 0.00000 | 0.00000 ||
	||  0.00300 | 0.00000 | 0.00000 | 0.00000 | 0.00000 | 0.00000 | 1.00000 | 0.00000 | 0.00000 ||
	||  0.03800 | 0.00000 | 0.00000 | 0.00000 | 0.00000 | 0.00000 | 0.00000 | 1.00000 | 0.00000 ||
	||  0.11400 | 0.00000 | 0.00000 | 0.00000 | 0.00000 | 0.00000 | 0.00000 | 0.00000 | 1.00000 ||
	||------------------------------------------------------------------------------------------||

	||------------------------------------------------------------------------------------------||
	||                                    OUTPUT CORRELATION                                    ||
	||------------------------------------------------------------------------------------------||
	||  1.00000 | 0.16135 | 0.23747 | 0.35346 | 0.25866 | 0.16369 |-0.00025 | 0.03294 | 0.11174 ||
	||  0.16135 | 1.00000 |-0.00081 |-0.00120 | 0.00549 |-0.00041 |-0.00513 | 0.00134 |-0.00383 ||
	||  0.23747 |-0.00081 | 1.00000 |-0.00297 |-0.01547 | 0.00438 |-0.00131 | 0.00331 | 0.00255 ||
	||  0.35346 |-0.00120 |-0.00297 | 1.00000 | 0.00132 |-0.00668 | 0.00543 |-0.00608 | 0.00678 ||
	||  0.25866 | 0.00549 |-0.01547 | 0.00132 | 1.00000 |-0.00424 |-0.00218 |-0.00033 |-0.00101 ||
	||  0.16369 |-0.00041 | 0.00438 |-0.00668 |-0.00424 | 1.00000 |-0.00051 |-0.00280 |-0.00247 ||
	|| -0.00025 |-0.00513 |-0.00131 | 0.00543 |-0.00218 |-0.00051 | 1.00000 |-0.00383 | 0.00053 ||
	||  0.03294 | 0.00134 | 0.00331 |-0.00608 |-0.00033 |-0.00280 |-0.00383 | 1.00000 |-0.00641 ||
	||  0.11174 |-0.00383 | 0.00255 | 0.00678 |-0.00101 |-0.00247 | 0.00053 |-0.00641 | 1.00000 ||
	||------------------------------------------------------------------------------------------||

	||------------------------------------------------------------------------------------------||
	||                                    OUTPUT COVARIANCE                                     ||
	||------------------------------------------------------------------------------------------||
	||  0.99717 | 0.16108 | 0.23671 | 0.35383 | 0.25742 | 0.16373 |-0.00025 | 0.03277 | 0.11159 ||
	||  0.16108 | 0.99953 |-0.00081 |-0.00120 | 0.00547 |-0.00042 |-0.00512 | 0.00133 |-0.00383 ||
	||  0.23671 |-0.00081 | 0.99641 |-0.00297 |-0.01539 | 0.00438 |-0.00131 | 0.00329 | 0.00255 ||
	||  0.35383 |-0.00120 |-0.00297 | 1.00492 | 0.00132 |-0.00670 | 0.00544 |-0.00607 | 0.00679 ||
	||  0.25742 | 0.00547 |-0.01539 | 0.00132 | 0.99322 |-0.00423 |-0.00217 |-0.00032 |-0.00100 ||
	||  0.16373 |-0.00042 | 0.00438 |-0.00670 |-0.00423 | 1.00338 |-0.00051 |-0.00279 |-0.00247 ||
	|| -0.00025 |-0.00512 |-0.00131 | 0.00544 |-0.00217 |-0.00051 | 0.99960 |-0.00382 | 0.00053 ||
	||  0.03277 | 0.00133 | 0.00329 |-0.00607 |-0.00032 |-0.00279 |-0.00382 | 0.99199 |-0.00638 ||
	||  0.11159 |-0.00383 | 0.00255 | 0.00679 |-0.00100 |-0.00247 | 0.00053 |-0.00638 | 1.00026 ||
	||------------------------------------------------------------------------------------------||


	|-----------------------------------------------------------------|
	|    Copyright (C) 2011-2018 (DRIP)
	|-----------------------------------------------------------------|
	|    Build Version  =&gt; 3.68.0 multi mode
	|    Build JVM (TM) =&gt; 1.8.0_112
	|    Build Snap     =&gt; Sat Aug 03 17:46:29 EST 2018
	|    Start Time     =&gt; Fri Aug 03 19:39:48 EDT 2018
	|    Setup Time     =&gt; Fri Aug 03 19:39:48 EDT 2018
	|    Setup Duration =&gt; 0 ms
	|-----------------------------------------------------------------|


	||-------------------------------------------||
	||                R^1 METRICS                ||
	||-------------------------------------------||
	||    L -&gt; R:                                ||
	||            - Mean                         ||
	||            - Error                        ||
	||            - Variance                     ||
	||            - Standard Deviation           ||
	||-------------------------------------------||
	|| -0.00124 |  0.79778 |  1.00000 |  1.00000 ||
	||  0.00318 |  0.79857 |  0.99999 |  0.99999 ||
	|| -0.00593 |  0.79736 |  0.99996 |  0.99998 ||
	||  0.00281 |  0.79726 |  0.99999 |  1.00000 ||
	|| -0.01492 |  0.79815 |  0.99978 |  0.99989 ||
	||  0.00252 |  0.79750 |  0.99999 |  1.00000 ||
	||  0.01002 |  0.79748 |  0.99990 |  0.99995 ||
	||  0.00368 |  0.79837 |  0.99999 |  0.99999 ||
	|| -0.00014 |  0.79708 |  1.00000 |  1.00000 ||
	||-------------------------------------------||

	||------------------------------------------------------------------------------------------||
	||                                     INPUT CORRELATION                                    ||
	||------------------------------------------------------------------------------------------||
	||  1.00000 | 0.16100 | 0.24500 | 0.35200 | 0.25900 | 0.16600 | 0.00300 | 0.03800 | 0.11400 ||
	||  0.16100 | 1.00000 | 0.00000 | 0.00000 | 0.00000 | 0.00000 | 0.00000 | 0.00000 | 0.00000 ||
	||  0.24500 | 0.00000 | 1.00000 | 0.00000 | 0.00000 | 0.00000 | 0.00000 | 0.00000 | 0.00000 ||
	||  0.35200 | 0.00000 | 0.00000 | 1.00000 | 0.00000 | 0.00000 | 0.00000 | 0.00000 | 0.00000 ||
	||  0.25900 | 0.00000 | 0.00000 | 0.00000 | 1.00000 | 0.00000 | 0.00000 | 0.00000 | 0.00000 ||
	||  0.16600 | 0.00000 | 0.00000 | 0.00000 | 0.00000 | 1.00000 | 0.00000 | 0.00000 | 0.00000 ||
	||  0.00300 | 0.00000 | 0.00000 | 0.00000 | 0.00000 | 0.00000 | 1.00000 | 0.00000 | 0.00000 ||
	||  0.03800 | 0.00000 | 0.00000 | 0.00000 | 0.00000 | 0.00000 | 0.00000 | 1.00000 | 0.00000 ||
	||  0.11400 | 0.00000 | 0.00000 | 0.00000 | 0.00000 | 0.00000 | 0.00000 | 0.00000 | 1.00000 ||
	||------------------------------------------------------------------------------------------||

	||------------------------------------------------------------------------------------------||
	||                                    OUTPUT CORRELATION                                    ||
	||------------------------------------------------------------------------------------------||
	||  1.00000 | 0.16113 | 0.24801 | 0.35365 | 0.26459 | 0.16417 | 0.00734 | 0.03818 | 0.11463 ||
	||  0.16113 | 1.00000 |-0.00340 |-0.00560 |-0.00473 |-0.00318 | 0.00426 |-0.00128 |-0.00447 ||
	||  0.24801 |-0.00340 | 1.00000 | 0.00108 | 0.00268 | 0.00535 | 0.00321 | 0.00078 | 0.00086 ||
	||  0.35365 |-0.00560 | 0.00108 | 1.00000 | 0.00408 |-0.00046 | 0.00183 | 0.00334 | 0.00338 ||
	||  0.26459 |-0.00473 | 0.00268 | 0.00408 | 1.00000 | 0.00876 |-0.00224 | 0.00349 | 0.00069 ||
	||  0.16417 |-0.00318 | 0.00535 |-0.00046 | 0.00876 | 1.00000 | 0.00279 | 0.00210 |-0.00486 ||
	||  0.00734 | 0.00426 | 0.00321 | 0.00183 |-0.00224 | 0.00279 | 1.00000 | 0.00427 | 0.00562 ||
	||  0.03818 |-0.00128 | 0.00078 | 0.00334 | 0.00349 | 0.00210 | 0.00427 | 1.00000 | 0.00290 ||
	||  0.11463 |-0.00447 | 0.00086 | 0.00338 | 0.00069 |-0.00486 | 0.00562 | 0.00290 | 1.00000 ||
	||------------------------------------------------------------------------------------------||

	||------------------------------------------------------------------------------------------||
	||                                    OUTPUT COVARIANCE                                     ||
	||------------------------------------------------------------------------------------------||
	||  1.00000 | 0.16113 | 0.24801 | 0.35365 | 0.26456 | 0.16417 | 0.00734 | 0.03818 | 0.11463 ||
	||  0.16113 | 0.99999 |-0.00340 |-0.00560 |-0.00473 |-0.00318 | 0.00426 |-0.00128 |-0.00447 ||
	||  0.24801 |-0.00340 | 0.99996 | 0.00108 | 0.00268 | 0.00535 | 0.00321 | 0.00078 | 0.00086 ||
	||  0.35365 |-0.00560 | 0.00108 | 0.99999 | 0.00408 |-0.00046 | 0.00183 | 0.00334 | 0.00338 ||
	||  0.26456 |-0.00473 | 0.00268 | 0.00408 | 0.99978 | 0.00876 |-0.00224 | 0.00348 | 0.00069 ||
	||  0.16417 |-0.00318 | 0.00535 |-0.00046 | 0.00876 | 0.99999 | 0.00279 | 0.00210 |-0.00486 ||
	||  0.00734 | 0.00426 | 0.00321 | 0.00183 |-0.00224 | 0.00279 | 0.99990 | 0.00427 | 0.00562 ||
	||  0.03818 |-0.00128 | 0.00078 | 0.00334 | 0.00348 | 0.00210 | 0.00427 | 0.99999 | 0.00290 ||
	||  0.11463 |-0.00447 | 0.00086 | 0.00338 | 0.00069 |-0.00486 | 0.00562 | 0.00290 | 1.00000 ||
	||------------------------------------------------------------------------------------------||


	|-----------------------------------------------------------------|
	|    Copyright (C) 2011-2018 (DRIP)
	|-----------------------------------------------------------------|
	|    Build Version  =&gt; 3.68.0 multi mode
	|    Build JVM (TM) =&gt; 1.8.0_112
	|    Build Snap     =&gt; Sat Aug 03 17:46:29 EST 2018
	|    Start Time     =&gt; Fri Aug 03 19:39:50 EDT 2018
	|    Setup Time     =&gt; Fri Aug 03 19:39:50 EDT 2018
	|    Setup Duration =&gt; 0 ms
	|-----------------------------------------------------------------|


	||-------------------------------------------||
	||                R^1 METRICS                ||
	||-------------------------------------------||
	||    L -&gt; R:                                ||
	||            - Mean                         ||
	||            - Error                        ||
	||            - Variance                     ||
	||            - Standard Deviation           ||
	||-------------------------------------------||
	||  0.00108 |  0.79599 |  0.99998 |  0.99999 ||
	||  0.00894 |  0.79751 |  0.99990 |  0.99995 ||
	|| -0.00848 |  0.79798 |  0.99991 |  0.99995 ||
	||  0.00379 |  0.79801 |  0.99997 |  0.99998 ||
	|| -0.00190 |  0.79654 |  0.99998 |  0.99999 ||
	||  0.00010 |  0.79659 |  0.99998 |  0.99999 ||
	|| -0.00504 |  0.79718 |  0.99995 |  0.99998 ||
	|| -0.00176 |  0.79933 |  0.99998 |  0.99999 ||
	|| -0.00279 |  0.79876 |  0.99997 |  0.99999 ||
	||-------------------------------------------||

	||------------------------------------------------------------------------------------------||
	||                                     INPUT CORRELATION                                    ||
	||------------------------------------------------------------------------------------------||
	||  1.00000 | 0.16100 | 0.24500 | 0.35200 | 0.25900 | 0.16600 | 0.00300 | 0.03800 | 0.11400 ||
	||  0.16100 | 1.00000 | 0.00000 | 0.00000 | 0.00000 | 0.00000 | 0.00000 | 0.00000 | 0.00000 ||
	||  0.24500 | 0.00000 | 1.00000 | 0.00000 | 0.00000 | 0.00000 | 0.00000 | 0.00000 | 0.00000 ||
	||  0.35200 | 0.00000 | 0.00000 | 1.00000 | 0.00000 | 0.00000 | 0.00000 | 0.00000 | 0.00000 ||
	||  0.25900 | 0.00000 | 0.00000 | 0.00000 | 1.00000 | 0.00000 | 0.00000 | 0.00000 | 0.00000 ||
	||  0.16600 | 0.00000 | 0.00000 | 0.00000 | 0.00000 | 1.00000 | 0.00000 | 0.00000 | 0.00000 ||
	||  0.00300 | 0.00000 | 0.00000 | 0.00000 | 0.00000 | 0.00000 | 1.00000 | 0.00000 | 0.00000 ||
	||  0.03800 | 0.00000 | 0.00000 | 0.00000 | 0.00000 | 0.00000 | 0.00000 | 1.00000 | 0.00000 ||
	||  0.11400 | 0.00000 | 0.00000 | 0.00000 | 0.00000 | 0.00000 | 0.00000 | 0.00000 | 1.00000 ||
	||------------------------------------------------------------------------------------------||

	||------------------------------------------------------------------------------------------||
	||                                    OUTPUT CORRELATION                                    ||
	||------------------------------------------------------------------------------------------||
	||  1.00000 | 0.16227 | 0.25068 | 0.34851 | 0.25982 | 0.16122 | 0.00675 | 0.03851 | 0.11461 ||
	||  0.16227 | 1.00000 |-0.00409 | 0.00499 |-0.00096 |-0.00971 | 0.00459 |-0.00775 | 0.00756 ||
	||  0.25068 |-0.00409 | 1.00000 |-0.00089 | 0.01099 | 0.00052 |-0.00452 | 0.00390 | 0.00331 ||
	||  0.34851 | 0.00499 |-0.00089 | 1.00000 | 0.00002 |-0.00500 |-0.00136 | 0.00233 |-0.00190 ||
	||  0.25982 |-0.00096 | 0.01099 | 0.00002 | 1.00000 | 0.00049 |-0.00104 |-0.00222 | 0.00209 ||
	||  0.16122 |-0.00971 | 0.00052 |-0.00500 | 0.00049 | 1.00000 |-0.00780 | 0.00147 |-0.00053 ||
	||  0.00675 | 0.00459 |-0.00452 |-0.00136 |-0.00104 |-0.00780 | 1.00000 | 0.00443 | 0.00645 ||
	||  0.03851 |-0.00775 | 0.00390 | 0.00233 |-0.00222 | 0.00147 | 0.00443 | 1.00000 |-0.00106 ||
	||  0.11461 | 0.00756 | 0.00331 |-0.00190 | 0.00209 |-0.00053 | 0.00645 |-0.00106 | 1.00000 ||
	||------------------------------------------------------------------------------------------||

	||------------------------------------------------------------------------------------------||
	||                                    OUTPUT COVARIANCE                                     ||
	||------------------------------------------------------------------------------------------||
	||  0.99998 | 0.16227 | 0.25067 | 0.34850 | 0.25981 | 0.16122 | 0.00675 | 0.03851 | 0.11460 ||
	||  0.16227 | 0.99990 |-0.00409 | 0.00499 |-0.00096 |-0.00971 | 0.00459 |-0.00775 | 0.00756 ||
	||  0.25067 |-0.00409 | 0.99991 |-0.00089 | 0.01099 | 0.00052 |-0.00452 | 0.00390 | 0.00331 ||
	||  0.34850 | 0.00499 |-0.00089 | 0.99997 | 0.00002 |-0.00500 |-0.00136 | 0.00233 |-0.00190 ||
	||  0.25981 |-0.00096 | 0.01099 | 0.00002 | 0.99998 | 0.00049 |-0.00104 |-0.00222 | 0.00209 ||
	||  0.16122 |-0.00971 | 0.00052 |-0.00500 | 0.00049 | 0.99998 |-0.00780 | 0.00147 |-0.00053 ||
	||  0.00675 | 0.00459 |-0.00452 |-0.00136 |-0.00104 |-0.00780 | 0.99995 | 0.00443 | 0.00645 ||
	||  0.03851 |-0.00775 | 0.00390 | 0.00233 |-0.00222 | 0.00147 | 0.00443 | 0.99998 |-0.00106 ||
	||  0.11460 | 0.00756 | 0.00331 |-0.00190 | 0.00209 |-0.00053 | 0.00645 |-0.00106 | 0.99997 ||
	||------------------------------------------------------------------------------------------||

</pre>
</span>
</div>
</div>
<div id="footer">
<p>
<div>
<label class="hidden" id="label-for-line-wrapping-toggle" for="line-wrapping-toggle">Wrap lines
<input id="line-wrapping-toggle" type="checkbox" autocomplete="off"/>
</label>
</div>Generated by 
<a href="http://www.gradle.org">Gradle 3.5</a> at Aug 3, 2018 8:07:18 PM</p>
</div>
</div>
</body>
</html>
