<!DOCTYPE html>
<html>
<head>
<meta http-equiv="Content-Type" content="text/html; charset=utf-8"/>
<meta http-equiv="x-ua-compatible" content="IE=edge"/>
<title>Test results - Class org.drip.coverage.sequence.Statistics</title>
<link href="../css/base-style.css" rel="stylesheet" type="text/css"/>
<link href="../css/style.css" rel="stylesheet" type="text/css"/>
<script src="../js/report.js" type="text/javascript"></script>
</head>
<body>
<div id="content">
<h1>Class org.drip.coverage.sequence.Statistics</h1>
<div class="breadcrumbs">
<a href="../index.html">all</a> &gt; 
<a href="../packages/org.drip.coverage.sequence.html">org.drip.coverage.sequence</a> &gt; Statistics</div>
<div id="summary">
<table>
<tr>
<td>
<div class="summaryGroup">
<table>
<tr>
<td>
<div class="infoBox" id="tests">
<div class="counter">1</div>
<p>tests</p>
</div>
</td>
<td>
<div class="infoBox" id="failures">
<div class="counter">0</div>
<p>failures</p>
</div>
</td>
<td>
<div class="infoBox" id="ignored">
<div class="counter">0</div>
<p>ignored</p>
</div>
</td>
<td>
<div class="infoBox" id="duration">
<div class="counter">9.623s</div>
<p>duration</p>
</div>
</td>
</tr>
</table>
</div>
</td>
<td>
<div class="infoBox success" id="successRate">
<div class="percent">100%</div>
<p>successful</p>
</div>
</td>
</tr>
</table>
</div>
<div id="tabs">
<ul class="tabLinks">
<li>
<a href="#tab0">Tests</a>
</li>
<li>
<a href="#tab1">Standard output</a>
</li>
</ul>
<div id="tab0" class="tab">
<h2>Tests</h2>
<table>
<thead>
<tr>
<th>Test</th>
<th>Duration</th>
<th>Result</th>
</tr>
</thead>
<tr>
<td class="success">codeCoverageTest</td>
<td>9.623s</td>
<td class="success">passed</td>
</tr>
</table>
</div>
<div id="tab1" class="tab">
<h2>Standard output</h2>
<span class="code">
<pre>
	|-----------------------------------------------------------------|
	|    Copyright (C) 2011-2019 (DRIP, DROP)
	|-----------------------------------------------------------------|
	|    Build Version  =&gt; 4.48.0 multi mode
	|    Build JVM (TM) =&gt; 1.8.0_112
	|    Build Snap     =&gt; Sat Nov 23 16:10:15 EST 2019
	|    Start Time     =&gt; Sat Nov 23 19:50:12 EST 2019
	|    Setup Time     =&gt; Sat Nov 23 19:50:12 EST 2019
	|    Setup Duration =&gt; 0 ms
	|-----------------------------------------------------------------|


	||-------------------------------------------||
	||                R^1 METRICS                ||
	||-------------------------------------------||
	||    L -&gt; R:                                ||
	||            - Mean                         ||
	||            - Error                        ||
	||            - Variance                     ||
	||            - Standard Deviation           ||
	||-------------------------------------------||
	||  0.01193 |  0.79477 |  0.98970 |  0.99484 ||
	|| -0.00246 |  0.79132 |  0.98487 |  0.99241 ||
	|| -0.00490 |  0.79696 |  0.99717 |  0.99858 ||
	|| -0.00049 |  0.79095 |  0.98435 |  0.99215 ||
	||  0.00506 |  0.79797 |  0.99869 |  0.99935 ||
	|| -0.00030 |  0.79971 |  1.00249 |  1.00125 ||
	||  0.01133 |  0.79088 |  0.98564 |  0.99279 ||
	|| -0.00094 |  0.79168 |  0.98555 |  0.99275 ||
	||  0.00492 |  0.80077 |  1.00665 |  1.00332 ||
	||-------------------------------------------||

	||------------------------------------------------------------------------------------------||
	||                                     INPUT CORRELATION                                    ||
	||------------------------------------------------------------------------------------------||
	||  1.00000 | 0.16100 | 0.24500 | 0.35200 | 0.25900 | 0.16600 | 0.00300 | 0.03800 | 0.11400 ||
	||  0.16100 | 1.00000 | 0.00000 | 0.00000 | 0.00000 | 0.00000 | 0.00000 | 0.00000 | 0.00000 ||
	||  0.24500 | 0.00000 | 1.00000 | 0.00000 | 0.00000 | 0.00000 | 0.00000 | 0.00000 | 0.00000 ||
	||  0.35200 | 0.00000 | 0.00000 | 1.00000 | 0.00000 | 0.00000 | 0.00000 | 0.00000 | 0.00000 ||
	||  0.25900 | 0.00000 | 0.00000 | 0.00000 | 1.00000 | 0.00000 | 0.00000 | 0.00000 | 0.00000 ||
	||  0.16600 | 0.00000 | 0.00000 | 0.00000 | 0.00000 | 1.00000 | 0.00000 | 0.00000 | 0.00000 ||
	||  0.00300 | 0.00000 | 0.00000 | 0.00000 | 0.00000 | 0.00000 | 1.00000 | 0.00000 | 0.00000 ||
	||  0.03800 | 0.00000 | 0.00000 | 0.00000 | 0.00000 | 0.00000 | 0.00000 | 1.00000 | 0.00000 ||
	||  0.11400 | 0.00000 | 0.00000 | 0.00000 | 0.00000 | 0.00000 | 0.00000 | 0.00000 | 1.00000 ||
	||------------------------------------------------------------------------------------------||

	||------------------------------------------------------------------------------------------||
	||                                    OUTPUT CORRELATION                                    ||
	||------------------------------------------------------------------------------------------||
	||  1.00000 | 0.15688 | 0.23898 | 0.34958 | 0.25717 | 0.17260 |-0.00109 | 0.04010 | 0.11249 ||
	||  0.15688 | 1.00000 |-0.00470 |-0.00128 | 0.00070 | 0.00725 |-0.00474 | 0.00293 | 0.00888 ||
	||  0.23898 |-0.00470 | 1.00000 |-0.00302 |-0.00203 | 0.00101 | 0.00021 |-0.00293 |-0.00182 ||
	||  0.34958 |-0.00128 |-0.00302 | 1.00000 | 0.00512 | 0.00296 | 0.00078 | 0.00688 | 0.00218 ||
	||  0.25717 | 0.00070 |-0.00203 | 0.00512 | 1.00000 | 0.00704 | 0.00138 |-0.00417 |-0.00314 ||
	||  0.17260 | 0.00725 | 0.00101 | 0.00296 | 0.00704 | 1.00000 |-0.00377 | 0.00321 |-0.00014 ||
	|| -0.00109 |-0.00474 | 0.00021 | 0.00078 | 0.00138 |-0.00377 | 1.00000 | 0.00058 | 0.00704 ||
	||  0.04010 | 0.00293 |-0.00293 | 0.00688 |-0.00417 | 0.00321 | 0.00058 | 1.00000 | 0.00100 ||
	||  0.11249 | 0.00888 |-0.00182 | 0.00218 |-0.00314 |-0.00014 | 0.00704 | 0.00100 | 1.00000 ||
	||------------------------------------------------------------------------------------------||

	||------------------------------------------------------------------------------------------||
	||                                    OUTPUT COVARIANCE                                     ||
	||------------------------------------------------------------------------------------------||
	||  0.98970 | 0.15488 | 0.23741 | 0.34504 | 0.25567 | 0.17192 |-0.00108 | 0.03961 | 0.11228 ||
	||  0.15488 | 0.98487 |-0.00466 |-0.00126 | 0.00069 | 0.00720 |-0.00467 | 0.00288 | 0.00885 ||
	||  0.23741 |-0.00466 | 0.99717 |-0.00299 |-0.00203 | 0.00101 | 0.00021 |-0.00291 |-0.00183 ||
	||  0.34504 |-0.00126 |-0.00299 | 0.98435 | 0.00508 | 0.00294 | 0.00077 | 0.00678 | 0.00217 ||
	||  0.25567 | 0.00069 |-0.00203 | 0.00508 | 0.99869 | 0.00704 | 0.00137 |-0.00413 |-0.00315 ||
	||  0.17192 | 0.00720 | 0.00101 | 0.00294 | 0.00704 | 1.00249 |-0.00375 | 0.00319 |-0.00014 ||
	|| -0.00108 |-0.00467 | 0.00021 | 0.00077 | 0.00137 |-0.00375 | 0.98564 | 0.00057 | 0.00702 ||
	||  0.03961 | 0.00288 |-0.00291 | 0.00678 |-0.00413 | 0.00319 | 0.00057 | 0.98555 | 0.00100 ||
	||  0.11228 | 0.00885 |-0.00183 | 0.00217 |-0.00315 |-0.00014 | 0.00702 | 0.00100 | 1.00665 ||
	||------------------------------------------------------------------------------------------||


	|-----------------------------------------------------------------|
	|    Copyright (C) 2011-2019 (DRIP, DROP)
	|-----------------------------------------------------------------|
	|    Build Version  =&gt; 4.48.0 multi mode
	|    Build JVM (TM) =&gt; 1.8.0_112
	|    Build Snap     =&gt; Sat Nov 23 16:10:15 EST 2019
	|    Start Time     =&gt; Sat Nov 23 19:50:15 EST 2019
	|    Setup Time     =&gt; Sat Nov 23 19:50:15 EST 2019
	|    Setup Duration =&gt; 0 ms
	|-----------------------------------------------------------------|


	||-------------------------------------------||
	||                R^1 METRICS                ||
	||-------------------------------------------||
	||    L -&gt; R:                                ||
	||            - Mean                         ||
	||            - Error                        ||
	||            - Variance                     ||
	||            - Standard Deviation           ||
	||-------------------------------------------||
	||  0.01158 |  0.80150 |  1.00954 |  1.00476 ||
	||  0.00739 |  0.79716 |  0.99452 |  0.99725 ||
	||  0.00745 |  0.79473 |  0.99235 |  0.99617 ||
	||  0.00455 |  0.79522 |  0.99814 |  0.99907 ||
	||  0.00353 |  0.79315 |  0.99016 |  0.99507 ||
	||  0.00444 |  0.79880 |  1.00143 |  1.00072 ||
	||  0.00390 |  0.79694 |  0.99531 |  0.99765 ||
	|| -0.00151 |  0.79620 |  0.99564 |  0.99782 ||
	||  0.01156 |  0.79598 |  0.99393 |  0.99696 ||
	||-------------------------------------------||

	||------------------------------------------------------------------------------------------||
	||                                     INPUT CORRELATION                                    ||
	||------------------------------------------------------------------------------------------||
	||  1.00000 | 0.16100 | 0.24500 | 0.35200 | 0.25900 | 0.16600 | 0.00300 | 0.03800 | 0.11400 ||
	||  0.16100 | 1.00000 | 0.00000 | 0.00000 | 0.00000 | 0.00000 | 0.00000 | 0.00000 | 0.00000 ||
	||  0.24500 | 0.00000 | 1.00000 | 0.00000 | 0.00000 | 0.00000 | 0.00000 | 0.00000 | 0.00000 ||
	||  0.35200 | 0.00000 | 0.00000 | 1.00000 | 0.00000 | 0.00000 | 0.00000 | 0.00000 | 0.00000 ||
	||  0.25900 | 0.00000 | 0.00000 | 0.00000 | 1.00000 | 0.00000 | 0.00000 | 0.00000 | 0.00000 ||
	||  0.16600 | 0.00000 | 0.00000 | 0.00000 | 0.00000 | 1.00000 | 0.00000 | 0.00000 | 0.00000 ||
	||  0.00300 | 0.00000 | 0.00000 | 0.00000 | 0.00000 | 0.00000 | 1.00000 | 0.00000 | 0.00000 ||
	||  0.03800 | 0.00000 | 0.00000 | 0.00000 | 0.00000 | 0.00000 | 0.00000 | 1.00000 | 0.00000 ||
	||  0.11400 | 0.00000 | 0.00000 | 0.00000 | 0.00000 | 0.00000 | 0.00000 | 0.00000 | 1.00000 ||
	||------------------------------------------------------------------------------------------||

	||------------------------------------------------------------------------------------------||
	||                                    OUTPUT CORRELATION                                    ||
	||------------------------------------------------------------------------------------------||
	||  1.00000 | 0.15819 | 0.24783 | 0.35820 | 0.25270 | 0.17351 | 0.00332 | 0.03636 | 0.11348 ||
	||  0.15819 | 1.00000 |-0.00298 |-0.00125 |-0.00026 |-0.00067 |-0.00408 |-0.00125 | 0.00237 ||
	||  0.24783 |-0.00298 | 1.00000 | 0.00187 |-0.00012 | 0.00120 |-0.00070 |-0.00448 | 0.00009 ||
	||  0.35820 |-0.00125 | 0.00187 | 1.00000 |-0.00648 | 0.00797 | 0.00379 |-0.00713 |-0.00109 ||
	||  0.25270 |-0.00026 |-0.00012 |-0.00648 | 1.00000 | 0.00055 |-0.01117 | 0.00948 | 0.00229 ||
	||  0.17351 |-0.00067 | 0.00120 | 0.00797 | 0.00055 | 1.00000 | 0.00201 | 0.00394 |-0.00774 ||
	||  0.00332 |-0.00408 |-0.00070 | 0.00379 |-0.01117 | 0.00201 | 1.00000 |-0.00344 | 0.00552 ||
	||  0.03636 |-0.00125 |-0.00448 |-0.00713 | 0.00948 | 0.00394 |-0.00344 | 1.00000 |-0.00517 ||
	||  0.11348 | 0.00237 | 0.00009 |-0.00109 | 0.00229 |-0.00774 | 0.00552 |-0.00517 | 1.00000 ||
	||------------------------------------------------------------------------------------------||

	||------------------------------------------------------------------------------------------||
	||                                    OUTPUT COVARIANCE                                     ||
	||------------------------------------------------------------------------------------------||
	||  1.00954 | 0.15851 | 0.24806 | 0.35957 | 0.25265 | 0.17446 | 0.00333 | 0.03645 | 0.11368 ||
	||  0.15851 | 0.99452 |-0.00296 |-0.00124 |-0.00026 |-0.00067 |-0.00406 |-0.00124 | 0.00235 ||
	||  0.24806 |-0.00296 | 0.99235 | 0.00186 |-0.00012 | 0.00120 |-0.00069 |-0.00445 | 0.00009 ||
	||  0.35957 |-0.00124 | 0.00186 | 0.99814 |-0.00644 | 0.00797 | 0.00377 |-0.00711 |-0.00108 ||
	||  0.25265 |-0.00026 |-0.00012 |-0.00644 | 0.99016 | 0.00055 |-0.01109 | 0.00941 | 0.00227 ||
	||  0.17446 |-0.00067 | 0.00120 | 0.00797 | 0.00055 | 1.00143 | 0.00201 | 0.00394 |-0.00772 ||
	||  0.00333 |-0.00406 |-0.00069 | 0.00377 |-0.01109 | 0.00201 | 0.99531 |-0.00342 | 0.00550 ||
	||  0.03645 |-0.00124 |-0.00445 |-0.00711 | 0.00941 | 0.00394 |-0.00342 | 0.99564 |-0.00515 ||
	||  0.11368 | 0.00235 | 0.00009 |-0.00108 | 0.00227 |-0.00772 | 0.00550 |-0.00515 | 0.99393 ||
	||------------------------------------------------------------------------------------------||


	|-----------------------------------------------------------------|
	|    Copyright (C) 2011-2019 (DRIP, DROP)
	|-----------------------------------------------------------------|
	|    Build Version  =&gt; 4.48.0 multi mode
	|    Build JVM (TM) =&gt; 1.8.0_112
	|    Build Snap     =&gt; Sat Nov 23 16:10:15 EST 2019
	|    Start Time     =&gt; Sat Nov 23 19:50:17 EST 2019
	|    Setup Time     =&gt; Sat Nov 23 19:50:17 EST 2019
	|    Setup Duration =&gt; 0 ms
	|-----------------------------------------------------------------|


	||-------------------------------------------||
	||                R^1 METRICS                ||
	||-------------------------------------------||
	||    L -&gt; R:                                ||
	||            - Mean                         ||
	||            - Error                        ||
	||            - Variance                     ||
	||            - Standard Deviation           ||
	||-------------------------------------------||
	|| -0.00134 |  0.79696 |  1.00000 |  1.00000 ||
	||  0.00083 |  0.79728 |  1.00000 |  1.00000 ||
	|| -0.00775 |  0.79855 |  0.99994 |  0.99997 ||
	||  0.00152 |  0.79585 |  1.00000 |  1.00000 ||
	|| -0.00335 |  0.79769 |  0.99999 |  0.99999 ||
	|| -0.00050 |  0.79761 |  1.00000 |  1.00000 ||
	|| -0.00440 |  0.79683 |  0.99998 |  0.99999 ||
	||  0.00508 |  0.79763 |  0.99997 |  0.99999 ||
	|| -0.00135 |  0.79816 |  1.00000 |  1.00000 ||
	||-------------------------------------------||

	||------------------------------------------------------------------------------------------||
	||                                     INPUT CORRELATION                                    ||
	||------------------------------------------------------------------------------------------||
	||  1.00000 | 0.16100 | 0.24500 | 0.35200 | 0.25900 | 0.16600 | 0.00300 | 0.03800 | 0.11400 ||
	||  0.16100 | 1.00000 | 0.00000 | 0.00000 | 0.00000 | 0.00000 | 0.00000 | 0.00000 | 0.00000 ||
	||  0.24500 | 0.00000 | 1.00000 | 0.00000 | 0.00000 | 0.00000 | 0.00000 | 0.00000 | 0.00000 ||
	||  0.35200 | 0.00000 | 0.00000 | 1.00000 | 0.00000 | 0.00000 | 0.00000 | 0.00000 | 0.00000 ||
	||  0.25900 | 0.00000 | 0.00000 | 0.00000 | 1.00000 | 0.00000 | 0.00000 | 0.00000 | 0.00000 ||
	||  0.16600 | 0.00000 | 0.00000 | 0.00000 | 0.00000 | 1.00000 | 0.00000 | 0.00000 | 0.00000 ||
	||  0.00300 | 0.00000 | 0.00000 | 0.00000 | 0.00000 | 0.00000 | 1.00000 | 0.00000 | 0.00000 ||
	||  0.03800 | 0.00000 | 0.00000 | 0.00000 | 0.00000 | 0.00000 | 0.00000 | 1.00000 | 0.00000 ||
	||  0.11400 | 0.00000 | 0.00000 | 0.00000 | 0.00000 | 0.00000 | 0.00000 | 0.00000 | 1.00000 ||
	||------------------------------------------------------------------------------------------||

	||------------------------------------------------------------------------------------------||
	||                                    OUTPUT CORRELATION                                    ||
	||------------------------------------------------------------------------------------------||
	||  1.00000 | 0.16318 | 0.24763 | 0.35084 | 0.25566 | 0.16766 | 0.00516 | 0.03829 | 0.11764 ||
	||  0.16318 | 1.00000 |-0.00442 | 0.00316 |-0.00063 | 0.00234 | 0.00014 | 0.00058 | 0.00476 ||
	||  0.24763 |-0.00442 | 1.00000 | 0.01010 | 0.00341 | 0.01267 |-0.00130 |-0.00487 |-0.00093 ||
	||  0.35084 | 0.00316 | 0.01010 | 1.00000 |-0.00287 |-0.00559 |-0.00142 |-0.00310 | 0.00262 ||
	||  0.25566 |-0.00063 | 0.00341 |-0.00287 | 1.00000 | 0.00854 | 0.00203 | 0.00288 |-0.00393 ||
	||  0.16766 | 0.00234 | 0.01267 |-0.00559 | 0.00854 | 1.00000 |-0.00339 | 0.00639 | 0.00107 ||
	||  0.00516 | 0.00014 |-0.00130 |-0.00142 | 0.00203 |-0.00339 | 1.00000 |-0.00004 | 0.00851 ||
	||  0.03829 | 0.00058 |-0.00487 |-0.00310 | 0.00288 | 0.00639 |-0.00004 | 1.00000 | 0.00020 ||
	||  0.11764 | 0.00476 |-0.00093 | 0.00262 |-0.00393 | 0.00107 | 0.00851 | 0.00020 | 1.00000 ||
	||------------------------------------------------------------------------------------------||

	||------------------------------------------------------------------------------------------||
	||                                    OUTPUT COVARIANCE                                     ||
	||------------------------------------------------------------------------------------------||
	||  1.00000 | 0.16318 | 0.24762 | 0.35084 | 0.25566 | 0.16766 | 0.00516 | 0.03829 | 0.11764 ||
	||  0.16318 | 1.00000 |-0.00442 | 0.00316 |-0.00063 | 0.00234 | 0.00014 | 0.00058 | 0.00476 ||
	||  0.24762 |-0.00442 | 0.99994 | 0.01010 | 0.00341 | 0.01267 |-0.00130 |-0.00486 |-0.00093 ||
	||  0.35084 | 0.00316 | 0.01010 | 1.00000 |-0.00287 |-0.00559 |-0.00142 |-0.00310 | 0.00262 ||
	||  0.25566 |-0.00063 | 0.00341 |-0.00287 | 0.99999 | 0.00854 | 0.00203 | 0.00288 |-0.00393 ||
	||  0.16766 | 0.00234 | 0.01267 |-0.00559 | 0.00854 | 1.00000 |-0.00339 | 0.00639 | 0.00107 ||
	||  0.00516 | 0.00014 |-0.00130 |-0.00142 | 0.00203 |-0.00339 | 0.99998 |-0.00004 | 0.00851 ||
	||  0.03829 | 0.00058 |-0.00486 |-0.00310 | 0.00288 | 0.00639 |-0.00004 | 0.99997 | 0.00020 ||
	||  0.11764 | 0.00476 |-0.00093 | 0.00262 |-0.00393 | 0.00107 | 0.00851 | 0.00020 | 1.00000 ||
	||------------------------------------------------------------------------------------------||


	|-----------------------------------------------------------------|
	|    Copyright (C) 2011-2019 (DRIP, DROP)
	|-----------------------------------------------------------------|
	|    Build Version  =&gt; 4.48.0 multi mode
	|    Build JVM (TM) =&gt; 1.8.0_112
	|    Build Snap     =&gt; Sat Nov 23 16:10:15 EST 2019
	|    Start Time     =&gt; Sat Nov 23 19:50:20 EST 2019
	|    Setup Time     =&gt; Sat Nov 23 19:50:20 EST 2019
	|    Setup Duration =&gt; 0 ms
	|-----------------------------------------------------------------|


	||-------------------------------------------||
	||                R^1 METRICS                ||
	||-------------------------------------------||
	||    L -&gt; R:                                ||
	||            - Mean                         ||
	||            - Error                        ||
	||            - Variance                     ||
	||            - Standard Deviation           ||
	||-------------------------------------------||
	||  0.00707 |  0.79880 |  0.99993 |  0.99996 ||
	||  0.00279 |  0.79809 |  0.99997 |  0.99999 ||
	||  0.00074 |  0.79728 |  0.99998 |  0.99999 ||
	||  0.00244 |  0.79589 |  0.99997 |  0.99999 ||
	||  0.00525 |  0.79844 |  0.99995 |  0.99998 ||
	|| -0.00154 |  0.79766 |  0.99998 |  0.99999 ||
	||  0.00587 |  0.79663 |  0.99995 |  0.99997 ||
	|| -0.00133 |  0.79770 |  0.99998 |  0.99999 ||
	||  0.00106 |  0.79734 |  0.99998 |  0.99999 ||
	||-------------------------------------------||

	||------------------------------------------------------------------------------------------||
	||                                     INPUT CORRELATION                                    ||
	||------------------------------------------------------------------------------------------||
	||  1.00000 | 0.16100 | 0.24500 | 0.35200 | 0.25900 | 0.16600 | 0.00300 | 0.03800 | 0.11400 ||
	||  0.16100 | 1.00000 | 0.00000 | 0.00000 | 0.00000 | 0.00000 | 0.00000 | 0.00000 | 0.00000 ||
	||  0.24500 | 0.00000 | 1.00000 | 0.00000 | 0.00000 | 0.00000 | 0.00000 | 0.00000 | 0.00000 ||
	||  0.35200 | 0.00000 | 0.00000 | 1.00000 | 0.00000 | 0.00000 | 0.00000 | 0.00000 | 0.00000 ||
	||  0.25900 | 0.00000 | 0.00000 | 0.00000 | 1.00000 | 0.00000 | 0.00000 | 0.00000 | 0.00000 ||
	||  0.16600 | 0.00000 | 0.00000 | 0.00000 | 0.00000 | 1.00000 | 0.00000 | 0.00000 | 0.00000 ||
	||  0.00300 | 0.00000 | 0.00000 | 0.00000 | 0.00000 | 0.00000 | 1.00000 | 0.00000 | 0.00000 ||
	||  0.03800 | 0.00000 | 0.00000 | 0.00000 | 0.00000 | 0.00000 | 0.00000 | 1.00000 | 0.00000 ||
	||  0.11400 | 0.00000 | 0.00000 | 0.00000 | 0.00000 | 0.00000 | 0.00000 | 0.00000 | 1.00000 ||
	||------------------------------------------------------------------------------------------||

	||------------------------------------------------------------------------------------------||
	||                                    OUTPUT CORRELATION                                    ||
	||------------------------------------------------------------------------------------------||
	||  1.00000 | 0.15943 | 0.24284 | 0.35159 | 0.25857 | 0.16649 | 0.00597 | 0.04862 | 0.11124 ||
	||  0.15943 | 1.00000 | 0.00365 |-0.00429 |-0.00662 |-0.00119 | 0.00611 |-0.00524 | 0.00558 ||
	||  0.24284 | 0.00365 | 1.00000 | 0.00391 | 0.00076 | 0.00113 |-0.00272 | 0.00371 |-0.00645 ||
	||  0.35159 |-0.00429 | 0.00391 | 1.00000 |-0.00383 |-0.00206 | 0.01089 | 0.00361 |-0.00042 ||
	||  0.25857 |-0.00662 | 0.00076 |-0.00383 | 1.00000 |-0.00646 | 0.00213 | 0.01297 |-0.00202 ||
	||  0.16649 |-0.00119 | 0.00113 |-0.00206 |-0.00646 | 1.00000 | 0.00475 |-0.00656 |-0.00133 ||
	||  0.00597 | 0.00611 |-0.00272 | 0.01089 | 0.00213 | 0.00475 | 1.00000 |-0.00800 |-0.00122 ||
	||  0.04862 |-0.00524 | 0.00371 | 0.00361 | 0.01297 |-0.00656 |-0.00800 | 1.00000 |-0.00539 ||
	||  0.11124 | 0.00558 |-0.00645 |-0.00042 |-0.00202 |-0.00133 |-0.00122 |-0.00539 | 1.00000 ||
	||------------------------------------------------------------------------------------------||

	||------------------------------------------------------------------------------------------||
	||                                    OUTPUT COVARIANCE                                     ||
	||------------------------------------------------------------------------------------------||
	||  0.99993 | 0.15943 | 0.24283 | 0.35157 | 0.25855 | 0.16649 | 0.00597 | 0.04862 | 0.11124 ||
	||  0.15943 | 0.99997 | 0.00365 |-0.00429 |-0.00662 |-0.00119 | 0.00611 |-0.00523 | 0.00558 ||
	||  0.24283 | 0.00365 | 0.99998 | 0.00391 | 0.00076 | 0.00113 |-0.00272 | 0.00371 |-0.00645 ||
	||  0.35157 |-0.00429 | 0.00391 | 0.99997 |-0.00383 |-0.00206 | 0.01089 | 0.00361 |-0.00042 ||
	||  0.25855 |-0.00662 | 0.00076 |-0.00383 | 0.99995 |-0.00646 | 0.00213 | 0.01297 |-0.00202 ||
	||  0.16649 |-0.00119 | 0.00113 |-0.00206 |-0.00646 | 0.99998 | 0.00475 |-0.00656 |-0.00133 ||
	||  0.00597 | 0.00611 |-0.00272 | 0.01089 | 0.00213 | 0.00475 | 0.99995 |-0.00800 |-0.00122 ||
	||  0.04862 |-0.00523 | 0.00371 | 0.00361 | 0.01297 |-0.00656 |-0.00800 | 0.99998 |-0.00539 ||
	||  0.11124 | 0.00558 |-0.00645 |-0.00042 |-0.00202 |-0.00133 |-0.00122 |-0.00539 | 0.99998 ||
	||------------------------------------------------------------------------------------------||

</pre>
</span>
</div>
</div>
<div id="footer">
<p>
<div>
<label class="hidden" id="label-for-line-wrapping-toggle" for="line-wrapping-toggle">Wrap lines
<input id="line-wrapping-toggle" type="checkbox" autocomplete="off"/>
</label>
</div>Generated by 
<a href="http://www.gradle.org">Gradle 3.5</a> at Nov 23, 2019 8:17:40 PM</p>
</div>
</div>
</body>
</html>
