<!DOCTYPE html>
<html>
<head>
<meta http-equiv="Content-Type" content="text/html; charset=utf-8"/>
<meta http-equiv="x-ua-compatible" content="IE=edge"/>
<title>Test results - Class org.drip.coverage.sequence.Statistics</title>
<link href="../css/base-style.css" rel="stylesheet" type="text/css"/>
<link href="../css/style.css" rel="stylesheet" type="text/css"/>
<script src="../js/report.js" type="text/javascript"></script>
</head>
<body>
<div id="content">
<h1>Class org.drip.coverage.sequence.Statistics</h1>
<div class="breadcrumbs">
<a href="../index.html">all</a> &gt; 
<a href="../packages/org.drip.coverage.sequence.html">org.drip.coverage.sequence</a> &gt; Statistics</div>
<div id="summary">
<table>
<tr>
<td>
<div class="summaryGroup">
<table>
<tr>
<td>
<div class="infoBox" id="tests">
<div class="counter">1</div>
<p>tests</p>
</div>
</td>
<td>
<div class="infoBox" id="failures">
<div class="counter">0</div>
<p>failures</p>
</div>
</td>
<td>
<div class="infoBox" id="ignored">
<div class="counter">0</div>
<p>ignored</p>
</div>
</td>
<td>
<div class="infoBox" id="duration">
<div class="counter">9.576s</div>
<p>duration</p>
</div>
</td>
</tr>
</table>
</div>
</td>
<td>
<div class="infoBox success" id="successRate">
<div class="percent">100%</div>
<p>successful</p>
</div>
</td>
</tr>
</table>
</div>
<div id="tabs">
<ul class="tabLinks">
<li>
<a href="#tab0">Tests</a>
</li>
<li>
<a href="#tab1">Standard output</a>
</li>
</ul>
<div id="tab0" class="tab">
<h2>Tests</h2>
<table>
<thead>
<tr>
<th>Test</th>
<th>Duration</th>
<th>Result</th>
</tr>
</thead>
<tr>
<td class="success">codeCoverageTest</td>
<td>9.576s</td>
<td class="success">passed</td>
</tr>
</table>
</div>
<div id="tab1" class="tab">
<h2>Standard output</h2>
<span class="code">
<pre>
	|-----------------------------------------------------------------|
	|    Copyright (C) 2011-2019 (DRIP, DROP)
	|-----------------------------------------------------------------|
	|    Build Version  =&gt; 4.37.0 multi mode
	|    Build JVM (TM) =&gt; 1.8.0_112
	|    Build Snap     =&gt; Sat Oct 19 19:50:20 EST 2019
	|    Start Time     =&gt; Sat Oct 19 21:14:20 EDT 2019
	|    Setup Time     =&gt; Sat Oct 19 21:14:20 EDT 2019
	|    Setup Duration =&gt; 0 ms
	|-----------------------------------------------------------------|


	||-------------------------------------------||
	||                R^1 METRICS                ||
	||-------------------------------------------||
	||    L -&gt; R:                                ||
	||            - Mean                         ||
	||            - Error                        ||
	||            - Variance                     ||
	||            - Standard Deviation           ||
	||-------------------------------------------||
	||  0.00117 |  0.80358 |  1.01590 |  1.00792 ||
	||  0.00060 |  0.80371 |  1.01415 |  1.00705 ||
	|| -0.00027 |  0.79736 |  0.99698 |  0.99849 ||
	|| -0.00154 |  0.80300 |  1.01210 |  1.00603 ||
	|| -0.00174 |  0.80081 |  1.00298 |  1.00149 ||
	||  0.00567 |  0.79477 |  0.99063 |  0.99530 ||
	|| -0.00256 |  0.79720 |  0.99657 |  0.99828 ||
	|| -0.00107 |  0.79155 |  0.98629 |  0.99312 ||
	||  0.00227 |  0.79731 |  1.00095 |  1.00047 ||
	||-------------------------------------------||

	||------------------------------------------------------------------------------------------||
	||                                     INPUT CORRELATION                                    ||
	||------------------------------------------------------------------------------------------||
	||  1.00000 | 0.16100 | 0.24500 | 0.35200 | 0.25900 | 0.16600 | 0.00300 | 0.03800 | 0.11400 ||
	||  0.16100 | 1.00000 | 0.00000 | 0.00000 | 0.00000 | 0.00000 | 0.00000 | 0.00000 | 0.00000 ||
	||  0.24500 | 0.00000 | 1.00000 | 0.00000 | 0.00000 | 0.00000 | 0.00000 | 0.00000 | 0.00000 ||
	||  0.35200 | 0.00000 | 0.00000 | 1.00000 | 0.00000 | 0.00000 | 0.00000 | 0.00000 | 0.00000 ||
	||  0.25900 | 0.00000 | 0.00000 | 0.00000 | 1.00000 | 0.00000 | 0.00000 | 0.00000 | 0.00000 ||
	||  0.16600 | 0.00000 | 0.00000 | 0.00000 | 0.00000 | 1.00000 | 0.00000 | 0.00000 | 0.00000 ||
	||  0.00300 | 0.00000 | 0.00000 | 0.00000 | 0.00000 | 0.00000 | 1.00000 | 0.00000 | 0.00000 ||
	||  0.03800 | 0.00000 | 0.00000 | 0.00000 | 0.00000 | 0.00000 | 0.00000 | 1.00000 | 0.00000 ||
	||  0.11400 | 0.00000 | 0.00000 | 0.00000 | 0.00000 | 0.00000 | 0.00000 | 0.00000 | 1.00000 ||
	||------------------------------------------------------------------------------------------||

	||------------------------------------------------------------------------------------------||
	||                                    OUTPUT CORRELATION                                    ||
	||------------------------------------------------------------------------------------------||
	||  1.00000 | 0.17172 | 0.24632 | 0.36085 | 0.27052 | 0.15486 | 0.00374 | 0.03743 | 0.11091 ||
	||  0.17172 | 1.00000 | 0.00404 | 0.00703 | 0.00489 |-0.00495 | 0.00149 | 0.00195 | 0.00433 ||
	||  0.24632 | 0.00404 | 1.00000 | 0.00829 | 0.00083 | 0.00558 |-0.00449 |-0.00225 |-0.00267 ||
	||  0.36085 | 0.00703 | 0.00829 | 1.00000 | 0.00972 |-0.00445 |-0.00359 |-0.00474 | 0.00054 ||
	||  0.27052 | 0.00489 | 0.00083 | 0.00972 | 1.00000 |-0.00941 |-0.00181 | 0.00590 | 0.00458 ||
	||  0.15486 |-0.00495 | 0.00558 |-0.00445 |-0.00941 | 1.00000 |-0.00051 |-0.00339 |-0.00815 ||
	||  0.00374 | 0.00149 |-0.00449 |-0.00359 |-0.00181 |-0.00051 | 1.00000 |-0.00177 |-0.00449 ||
	||  0.03743 | 0.00195 |-0.00225 |-0.00474 | 0.00590 |-0.00339 |-0.00177 | 1.00000 | 0.00420 ||
	||  0.11091 | 0.00433 |-0.00267 | 0.00054 | 0.00458 |-0.00815 |-0.00449 | 0.00420 | 1.00000 ||
	||------------------------------------------------------------------------------------------||

	||------------------------------------------------------------------------------------------||
	||                                    OUTPUT COVARIANCE                                     ||
	||------------------------------------------------------------------------------------------||
	||  1.01590 | 0.17430 | 0.24789 | 0.36591 | 0.27307 | 0.15535 | 0.00376 | 0.03747 | 0.11184 ||
	||  0.17430 | 1.01415 | 0.00406 | 0.00713 | 0.00493 |-0.00496 | 0.00149 | 0.00195 | 0.00436 ||
	||  0.24789 | 0.00406 | 0.99698 | 0.00833 | 0.00083 | 0.00554 |-0.00447 |-0.00223 |-0.00266 ||
	||  0.36591 | 0.00713 | 0.00833 | 1.01210 | 0.00979 |-0.00446 |-0.00361 |-0.00474 | 0.00054 ||
	||  0.27307 | 0.00493 | 0.00083 | 0.00979 | 1.00298 |-0.00938 |-0.00181 | 0.00587 | 0.00459 ||
	||  0.15535 |-0.00496 | 0.00554 |-0.00446 |-0.00938 | 0.99063 |-0.00050 |-0.00335 |-0.00812 ||
	||  0.00376 | 0.00149 |-0.00447 |-0.00361 |-0.00181 |-0.00050 | 0.99657 |-0.00176 |-0.00448 ||
	||  0.03747 | 0.00195 |-0.00223 |-0.00474 | 0.00587 |-0.00335 |-0.00176 | 0.98629 | 0.00418 ||
	||  0.11184 | 0.00436 |-0.00266 | 0.00054 | 0.00459 |-0.00812 |-0.00448 | 0.00418 | 1.00095 ||
	||------------------------------------------------------------------------------------------||


	|-----------------------------------------------------------------|
	|    Copyright (C) 2011-2019 (DRIP, DROP)
	|-----------------------------------------------------------------|
	|    Build Version  =&gt; 4.37.0 multi mode
	|    Build JVM (TM) =&gt; 1.8.0_112
	|    Build Snap     =&gt; Sat Oct 19 19:50:20 EST 2019
	|    Start Time     =&gt; Sat Oct 19 21:14:22 EDT 2019
	|    Setup Time     =&gt; Sat Oct 19 21:14:22 EDT 2019
	|    Setup Duration =&gt; 0 ms
	|-----------------------------------------------------------------|


	||-------------------------------------------||
	||                R^1 METRICS                ||
	||-------------------------------------------||
	||    L -&gt; R:                                ||
	||            - Mean                         ||
	||            - Error                        ||
	||            - Variance                     ||
	||            - Standard Deviation           ||
	||-------------------------------------------||
	||  0.00124 |  0.79772 |  0.99950 |  0.99975 ||
	|| -0.00177 |  0.79829 |  1.00039 |  1.00019 ||
	|| -0.00050 |  0.79792 |  1.00170 |  1.00085 ||
	|| -0.01033 |  0.79920 |  1.00845 |  1.00421 ||
	|| -0.00475 |  0.80551 |  1.01326 |  1.00661 ||
	|| -0.00235 |  0.80074 |  1.01008 |  1.00503 ||
	|| -0.00170 |  0.79777 |  1.00265 |  1.00132 ||
	|| -0.00019 |  0.79884 |  1.00154 |  1.00077 ||
	||  0.00524 |  0.80042 |  1.00432 |  1.00216 ||
	||-------------------------------------------||

	||------------------------------------------------------------------------------------------||
	||                                     INPUT CORRELATION                                    ||
	||------------------------------------------------------------------------------------------||
	||  1.00000 | 0.16100 | 0.24500 | 0.35200 | 0.25900 | 0.16600 | 0.00300 | 0.03800 | 0.11400 ||
	||  0.16100 | 1.00000 | 0.00000 | 0.00000 | 0.00000 | 0.00000 | 0.00000 | 0.00000 | 0.00000 ||
	||  0.24500 | 0.00000 | 1.00000 | 0.00000 | 0.00000 | 0.00000 | 0.00000 | 0.00000 | 0.00000 ||
	||  0.35200 | 0.00000 | 0.00000 | 1.00000 | 0.00000 | 0.00000 | 0.00000 | 0.00000 | 0.00000 ||
	||  0.25900 | 0.00000 | 0.00000 | 0.00000 | 1.00000 | 0.00000 | 0.00000 | 0.00000 | 0.00000 ||
	||  0.16600 | 0.00000 | 0.00000 | 0.00000 | 0.00000 | 1.00000 | 0.00000 | 0.00000 | 0.00000 ||
	||  0.00300 | 0.00000 | 0.00000 | 0.00000 | 0.00000 | 0.00000 | 1.00000 | 0.00000 | 0.00000 ||
	||  0.03800 | 0.00000 | 0.00000 | 0.00000 | 0.00000 | 0.00000 | 0.00000 | 1.00000 | 0.00000 ||
	||  0.11400 | 0.00000 | 0.00000 | 0.00000 | 0.00000 | 0.00000 | 0.00000 | 0.00000 | 1.00000 ||
	||------------------------------------------------------------------------------------------||

	||------------------------------------------------------------------------------------------||
	||                                    OUTPUT CORRELATION                                    ||
	||------------------------------------------------------------------------------------------||
	||  1.00000 | 0.16294 | 0.24630 | 0.35428 | 0.25782 | 0.16884 | 0.00318 | 0.03784 | 0.11602 ||
	||  0.16294 | 1.00000 | 0.00437 | 0.00254 |-0.00115 | 0.01162 | 0.00419 |-0.00539 | 0.00142 ||
	||  0.24630 | 0.00437 | 1.00000 |-0.00133 |-0.00025 | 0.00485 | 0.00118 |-0.00109 | 0.00175 ||
	||  0.35428 | 0.00254 |-0.00133 | 1.00000 | 0.00264 | 0.00502 |-0.00153 | 0.00168 | 0.00522 ||
	||  0.25782 |-0.00115 |-0.00025 | 0.00264 | 1.00000 |-0.00184 |-0.00553 |-0.00317 | 0.00518 ||
	||  0.16884 | 0.01162 | 0.00485 | 0.00502 |-0.00184 | 1.00000 |-0.00049 | 0.00408 | 0.00250 ||
	||  0.00318 | 0.00419 | 0.00118 |-0.00153 |-0.00553 |-0.00049 | 1.00000 |-0.00278 | 0.00294 ||
	||  0.03784 |-0.00539 |-0.00109 | 0.00168 |-0.00317 | 0.00408 |-0.00278 | 1.00000 |-0.00030 ||
	||  0.11602 | 0.00142 | 0.00175 | 0.00522 | 0.00518 | 0.00250 | 0.00294 |-0.00030 | 1.00000 ||
	||------------------------------------------------------------------------------------------||

	||------------------------------------------------------------------------------------------||
	||                                    OUTPUT COVARIANCE                                     ||
	||------------------------------------------------------------------------------------------||
	||  0.99950 | 0.16293 | 0.24645 | 0.35568 | 0.25946 | 0.16965 | 0.00319 | 0.03786 | 0.11624 ||
	||  0.16293 | 1.00039 | 0.00437 | 0.00255 |-0.00116 | 0.01168 | 0.00419 |-0.00540 | 0.00142 ||
	||  0.24645 | 0.00437 | 1.00170 |-0.00134 |-0.00025 | 0.00488 | 0.00119 |-0.00109 | 0.00176 ||
	||  0.35568 | 0.00255 |-0.00134 | 1.00845 | 0.00267 | 0.00507 |-0.00154 | 0.00169 | 0.00526 ||
	||  0.25946 |-0.00116 |-0.00025 | 0.00267 | 1.01326 |-0.00186 |-0.00558 |-0.00320 | 0.00522 ||
	||  0.16965 | 0.01168 | 0.00488 | 0.00507 |-0.00186 | 1.01008 |-0.00049 | 0.00411 | 0.00252 ||
	||  0.00319 | 0.00419 | 0.00119 |-0.00154 |-0.00558 |-0.00049 | 1.00265 |-0.00279 | 0.00295 ||
	||  0.03786 |-0.00540 |-0.00109 | 0.00169 |-0.00320 | 0.00411 |-0.00279 | 1.00154 |-0.00030 ||
	||  0.11624 | 0.00142 | 0.00176 | 0.00526 | 0.00522 | 0.00252 | 0.00295 |-0.00030 | 1.00432 ||
	||------------------------------------------------------------------------------------------||


	|-----------------------------------------------------------------|
	|    Copyright (C) 2011-2019 (DRIP, DROP)
	|-----------------------------------------------------------------|
	|    Build Version  =&gt; 4.37.0 multi mode
	|    Build JVM (TM) =&gt; 1.8.0_112
	|    Build Snap     =&gt; Sat Oct 19 19:50:20 EST 2019
	|    Start Time     =&gt; Sat Oct 19 21:14:24 EDT 2019
	|    Setup Time     =&gt; Sat Oct 19 21:14:24 EDT 2019
	|    Setup Duration =&gt; 0 ms
	|-----------------------------------------------------------------|


	||-------------------------------------------||
	||                R^1 METRICS                ||
	||-------------------------------------------||
	||    L -&gt; R:                                ||
	||            - Mean                         ||
	||            - Error                        ||
	||            - Variance                     ||
	||            - Standard Deviation           ||
	||-------------------------------------------||
	||  0.00637 |  0.79858 |  0.99996 |  0.99998 ||
	|| -0.00429 |  0.79919 |  0.99998 |  0.99999 ||
	|| -0.00216 |  0.79788 |  1.00000 |  1.00000 ||
	||  0.00627 |  0.79944 |  0.99996 |  0.99998 ||
	||  0.00428 |  0.79747 |  0.99998 |  0.99999 ||
	||  0.00003 |  0.79756 |  1.00000 |  1.00000 ||
	||  0.01040 |  0.79834 |  0.99989 |  0.99995 ||
	|| -0.00346 |  0.79777 |  0.99999 |  0.99999 ||
	||  0.00494 |  0.79806 |  0.99998 |  0.99999 ||
	||-------------------------------------------||

	||------------------------------------------------------------------------------------------||
	||                                     INPUT CORRELATION                                    ||
	||------------------------------------------------------------------------------------------||
	||  1.00000 | 0.16100 | 0.24500 | 0.35200 | 0.25900 | 0.16600 | 0.00300 | 0.03800 | 0.11400 ||
	||  0.16100 | 1.00000 | 0.00000 | 0.00000 | 0.00000 | 0.00000 | 0.00000 | 0.00000 | 0.00000 ||
	||  0.24500 | 0.00000 | 1.00000 | 0.00000 | 0.00000 | 0.00000 | 0.00000 | 0.00000 | 0.00000 ||
	||  0.35200 | 0.00000 | 0.00000 | 1.00000 | 0.00000 | 0.00000 | 0.00000 | 0.00000 | 0.00000 ||
	||  0.25900 | 0.00000 | 0.00000 | 0.00000 | 1.00000 | 0.00000 | 0.00000 | 0.00000 | 0.00000 ||
	||  0.16600 | 0.00000 | 0.00000 | 0.00000 | 0.00000 | 1.00000 | 0.00000 | 0.00000 | 0.00000 ||
	||  0.00300 | 0.00000 | 0.00000 | 0.00000 | 0.00000 | 0.00000 | 1.00000 | 0.00000 | 0.00000 ||
	||  0.03800 | 0.00000 | 0.00000 | 0.00000 | 0.00000 | 0.00000 | 0.00000 | 1.00000 | 0.00000 ||
	||  0.11400 | 0.00000 | 0.00000 | 0.00000 | 0.00000 | 0.00000 | 0.00000 | 0.00000 | 1.00000 ||
	||------------------------------------------------------------------------------------------||

	||------------------------------------------------------------------------------------------||
	||                                    OUTPUT CORRELATION                                    ||
	||------------------------------------------------------------------------------------------||
	||  1.00000 | 0.16459 | 0.24127 | 0.35375 | 0.26300 | 0.16859 | 0.00811 | 0.03463 | 0.11879 ||
	||  0.16459 | 1.00000 | 0.00903 |-0.01004 | 0.00470 |-0.00195 | 0.00340 |-0.00040 | 0.00061 ||
	||  0.24127 | 0.00903 | 1.00000 |-0.00195 |-0.00344 | 0.00294 | 0.00700 |-0.00483 |-0.00149 ||
	||  0.35375 |-0.01004 |-0.00195 | 1.00000 | 0.01019 | 0.00124 | 0.00126 |-0.00246 | 0.00298 ||
	||  0.26300 | 0.00470 |-0.00344 | 0.01019 | 1.00000 |-0.00106 |-0.00024 | 0.00388 |-0.00046 ||
	||  0.16859 |-0.00195 | 0.00294 | 0.00124 |-0.00106 | 1.00000 | 0.00291 |-0.00337 | 0.00284 ||
	||  0.00811 | 0.00340 | 0.00700 | 0.00126 |-0.00024 | 0.00291 | 1.00000 | 0.00419 |-0.00047 ||
	||  0.03463 |-0.00040 |-0.00483 |-0.00246 | 0.00388 |-0.00337 | 0.00419 | 1.00000 | 0.00436 ||
	||  0.11879 | 0.00061 |-0.00149 | 0.00298 |-0.00046 | 0.00284 |-0.00047 | 0.00436 | 1.00000 ||
	||------------------------------------------------------------------------------------------||

	||------------------------------------------------------------------------------------------||
	||                                    OUTPUT COVARIANCE                                     ||
	||------------------------------------------------------------------------------------------||
	||  0.99996 | 0.16458 | 0.24126 | 0.35374 | 0.26300 | 0.16858 | 0.00811 | 0.03462 | 0.11879 ||
	||  0.16458 | 0.99998 | 0.00902 |-0.01004 | 0.00470 |-0.00195 | 0.00340 |-0.00040 | 0.00061 ||
	||  0.24126 | 0.00902 | 1.00000 |-0.00195 |-0.00344 | 0.00294 | 0.00700 |-0.00483 |-0.00149 ||
	||  0.35374 |-0.01004 |-0.00195 | 0.99996 | 0.01019 | 0.00124 | 0.00126 |-0.00246 | 0.00298 ||
	||  0.26300 | 0.00470 |-0.00344 | 0.01019 | 0.99998 |-0.00106 |-0.00024 | 0.00388 |-0.00046 ||
	||  0.16858 |-0.00195 | 0.00294 | 0.00124 |-0.00106 | 1.00000 | 0.00291 |-0.00337 | 0.00284 ||
	||  0.00811 | 0.00340 | 0.00700 | 0.00126 |-0.00024 | 0.00291 | 0.99989 | 0.00419 |-0.00047 ||
	||  0.03462 |-0.00040 |-0.00483 |-0.00246 | 0.00388 |-0.00337 | 0.00419 | 0.99999 | 0.00436 ||
	||  0.11879 | 0.00061 |-0.00149 | 0.00298 |-0.00046 | 0.00284 |-0.00047 | 0.00436 | 0.99998 ||
	||------------------------------------------------------------------------------------------||


	|-----------------------------------------------------------------|
	|    Copyright (C) 2011-2019 (DRIP, DROP)
	|-----------------------------------------------------------------|
	|    Build Version  =&gt; 4.37.0 multi mode
	|    Build JVM (TM) =&gt; 1.8.0_112
	|    Build Snap     =&gt; Sat Oct 19 19:50:20 EST 2019
	|    Start Time     =&gt; Sat Oct 19 21:14:27 EDT 2019
	|    Setup Time     =&gt; Sat Oct 19 21:14:27 EDT 2019
	|    Setup Duration =&gt; 0 ms
	|-----------------------------------------------------------------|


	||-------------------------------------------||
	||                R^1 METRICS                ||
	||-------------------------------------------||
	||    L -&gt; R:                                ||
	||            - Mean                         ||
	||            - Error                        ||
	||            - Variance                     ||
	||            - Standard Deviation           ||
	||-------------------------------------------||
	|| -0.00422 |  0.79803 |  0.99996 |  0.99998 ||
	|| -0.00267 |  0.79841 |  0.99997 |  0.99999 ||
	||  0.00144 |  0.80115 |  0.99998 |  0.99999 ||
	|| -0.00435 |  0.79755 |  0.99996 |  0.99998 ||
	|| -0.00394 |  0.79866 |  0.99996 |  0.99998 ||
	|| -0.00354 |  0.79794 |  0.99997 |  0.99998 ||
	|| -0.00366 |  0.79676 |  0.99997 |  0.99998 ||
	|| -0.00015 |  0.79793 |  0.99998 |  0.99999 ||
	||  0.00749 |  0.79834 |  0.99992 |  0.99996 ||
	||-------------------------------------------||

	||------------------------------------------------------------------------------------------||
	||                                     INPUT CORRELATION                                    ||
	||------------------------------------------------------------------------------------------||
	||  1.00000 | 0.16100 | 0.24500 | 0.35200 | 0.25900 | 0.16600 | 0.00300 | 0.03800 | 0.11400 ||
	||  0.16100 | 1.00000 | 0.00000 | 0.00000 | 0.00000 | 0.00000 | 0.00000 | 0.00000 | 0.00000 ||
	||  0.24500 | 0.00000 | 1.00000 | 0.00000 | 0.00000 | 0.00000 | 0.00000 | 0.00000 | 0.00000 ||
	||  0.35200 | 0.00000 | 0.00000 | 1.00000 | 0.00000 | 0.00000 | 0.00000 | 0.00000 | 0.00000 ||
	||  0.25900 | 0.00000 | 0.00000 | 0.00000 | 1.00000 | 0.00000 | 0.00000 | 0.00000 | 0.00000 ||
	||  0.16600 | 0.00000 | 0.00000 | 0.00000 | 0.00000 | 1.00000 | 0.00000 | 0.00000 | 0.00000 ||
	||  0.00300 | 0.00000 | 0.00000 | 0.00000 | 0.00000 | 0.00000 | 1.00000 | 0.00000 | 0.00000 ||
	||  0.03800 | 0.00000 | 0.00000 | 0.00000 | 0.00000 | 0.00000 | 0.00000 | 1.00000 | 0.00000 ||
	||  0.11400 | 0.00000 | 0.00000 | 0.00000 | 0.00000 | 0.00000 | 0.00000 | 0.00000 | 1.00000 ||
	||------------------------------------------------------------------------------------------||

	||------------------------------------------------------------------------------------------||
	||                                    OUTPUT CORRELATION                                    ||
	||------------------------------------------------------------------------------------------||
	||  1.00000 | 0.15857 | 0.24035 | 0.34951 | 0.26236 | 0.16342 | 0.00390 | 0.03797 | 0.12457 ||
	||  0.15857 | 1.00000 |-0.00601 |-0.00360 |-0.00151 |-0.00359 |-0.00174 | 0.00076 | 0.00293 ||
	||  0.24035 |-0.00601 | 1.00000 | 0.00070 | 0.00087 | 0.00120 | 0.00186 |-0.00665 | 0.00958 ||
	||  0.34951 |-0.00360 | 0.00070 | 1.00000 |-0.00443 | 0.00246 |-0.00301 | 0.00086 | 0.00716 ||
	||  0.26236 |-0.00151 | 0.00087 |-0.00443 | 1.00000 | 0.00155 | 0.00669 | 0.00467 | 0.00092 ||
	||  0.16342 |-0.00359 | 0.00120 | 0.00246 | 0.00155 | 1.00000 |-0.00544 | 0.00129 | 0.00213 ||
	||  0.00390 |-0.00174 | 0.00186 |-0.00301 | 0.00669 |-0.00544 | 1.00000 | 0.00689 | 0.00050 ||
	||  0.03797 | 0.00076 |-0.00665 | 0.00086 | 0.00467 | 0.00129 | 0.00689 | 1.00000 |-0.00433 ||
	||  0.12457 | 0.00293 | 0.00958 | 0.00716 | 0.00092 | 0.00213 | 0.00050 |-0.00433 | 1.00000 ||
	||------------------------------------------------------------------------------------------||

	||------------------------------------------------------------------------------------------||
	||                                    OUTPUT COVARIANCE                                     ||
	||------------------------------------------------------------------------------------------||
	||  0.99996 | 0.15856 | 0.24034 | 0.34949 | 0.26235 | 0.16341 | 0.00390 | 0.03797 | 0.12456 ||
	||  0.15856 | 0.99997 |-0.00601 |-0.00360 |-0.00151 |-0.00359 |-0.00174 | 0.00076 | 0.00293 ||
	||  0.24034 |-0.00601 | 0.99998 | 0.00070 | 0.00087 | 0.00120 | 0.00186 |-0.00665 | 0.00958 ||
	||  0.34949 |-0.00360 | 0.00070 | 0.99996 |-0.00443 | 0.00246 |-0.00301 | 0.00086 | 0.00716 ||
	||  0.26235 |-0.00151 | 0.00087 |-0.00443 | 0.99996 | 0.00155 | 0.00669 | 0.00467 | 0.00092 ||
	||  0.16341 |-0.00359 | 0.00120 | 0.00246 | 0.00155 | 0.99997 |-0.00544 | 0.00129 | 0.00213 ||
	||  0.00390 |-0.00174 | 0.00186 |-0.00301 | 0.00669 |-0.00544 | 0.99997 | 0.00689 | 0.00050 ||
	||  0.03797 | 0.00076 |-0.00665 | 0.00086 | 0.00467 | 0.00129 | 0.00689 | 0.99998 |-0.00433 ||
	||  0.12456 | 0.00293 | 0.00958 | 0.00716 | 0.00092 | 0.00213 | 0.00050 |-0.00433 | 0.99992 ||
	||------------------------------------------------------------------------------------------||

</pre>
</span>
</div>
</div>
<div id="footer">
<p>
<div>
<label class="hidden" id="label-for-line-wrapping-toggle" for="line-wrapping-toggle">Wrap lines
<input id="line-wrapping-toggle" type="checkbox" autocomplete="off"/>
</label>
</div>Generated by 
<a href="http://www.gradle.org">Gradle 3.5</a> at Oct 19, 2019 9:41:06 PM</p>
</div>
</div>
</body>
</html>
