<!DOCTYPE html>
<html>
<head>
<meta http-equiv="Content-Type" content="text/html; charset=utf-8"/>
<meta http-equiv="x-ua-compatible" content="IE=edge"/>
<title>Test results - Class org.drip.coverage.sequence.Statistics</title>
<link href="../css/base-style.css" rel="stylesheet" type="text/css"/>
<link href="../css/style.css" rel="stylesheet" type="text/css"/>
<script src="../js/report.js" type="text/javascript"></script>
</head>
<body>
<div id="content">
<h1>Class org.drip.coverage.sequence.Statistics</h1>
<div class="breadcrumbs">
<a href="../index.html">all</a> &gt; 
<a href="../packages/org.drip.coverage.sequence.html">org.drip.coverage.sequence</a> &gt; Statistics</div>
<div id="summary">
<table>
<tr>
<td>
<div class="summaryGroup">
<table>
<tr>
<td>
<div class="infoBox" id="tests">
<div class="counter">1</div>
<p>tests</p>
</div>
</td>
<td>
<div class="infoBox" id="failures">
<div class="counter">0</div>
<p>failures</p>
</div>
</td>
<td>
<div class="infoBox" id="ignored">
<div class="counter">0</div>
<p>ignored</p>
</div>
</td>
<td>
<div class="infoBox" id="duration">
<div class="counter">9.697s</div>
<p>duration</p>
</div>
</td>
</tr>
</table>
</div>
</td>
<td>
<div class="infoBox success" id="successRate">
<div class="percent">100%</div>
<p>successful</p>
</div>
</td>
</tr>
</table>
</div>
<div id="tabs">
<ul class="tabLinks">
<li>
<a href="#tab0">Tests</a>
</li>
<li>
<a href="#tab1">Standard output</a>
</li>
</ul>
<div id="tab0" class="tab">
<h2>Tests</h2>
<table>
<thead>
<tr>
<th>Test</th>
<th>Duration</th>
<th>Result</th>
</tr>
</thead>
<tr>
<td class="success">codeCoverageTest</td>
<td>9.697s</td>
<td class="success">passed</td>
</tr>
</table>
</div>
<div id="tab1" class="tab">
<h2>Standard output</h2>
<span class="code">
<pre>
	|-----------------------------------------------------------------|
	|    Copyright (C) 2011-2018 (DRIP)
	|-----------------------------------------------------------------|
	|    Build Version  =&gt; 3.56.0 multi mode
	|    Build JVM (TM) =&gt; 1.8.0_112
	|    Build Snap     =&gt; Thu Jun 21 17:36:41 EST 2018
	|    Start Time     =&gt; Thu Jun 21 18:38:54 EDT 2018
	|    Setup Time     =&gt; Thu Jun 21 18:38:54 EDT 2018
	|    Setup Duration =&gt; 0 ms
	|-----------------------------------------------------------------|


	||-------------------------------------------||
	||                R^1 METRICS                ||
	||-------------------------------------------||
	||    L -&gt; R:                                ||
	||            - Mean                         ||
	||            - Error                        ||
	||            - Variance                     ||
	||            - Standard Deviation           ||
	||-------------------------------------------||
	|| -0.00362 |  0.79816 |  0.99742 |  0.99871 ||
	||  0.00088 |  0.79575 |  0.99191 |  0.99595 ||
	|| -0.00390 |  0.80086 |  1.01106 |  1.00552 ||
	||  0.00478 |  0.79880 |  0.99752 |  0.99876 ||
	|| -0.00298 |  0.79888 |  1.00630 |  1.00315 ||
	||  0.00476 |  0.79694 |  0.99461 |  0.99730 ||
	|| -0.00333 |  0.80115 |  1.00817 |  1.00408 ||
	|| -0.00862 |  0.80060 |  1.00635 |  1.00317 ||
	|| -0.00204 |  0.79817 |  1.00254 |  1.00127 ||
	||-------------------------------------------||

	||------------------------------------------------------------------------------------------||
	||                                     INPUT CORRELATION                                    ||
	||------------------------------------------------------------------------------------------||
	||  1.00000 | 0.16100 | 0.24500 | 0.35200 | 0.25900 | 0.16600 | 0.00300 | 0.03800 | 0.11400 ||
	||  0.16100 | 1.00000 | 0.00000 | 0.00000 | 0.00000 | 0.00000 | 0.00000 | 0.00000 | 0.00000 ||
	||  0.24500 | 0.00000 | 1.00000 | 0.00000 | 0.00000 | 0.00000 | 0.00000 | 0.00000 | 0.00000 ||
	||  0.35200 | 0.00000 | 0.00000 | 1.00000 | 0.00000 | 0.00000 | 0.00000 | 0.00000 | 0.00000 ||
	||  0.25900 | 0.00000 | 0.00000 | 0.00000 | 1.00000 | 0.00000 | 0.00000 | 0.00000 | 0.00000 ||
	||  0.16600 | 0.00000 | 0.00000 | 0.00000 | 0.00000 | 1.00000 | 0.00000 | 0.00000 | 0.00000 ||
	||  0.00300 | 0.00000 | 0.00000 | 0.00000 | 0.00000 | 0.00000 | 1.00000 | 0.00000 | 0.00000 ||
	||  0.03800 | 0.00000 | 0.00000 | 0.00000 | 0.00000 | 0.00000 | 0.00000 | 1.00000 | 0.00000 ||
	||  0.11400 | 0.00000 | 0.00000 | 0.00000 | 0.00000 | 0.00000 | 0.00000 | 0.00000 | 1.00000 ||
	||------------------------------------------------------------------------------------------||

	||------------------------------------------------------------------------------------------||
	||                                    OUTPUT CORRELATION                                    ||
	||------------------------------------------------------------------------------------------||
	||  1.00000 | 0.15927 | 0.25320 | 0.35327 | 0.26113 | 0.17164 | 0.00299 | 0.03903 | 0.11895 ||
	||  0.15927 | 1.00000 |-0.00369 | 0.00135 |-0.00033 | 0.00571 | 0.00009 |-0.00631 | 0.00113 ||
	||  0.25320 |-0.00369 | 1.00000 |-0.00232 |-0.00476 |-0.00005 | 0.00064 | 0.00247 | 0.00372 ||
	||  0.35327 | 0.00135 |-0.00232 | 1.00000 | 0.00235 | 0.00836 |-0.00600 |-0.00321 | 0.00412 ||
	||  0.26113 |-0.00033 |-0.00476 | 0.00235 | 1.00000 | 0.01031 | 0.00185 |-0.00041 | 0.00041 ||
	||  0.17164 | 0.00571 |-0.00005 | 0.00836 | 0.01031 | 1.00000 | 0.00334 |-0.00407 | 0.00317 ||
	||  0.00299 | 0.00009 | 0.00064 |-0.00600 | 0.00185 | 0.00334 | 1.00000 |-0.00081 |-0.00126 ||
	||  0.03903 |-0.00631 | 0.00247 |-0.00321 |-0.00041 |-0.00407 |-0.00081 | 1.00000 |-0.00140 ||
	||  0.11895 | 0.00113 | 0.00372 | 0.00412 | 0.00041 | 0.00317 |-0.00126 |-0.00140 | 1.00000 ||
	||------------------------------------------------------------------------------------------||

	||------------------------------------------------------------------------------------------||
	||                                    OUTPUT COVARIANCE                                     ||
	||------------------------------------------------------------------------------------------||
	||  0.99742 | 0.15842 | 0.25427 | 0.35238 | 0.26161 | 0.17095 | 0.00300 | 0.03910 | 0.11894 ||
	||  0.15842 | 0.99191 |-0.00369 | 0.00135 |-0.00033 | 0.00567 | 0.00009 |-0.00630 | 0.00113 ||
	||  0.25427 |-0.00369 | 1.01106 |-0.00233 |-0.00480 |-0.00005 | 0.00064 | 0.00249 | 0.00375 ||
	||  0.35238 | 0.00135 |-0.00233 | 0.99752 | 0.00235 | 0.00833 |-0.00601 |-0.00322 | 0.00412 ||
	||  0.26161 |-0.00033 |-0.00480 | 0.00235 | 1.00630 | 0.01031 | 0.00187 |-0.00041 | 0.00041 ||
	||  0.17095 | 0.00567 |-0.00005 | 0.00833 | 0.01031 | 0.99461 | 0.00334 |-0.00407 | 0.00316 ||
	||  0.00300 | 0.00009 | 0.00064 |-0.00601 | 0.00187 | 0.00334 | 1.00817 |-0.00081 |-0.00127 ||
	||  0.03910 |-0.00630 | 0.00249 |-0.00322 |-0.00041 |-0.00407 |-0.00081 | 1.00635 |-0.00140 ||
	||  0.11894 | 0.00113 | 0.00375 | 0.00412 | 0.00041 | 0.00316 |-0.00127 |-0.00140 | 1.00254 ||
	||------------------------------------------------------------------------------------------||


	|-----------------------------------------------------------------|
	|    Copyright (C) 2011-2018 (DRIP)
	|-----------------------------------------------------------------|
	|    Build Version  =&gt; 3.56.0 multi mode
	|    Build JVM (TM) =&gt; 1.8.0_112
	|    Build Snap     =&gt; Thu Jun 21 17:36:41 EST 2018
	|    Start Time     =&gt; Thu Jun 21 18:38:57 EDT 2018
	|    Setup Time     =&gt; Thu Jun 21 18:38:57 EDT 2018
	|    Setup Duration =&gt; 0 ms
	|-----------------------------------------------------------------|


	||-------------------------------------------||
	||                R^1 METRICS                ||
	||-------------------------------------------||
	||    L -&gt; R:                                ||
	||            - Mean                         ||
	||            - Error                        ||
	||            - Variance                     ||
	||            - Standard Deviation           ||
	||-------------------------------------------||
	||  0.00212 |  0.79748 |  0.99951 |  0.99975 ||
	||  0.00636 |  0.79648 |  0.99861 |  0.99930 ||
	|| -0.00077 |  0.79762 |  0.99682 |  0.99841 ||
	|| -0.00253 |  0.79722 |  0.99711 |  0.99855 ||
	|| -0.01165 |  0.79404 |  0.99231 |  0.99615 ||
	||  0.00540 |  0.80053 |  1.00627 |  1.00313 ||
	||  0.00042 |  0.80548 |  1.01583 |  1.00788 ||
	||  0.00343 |  0.79646 |  0.99827 |  0.99913 ||
	|| -0.00343 |  0.79609 |  0.99702 |  0.99851 ||
	||-------------------------------------------||

	||------------------------------------------------------------------------------------------||
	||                                     INPUT CORRELATION                                    ||
	||------------------------------------------------------------------------------------------||
	||  1.00000 | 0.16100 | 0.24500 | 0.35200 | 0.25900 | 0.16600 | 0.00300 | 0.03800 | 0.11400 ||
	||  0.16100 | 1.00000 | 0.00000 | 0.00000 | 0.00000 | 0.00000 | 0.00000 | 0.00000 | 0.00000 ||
	||  0.24500 | 0.00000 | 1.00000 | 0.00000 | 0.00000 | 0.00000 | 0.00000 | 0.00000 | 0.00000 ||
	||  0.35200 | 0.00000 | 0.00000 | 1.00000 | 0.00000 | 0.00000 | 0.00000 | 0.00000 | 0.00000 ||
	||  0.25900 | 0.00000 | 0.00000 | 0.00000 | 1.00000 | 0.00000 | 0.00000 | 0.00000 | 0.00000 ||
	||  0.16600 | 0.00000 | 0.00000 | 0.00000 | 0.00000 | 1.00000 | 0.00000 | 0.00000 | 0.00000 ||
	||  0.00300 | 0.00000 | 0.00000 | 0.00000 | 0.00000 | 0.00000 | 1.00000 | 0.00000 | 0.00000 ||
	||  0.03800 | 0.00000 | 0.00000 | 0.00000 | 0.00000 | 0.00000 | 0.00000 | 1.00000 | 0.00000 ||
	||  0.11400 | 0.00000 | 0.00000 | 0.00000 | 0.00000 | 0.00000 | 0.00000 | 0.00000 | 1.00000 ||
	||------------------------------------------------------------------------------------------||

	||------------------------------------------------------------------------------------------||
	||                                    OUTPUT CORRELATION                                    ||
	||------------------------------------------------------------------------------------------||
	||  1.00000 | 0.15486 | 0.23840 | 0.34921 | 0.26139 | 0.16203 | 0.00102 | 0.04156 | 0.11497 ||
	||  0.15486 | 1.00000 |-0.00042 |-0.00100 | 0.00148 |-0.00349 | 0.00946 | 0.00436 | 0.00520 ||
	||  0.23840 |-0.00042 | 1.00000 |-0.00487 | 0.00017 |-0.00617 |-0.01061 | 0.00439 |-0.00277 ||
	||  0.34921 |-0.00100 |-0.00487 | 1.00000 | 0.00504 | 0.00167 |-0.00182 | 0.00460 |-0.00282 ||
	||  0.26139 | 0.00148 | 0.00017 | 0.00504 | 1.00000 | 0.00151 |-0.00591 |-0.00077 | 0.00391 ||
	||  0.16203 |-0.00349 |-0.00617 | 0.00167 | 0.00151 | 1.00000 | 0.00525 |-0.00568 |-0.00311 ||
	||  0.00102 | 0.00946 |-0.01061 |-0.00182 |-0.00591 | 0.00525 | 1.00000 | 0.00231 | 0.00343 ||
	||  0.04156 | 0.00436 | 0.00439 | 0.00460 |-0.00077 |-0.00568 | 0.00231 | 1.00000 | 0.00085 ||
	||  0.11497 | 0.00520 |-0.00277 |-0.00282 | 0.00391 |-0.00311 | 0.00343 | 0.00085 | 1.00000 ||
	||------------------------------------------------------------------------------------------||

	||------------------------------------------------------------------------------------------||
	||                                    OUTPUT COVARIANCE                                     ||
	||------------------------------------------------------------------------------------------||
	||  0.99951 | 0.15471 | 0.23796 | 0.34862 | 0.26032 | 0.16250 | 0.00103 | 0.04152 | 0.11477 ||
	||  0.15471 | 0.99861 |-0.00042 |-0.00100 | 0.00147 |-0.00350 | 0.00953 | 0.00435 | 0.00519 ||
	||  0.23796 |-0.00042 | 0.99682 |-0.00486 | 0.00017 |-0.00618 |-0.01067 | 0.00438 |-0.00276 ||
	||  0.34862 |-0.00100 |-0.00486 | 0.99711 | 0.00501 | 0.00167 |-0.00183 | 0.00459 |-0.00281 ||
	||  0.26032 | 0.00147 | 0.00017 | 0.00501 | 0.99231 | 0.00151 |-0.00594 |-0.00076 | 0.00389 ||
	||  0.16250 |-0.00350 |-0.00618 | 0.00167 | 0.00151 | 1.00627 | 0.00530 |-0.00569 |-0.00311 ||
	||  0.00103 | 0.00953 |-0.01067 |-0.00183 |-0.00594 | 0.00530 | 1.01583 | 0.00232 | 0.00345 ||
	||  0.04152 | 0.00435 | 0.00438 | 0.00459 |-0.00076 |-0.00569 | 0.00232 | 0.99827 | 0.00085 ||
	||  0.11477 | 0.00519 |-0.00276 |-0.00281 | 0.00389 |-0.00311 | 0.00345 | 0.00085 | 0.99702 ||
	||------------------------------------------------------------------------------------------||


	|-----------------------------------------------------------------|
	|    Copyright (C) 2011-2018 (DRIP)
	|-----------------------------------------------------------------|
	|    Build Version  =&gt; 3.56.0 multi mode
	|    Build JVM (TM) =&gt; 1.8.0_112
	|    Build Snap     =&gt; Thu Jun 21 17:36:41 EST 2018
	|    Start Time     =&gt; Thu Jun 21 18:38:59 EDT 2018
	|    Setup Time     =&gt; Thu Jun 21 18:38:59 EDT 2018
	|    Setup Duration =&gt; 0 ms
	|-----------------------------------------------------------------|


	||-------------------------------------------||
	||                R^1 METRICS                ||
	||-------------------------------------------||
	||    L -&gt; R:                                ||
	||            - Mean                         ||
	||            - Error                        ||
	||            - Variance                     ||
	||            - Standard Deviation           ||
	||-------------------------------------------||
	|| -0.00066 |  0.79871 |  1.00000 |  1.00000 ||
	|| -0.00134 |  0.79674 |  1.00000 |  1.00000 ||
	|| -0.00977 |  0.79718 |  0.99990 |  0.99995 ||
	|| -0.01146 |  0.79802 |  0.99987 |  0.99993 ||
	||  0.00470 |  0.79681 |  0.99998 |  0.99999 ||
	|| -0.00782 |  0.79593 |  0.99994 |  0.99997 ||
	||  0.00572 |  0.79682 |  0.99997 |  0.99998 ||
	|| -0.00038 |  0.79971 |  1.00000 |  1.00000 ||
	|| -0.00252 |  0.80026 |  0.99999 |  1.00000 ||
	||-------------------------------------------||

	||------------------------------------------------------------------------------------------||
	||                                     INPUT CORRELATION                                    ||
	||------------------------------------------------------------------------------------------||
	||  1.00000 | 0.16100 | 0.24500 | 0.35200 | 0.25900 | 0.16600 | 0.00300 | 0.03800 | 0.11400 ||
	||  0.16100 | 1.00000 | 0.00000 | 0.00000 | 0.00000 | 0.00000 | 0.00000 | 0.00000 | 0.00000 ||
	||  0.24500 | 0.00000 | 1.00000 | 0.00000 | 0.00000 | 0.00000 | 0.00000 | 0.00000 | 0.00000 ||
	||  0.35200 | 0.00000 | 0.00000 | 1.00000 | 0.00000 | 0.00000 | 0.00000 | 0.00000 | 0.00000 ||
	||  0.25900 | 0.00000 | 0.00000 | 0.00000 | 1.00000 | 0.00000 | 0.00000 | 0.00000 | 0.00000 ||
	||  0.16600 | 0.00000 | 0.00000 | 0.00000 | 0.00000 | 1.00000 | 0.00000 | 0.00000 | 0.00000 ||
	||  0.00300 | 0.00000 | 0.00000 | 0.00000 | 0.00000 | 0.00000 | 1.00000 | 0.00000 | 0.00000 ||
	||  0.03800 | 0.00000 | 0.00000 | 0.00000 | 0.00000 | 0.00000 | 0.00000 | 1.00000 | 0.00000 ||
	||  0.11400 | 0.00000 | 0.00000 | 0.00000 | 0.00000 | 0.00000 | 0.00000 | 0.00000 | 1.00000 ||
	||------------------------------------------------------------------------------------------||

	||------------------------------------------------------------------------------------------||
	||                                    OUTPUT CORRELATION                                    ||
	||------------------------------------------------------------------------------------------||
	||  1.00000 | 0.15931 | 0.24818 | 0.34911 | 0.25573 | 0.16418 | 0.00136 | 0.03186 | 0.11830 ||
	||  0.15931 | 1.00000 |-0.00724 | 0.00231 | 0.00279 |-0.00168 | 0.00136 |-0.00501 | 0.00331 ||
	||  0.24818 |-0.00724 | 1.00000 | 0.00677 | 0.00060 | 0.00134 |-0.00276 | 0.00893 |-0.00616 ||
	||  0.34911 | 0.00231 | 0.00677 | 1.00000 |-0.00357 |-0.00394 |-0.00030 |-0.00549 |-0.00197 ||
	||  0.25573 | 0.00279 | 0.00060 |-0.00357 | 1.00000 |-0.00604 |-0.00364 | 0.00448 | 0.00636 ||
	||  0.16418 |-0.00168 | 0.00134 |-0.00394 |-0.00604 | 1.00000 | 0.00499 |-0.00554 | 0.00430 ||
	||  0.00136 | 0.00136 |-0.00276 |-0.00030 |-0.00364 | 0.00499 | 1.00000 | 0.00372 |-0.00420 ||
	||  0.03186 |-0.00501 | 0.00893 |-0.00549 | 0.00448 |-0.00554 | 0.00372 | 1.00000 |-0.00659 ||
	||  0.11830 | 0.00331 |-0.00616 |-0.00197 | 0.00636 | 0.00430 |-0.00420 |-0.00659 | 1.00000 ||
	||------------------------------------------------------------------------------------------||

	||------------------------------------------------------------------------------------------||
	||                                    OUTPUT COVARIANCE                                     ||
	||------------------------------------------------------------------------------------------||
	||  1.00000 | 0.15931 | 0.24817 | 0.34909 | 0.25572 | 0.16418 | 0.00136 | 0.03186 | 0.11830 ||
	||  0.15931 | 1.00000 |-0.00724 | 0.00231 | 0.00279 |-0.00168 | 0.00136 |-0.00501 | 0.00331 ||
	||  0.24817 |-0.00724 | 0.99990 | 0.00677 | 0.00060 | 0.00134 |-0.00276 | 0.00893 |-0.00616 ||
	||  0.34909 | 0.00231 | 0.00677 | 0.99987 |-0.00356 |-0.00394 |-0.00030 |-0.00549 |-0.00197 ||
	||  0.25572 | 0.00279 | 0.00060 |-0.00356 | 0.99998 |-0.00604 |-0.00364 | 0.00448 | 0.00636 ||
	||  0.16418 |-0.00168 | 0.00134 |-0.00394 |-0.00604 | 0.99994 | 0.00499 |-0.00554 | 0.00430 ||
	||  0.00136 | 0.00136 |-0.00276 |-0.00030 |-0.00364 | 0.00499 | 0.99997 | 0.00372 |-0.00420 ||
	||  0.03186 |-0.00501 | 0.00893 |-0.00549 | 0.00448 |-0.00554 | 0.00372 | 1.00000 |-0.00659 ||
	||  0.11830 | 0.00331 |-0.00616 |-0.00197 | 0.00636 | 0.00430 |-0.00420 |-0.00659 | 0.99999 ||
	||------------------------------------------------------------------------------------------||


	|-----------------------------------------------------------------|
	|    Copyright (C) 2011-2018 (DRIP)
	|-----------------------------------------------------------------|
	|    Build Version  =&gt; 3.56.0 multi mode
	|    Build JVM (TM) =&gt; 1.8.0_112
	|    Build Snap     =&gt; Thu Jun 21 17:36:41 EST 2018
	|    Start Time     =&gt; Thu Jun 21 18:39:02 EDT 2018
	|    Setup Time     =&gt; Thu Jun 21 18:39:02 EDT 2018
	|    Setup Duration =&gt; 0 ms
	|-----------------------------------------------------------------|


	||-------------------------------------------||
	||                R^1 METRICS                ||
	||-------------------------------------------||
	||    L -&gt; R:                                ||
	||            - Mean                         ||
	||            - Error                        ||
	||            - Variance                     ||
	||            - Standard Deviation           ||
	||-------------------------------------------||
	||  0.00323 |  0.79763 |  0.99997 |  0.99998 ||
	||  0.00357 |  0.79749 |  0.99997 |  0.99998 ||
	||  0.00123 |  0.79741 |  0.99998 |  0.99999 ||
	||  0.00244 |  0.79932 |  0.99997 |  0.99999 ||
	||  0.00232 |  0.79711 |  0.99997 |  0.99999 ||
	||  0.00205 |  0.79769 |  0.99998 |  0.99999 ||
	|| -0.00372 |  0.79745 |  0.99997 |  0.99998 ||
	|| -0.00016 |  0.79837 |  0.99998 |  0.99999 ||
	||  0.00466 |  0.79764 |  0.99996 |  0.99998 ||
	||-------------------------------------------||

	||------------------------------------------------------------------------------------------||
	||                                     INPUT CORRELATION                                    ||
	||------------------------------------------------------------------------------------------||
	||  1.00000 | 0.16100 | 0.24500 | 0.35200 | 0.25900 | 0.16600 | 0.00300 | 0.03800 | 0.11400 ||
	||  0.16100 | 1.00000 | 0.00000 | 0.00000 | 0.00000 | 0.00000 | 0.00000 | 0.00000 | 0.00000 ||
	||  0.24500 | 0.00000 | 1.00000 | 0.00000 | 0.00000 | 0.00000 | 0.00000 | 0.00000 | 0.00000 ||
	||  0.35200 | 0.00000 | 0.00000 | 1.00000 | 0.00000 | 0.00000 | 0.00000 | 0.00000 | 0.00000 ||
	||  0.25900 | 0.00000 | 0.00000 | 0.00000 | 1.00000 | 0.00000 | 0.00000 | 0.00000 | 0.00000 ||
	||  0.16600 | 0.00000 | 0.00000 | 0.00000 | 0.00000 | 1.00000 | 0.00000 | 0.00000 | 0.00000 ||
	||  0.00300 | 0.00000 | 0.00000 | 0.00000 | 0.00000 | 0.00000 | 1.00000 | 0.00000 | 0.00000 ||
	||  0.03800 | 0.00000 | 0.00000 | 0.00000 | 0.00000 | 0.00000 | 0.00000 | 1.00000 | 0.00000 ||
	||  0.11400 | 0.00000 | 0.00000 | 0.00000 | 0.00000 | 0.00000 | 0.00000 | 0.00000 | 1.00000 ||
	||------------------------------------------------------------------------------------------||

	||------------------------------------------------------------------------------------------||
	||                                    OUTPUT CORRELATION                                    ||
	||------------------------------------------------------------------------------------------||
	||  1.00000 | 0.15631 | 0.24685 | 0.34573 | 0.26126 | 0.16418 | 0.00390 | 0.04054 | 0.11262 ||
	||  0.15631 | 1.00000 |-0.00665 |-0.00253 | 0.00189 |-0.00002 |-0.00051 | 0.00362 | 0.00136 ||
	||  0.24685 |-0.00665 | 1.00000 | 0.00109 | 0.00431 | 0.00037 |-0.00442 | 0.00392 |-0.00310 ||
	||  0.34573 |-0.00253 | 0.00109 | 1.00000 |-0.00370 | 0.00280 |-0.00114 |-0.00266 |-0.00658 ||
	||  0.26126 | 0.00189 | 0.00431 |-0.00370 | 1.00000 | 0.00371 | 0.00529 |-0.00599 |-0.00072 ||
	||  0.16418 |-0.00002 | 0.00037 | 0.00280 | 0.00371 | 1.00000 | 0.00055 | 0.00228 | 0.00323 ||
	||  0.00390 |-0.00051 |-0.00442 |-0.00114 | 0.00529 | 0.00055 | 1.00000 | 0.00309 | 0.00099 ||
	||  0.04054 | 0.00362 | 0.00392 |-0.00266 |-0.00599 | 0.00228 | 0.00309 | 1.00000 |-0.00135 ||
	||  0.11262 | 0.00136 |-0.00310 |-0.00658 |-0.00072 | 0.00323 | 0.00099 |-0.00135 | 1.00000 ||
	||------------------------------------------------------------------------------------------||

	||------------------------------------------------------------------------------------------||
	||                                    OUTPUT COVARIANCE                                     ||
	||------------------------------------------------------------------------------------------||
	||  0.99997 | 0.15631 | 0.24685 | 0.34572 | 0.26126 | 0.16418 | 0.00390 | 0.04054 | 0.11262 ||
	||  0.15631 | 0.99997 |-0.00665 |-0.00253 | 0.00189 |-0.00002 |-0.00051 | 0.00362 | 0.00136 ||
	||  0.24685 |-0.00665 | 0.99998 | 0.00109 | 0.00431 | 0.00037 |-0.00442 | 0.00392 |-0.00310 ||
	||  0.34572 |-0.00253 | 0.00109 | 0.99997 |-0.00370 | 0.00280 |-0.00114 |-0.00266 |-0.00658 ||
	||  0.26126 | 0.00189 | 0.00431 |-0.00370 | 0.99997 | 0.00371 | 0.00529 |-0.00599 |-0.00072 ||
	||  0.16418 |-0.00002 | 0.00037 | 0.00280 | 0.00371 | 0.99998 | 0.00055 | 0.00228 | 0.00323 ||
	||  0.00390 |-0.00051 |-0.00442 |-0.00114 | 0.00529 | 0.00055 | 0.99997 | 0.00309 | 0.00099 ||
	||  0.04054 | 0.00362 | 0.00392 |-0.00266 |-0.00599 | 0.00228 | 0.00309 | 0.99998 |-0.00135 ||
	||  0.11262 | 0.00136 |-0.00310 |-0.00658 |-0.00072 | 0.00323 | 0.00099 |-0.00135 | 0.99996 ||
	||------------------------------------------------------------------------------------------||

</pre>
</span>
</div>
</div>
<div id="footer">
<p>
<div>
<label class="hidden" id="label-for-line-wrapping-toggle" for="line-wrapping-toggle">Wrap lines
<input id="line-wrapping-toggle" type="checkbox" autocomplete="off"/>
</label>
</div>Generated by 
<a href="http://www.gradle.org">Gradle 3.5</a> at Jun 21, 2018 7:22:56 PM</p>
</div>
</div>
</body>
</html>
