<!DOCTYPE html>
<html>
<head>
<meta http-equiv="Content-Type" content="text/html; charset=utf-8"/>
<meta http-equiv="x-ua-compatible" content="IE=edge"/>
<title>Test results - Class org.drip.coverage.sequence.Statistics</title>
<link href="../css/base-style.css" rel="stylesheet" type="text/css"/>
<link href="../css/style.css" rel="stylesheet" type="text/css"/>
<script src="../js/report.js" type="text/javascript"></script>
</head>
<body>
<div id="content">
<h1>Class org.drip.coverage.sequence.Statistics</h1>
<div class="breadcrumbs">
<a href="../index.html">all</a> &gt; 
<a href="../packages/org.drip.coverage.sequence.html">org.drip.coverage.sequence</a> &gt; Statistics</div>
<div id="summary">
<table>
<tr>
<td>
<div class="summaryGroup">
<table>
<tr>
<td>
<div class="infoBox" id="tests">
<div class="counter">1</div>
<p>tests</p>
</div>
</td>
<td>
<div class="infoBox" id="failures">
<div class="counter">0</div>
<p>failures</p>
</div>
</td>
<td>
<div class="infoBox" id="ignored">
<div class="counter">0</div>
<p>ignored</p>
</div>
</td>
<td>
<div class="infoBox" id="duration">
<div class="counter">9.763s</div>
<p>duration</p>
</div>
</td>
</tr>
</table>
</div>
</td>
<td>
<div class="infoBox success" id="successRate">
<div class="percent">100%</div>
<p>successful</p>
</div>
</td>
</tr>
</table>
</div>
<div id="tabs">
<ul class="tabLinks">
<li>
<a href="#tab0">Tests</a>
</li>
<li>
<a href="#tab1">Standard output</a>
</li>
</ul>
<div id="tab0" class="tab">
<h2>Tests</h2>
<table>
<thead>
<tr>
<th>Test</th>
<th>Duration</th>
<th>Result</th>
</tr>
</thead>
<tr>
<td class="success">codeCoverageTest</td>
<td>9.763s</td>
<td class="success">passed</td>
</tr>
</table>
</div>
<div id="tab1" class="tab">
<h2>Standard output</h2>
<span class="code">
<pre>
	|-----------------------------------------------------------------|
	|    Copyright (C) 2011-2019 (DRIP, DROP)
	|-----------------------------------------------------------------|
	|    Build Version  =&gt; 4.02.0 multi mode
	|    Build JVM (TM) =&gt; 1.8.0_112
	|    Build Snap     =&gt; Thu Jan 31 23:20:25 EST 2018
	|    Start Time     =&gt; Fri Feb 01 00:13:56 EST 2019
	|    Setup Time     =&gt; Fri Feb 01 00:13:56 EST 2019
	|    Setup Duration =&gt; 0 ms
	|-----------------------------------------------------------------|


	||-------------------------------------------||
	||                R^1 METRICS                ||
	||-------------------------------------------||
	||    L -&gt; R:                                ||
	||            - Mean                         ||
	||            - Error                        ||
	||            - Variance                     ||
	||            - Standard Deviation           ||
	||-------------------------------------------||
	|| -0.00288 |  0.79501 |  0.99062 |  0.99530 ||
	||  0.00305 |  0.79870 |  1.00110 |  1.00055 ||
	|| -0.00089 |  0.80030 |  1.00698 |  1.00348 ||
	||  0.00432 |  0.80402 |  1.01917 |  1.00954 ||
	||  0.00038 |  0.79420 |  0.98985 |  0.99491 ||
	||  0.00159 |  0.79579 |  0.99573 |  0.99786 ||
	|| -0.00303 |  0.80060 |  1.00618 |  1.00309 ||
	||  0.00383 |  0.79772 |  1.00183 |  1.00091 ||
	|| -0.00057 |  0.79836 |  1.00030 |  1.00015 ||
	||-------------------------------------------||

	||------------------------------------------------------------------------------------------||
	||                                     INPUT CORRELATION                                    ||
	||------------------------------------------------------------------------------------------||
	||  1.00000 | 0.16100 | 0.24500 | 0.35200 | 0.25900 | 0.16600 | 0.00300 | 0.03800 | 0.11400 ||
	||  0.16100 | 1.00000 | 0.00000 | 0.00000 | 0.00000 | 0.00000 | 0.00000 | 0.00000 | 0.00000 ||
	||  0.24500 | 0.00000 | 1.00000 | 0.00000 | 0.00000 | 0.00000 | 0.00000 | 0.00000 | 0.00000 ||
	||  0.35200 | 0.00000 | 0.00000 | 1.00000 | 0.00000 | 0.00000 | 0.00000 | 0.00000 | 0.00000 ||
	||  0.25900 | 0.00000 | 0.00000 | 0.00000 | 1.00000 | 0.00000 | 0.00000 | 0.00000 | 0.00000 ||
	||  0.16600 | 0.00000 | 0.00000 | 0.00000 | 0.00000 | 1.00000 | 0.00000 | 0.00000 | 0.00000 ||
	||  0.00300 | 0.00000 | 0.00000 | 0.00000 | 0.00000 | 0.00000 | 1.00000 | 0.00000 | 0.00000 ||
	||  0.03800 | 0.00000 | 0.00000 | 0.00000 | 0.00000 | 0.00000 | 0.00000 | 1.00000 | 0.00000 ||
	||  0.11400 | 0.00000 | 0.00000 | 0.00000 | 0.00000 | 0.00000 | 0.00000 | 0.00000 | 1.00000 ||
	||------------------------------------------------------------------------------------------||

	||------------------------------------------------------------------------------------------||
	||                                    OUTPUT CORRELATION                                    ||
	||------------------------------------------------------------------------------------------||
	||  1.00000 | 0.15228 | 0.24727 | 0.34928 | 0.25445 | 0.15628 | 0.00445 | 0.04518 | 0.11253 ||
	||  0.15228 | 1.00000 |-0.01039 | 0.00411 |-0.00655 |-0.00370 |-0.00206 |-0.00103 | 0.00168 ||
	||  0.24727 |-0.01039 | 1.00000 | 0.00081 |-0.00029 | 0.00337 | 0.00498 | 0.00592 | 0.00172 ||
	||  0.34928 | 0.00411 | 0.00081 | 1.00000 |-0.00506 |-0.00727 | 0.00015 | 0.00213 | 0.00560 ||
	||  0.25445 |-0.00655 |-0.00029 |-0.00506 | 1.00000 | 0.00844 | 0.00460 |-0.00296 |-0.00488 ||
	||  0.15628 |-0.00370 | 0.00337 |-0.00727 | 0.00844 | 1.00000 | 0.00561 |-0.00309 |-0.00427 ||
	||  0.00445 |-0.00206 | 0.00498 | 0.00015 | 0.00460 | 0.00561 | 1.00000 |-0.00327 | 0.00940 ||
	||  0.04518 |-0.00103 | 0.00592 | 0.00213 |-0.00296 |-0.00309 |-0.00327 | 1.00000 |-0.00241 ||
	||  0.11253 | 0.00168 | 0.00172 | 0.00560 |-0.00488 |-0.00427 | 0.00940 |-0.00241 | 1.00000 ||
	||------------------------------------------------------------------------------------------||

	||------------------------------------------------------------------------------------------||
	||                                    OUTPUT COVARIANCE                                     ||
	||------------------------------------------------------------------------------------------||
	||  0.99062 | 0.15164 | 0.24697 | 0.35095 | 0.25197 | 0.15521 | 0.00445 | 0.04500 | 0.11202 ||
	||  0.15164 | 1.00110 |-0.01043 | 0.00415 |-0.00652 |-0.00370 |-0.00207 |-0.00103 | 0.00168 ||
	||  0.24697 |-0.01043 | 1.00698 | 0.00082 |-0.00029 | 0.00337 | 0.00501 | 0.00595 | 0.00173 ||
	||  0.35095 | 0.00415 | 0.00082 | 1.01917 |-0.00508 |-0.00733 | 0.00015 | 0.00215 | 0.00565 ||
	||  0.25197 |-0.00652 |-0.00029 |-0.00508 | 0.98985 | 0.00838 | 0.00459 |-0.00295 |-0.00485 ||
	||  0.15521 |-0.00370 | 0.00337 |-0.00733 | 0.00838 | 0.99573 | 0.00562 |-0.00309 |-0.00426 ||
	||  0.00445 |-0.00207 | 0.00501 | 0.00015 | 0.00459 | 0.00562 | 1.00618 |-0.00328 | 0.00943 ||
	||  0.04500 |-0.00103 | 0.00595 | 0.00215 |-0.00295 |-0.00309 |-0.00328 | 1.00183 |-0.00241 ||
	||  0.11202 | 0.00168 | 0.00173 | 0.00565 |-0.00485 |-0.00426 | 0.00943 |-0.00241 | 1.00030 ||
	||------------------------------------------------------------------------------------------||


	|-----------------------------------------------------------------|
	|    Copyright (C) 2011-2019 (DRIP, DROP)
	|-----------------------------------------------------------------|
	|    Build Version  =&gt; 4.02.0 multi mode
	|    Build JVM (TM) =&gt; 1.8.0_112
	|    Build Snap     =&gt; Thu Jan 31 23:20:25 EST 2018
	|    Start Time     =&gt; Fri Feb 01 00:13:59 EST 2019
	|    Setup Time     =&gt; Fri Feb 01 00:13:59 EST 2019
	|    Setup Duration =&gt; 0 ms
	|-----------------------------------------------------------------|


	||-------------------------------------------||
	||                R^1 METRICS                ||
	||-------------------------------------------||
	||    L -&gt; R:                                ||
	||            - Mean                         ||
	||            - Error                        ||
	||            - Variance                     ||
	||            - Standard Deviation           ||
	||-------------------------------------------||
	|| -0.00301 |  0.79392 |  0.98849 |  0.99423 ||
	|| -0.00186 |  0.79922 |  1.00084 |  1.00042 ||
	|| -0.00854 |  0.79621 |  0.99722 |  0.99861 ||
	|| -0.00176 |  0.80031 |  1.00309 |  1.00154 ||
	||  0.00612 |  0.80173 |  1.01088 |  1.00543 ||
	||  0.00161 |  0.79382 |  0.98890 |  0.99443 ||
	|| -0.00121 |  0.79496 |  0.98877 |  0.99437 ||
	||  0.00609 |  0.79788 |  0.99962 |  0.99981 ||
	||  0.00295 |  0.79999 |  1.00690 |  1.00344 ||
	||-------------------------------------------||

	||------------------------------------------------------------------------------------------||
	||                                     INPUT CORRELATION                                    ||
	||------------------------------------------------------------------------------------------||
	||  1.00000 | 0.16100 | 0.24500 | 0.35200 | 0.25900 | 0.16600 | 0.00300 | 0.03800 | 0.11400 ||
	||  0.16100 | 1.00000 | 0.00000 | 0.00000 | 0.00000 | 0.00000 | 0.00000 | 0.00000 | 0.00000 ||
	||  0.24500 | 0.00000 | 1.00000 | 0.00000 | 0.00000 | 0.00000 | 0.00000 | 0.00000 | 0.00000 ||
	||  0.35200 | 0.00000 | 0.00000 | 1.00000 | 0.00000 | 0.00000 | 0.00000 | 0.00000 | 0.00000 ||
	||  0.25900 | 0.00000 | 0.00000 | 0.00000 | 1.00000 | 0.00000 | 0.00000 | 0.00000 | 0.00000 ||
	||  0.16600 | 0.00000 | 0.00000 | 0.00000 | 0.00000 | 1.00000 | 0.00000 | 0.00000 | 0.00000 ||
	||  0.00300 | 0.00000 | 0.00000 | 0.00000 | 0.00000 | 0.00000 | 1.00000 | 0.00000 | 0.00000 ||
	||  0.03800 | 0.00000 | 0.00000 | 0.00000 | 0.00000 | 0.00000 | 0.00000 | 1.00000 | 0.00000 ||
	||  0.11400 | 0.00000 | 0.00000 | 0.00000 | 0.00000 | 0.00000 | 0.00000 | 0.00000 | 1.00000 ||
	||------------------------------------------------------------------------------------------||

	||------------------------------------------------------------------------------------------||
	||                                    OUTPUT CORRELATION                                    ||
	||------------------------------------------------------------------------------------------||
	||  1.00000 | 0.16150 | 0.24755 | 0.35280 | 0.25947 | 0.16531 | 0.01007 | 0.04435 | 0.12172 ||
	||  0.16150 | 1.00000 | 0.00027 | 0.00442 | 0.00141 |-0.00282 | 0.00155 | 0.00047 |-0.00120 ||
	||  0.24755 | 0.00027 | 1.00000 |-0.00038 |-0.00213 | 0.00016 | 0.00081 |-0.00346 | 0.00985 ||
	||  0.35280 | 0.00442 |-0.00038 | 1.00000 | 0.00090 |-0.00540 | 0.00964 |-0.00007 |-0.00342 ||
	||  0.25947 | 0.00141 |-0.00213 | 0.00090 | 1.00000 | 0.00713 | 0.00498 |-0.00608 |-0.00209 ||
	||  0.16531 |-0.00282 | 0.00016 |-0.00540 | 0.00713 | 1.00000 | 0.00729 | 0.00710 | 0.00237 ||
	||  0.01007 | 0.00155 | 0.00081 | 0.00964 | 0.00498 | 0.00729 | 1.00000 | 0.00093 |-0.00028 ||
	||  0.04435 | 0.00047 |-0.00346 |-0.00007 |-0.00608 | 0.00710 | 0.00093 | 1.00000 |-0.00416 ||
	||  0.12172 |-0.00120 | 0.00985 |-0.00342 |-0.00209 | 0.00237 |-0.00028 |-0.00416 | 1.00000 ||
	||------------------------------------------------------------------------------------------||

	||------------------------------------------------------------------------------------------||
	||                                    OUTPUT COVARIANCE                                     ||
	||------------------------------------------------------------------------------------------||
	||  0.98849 | 0.16063 | 0.24578 | 0.35131 | 0.25937 | 0.16344 | 0.00996 | 0.04408 | 0.12143 ||
	||  0.16063 | 1.00084 | 0.00027 | 0.00443 | 0.00142 |-0.00280 | 0.00154 | 0.00047 |-0.00120 ||
	||  0.24578 | 0.00027 | 0.99722 |-0.00038 |-0.00214 | 0.00016 | 0.00081 |-0.00345 | 0.00987 ||
	||  0.35131 | 0.00443 |-0.00038 | 1.00309 | 0.00090 |-0.00538 | 0.00961 |-0.00007 |-0.00344 ||
	||  0.25937 | 0.00142 |-0.00214 | 0.00090 | 1.01088 | 0.00713 | 0.00498 |-0.00611 |-0.00211 ||
	||  0.16344 |-0.00280 | 0.00016 |-0.00538 | 0.00713 | 0.98890 | 0.00721 | 0.00706 | 0.00236 ||
	||  0.00996 | 0.00154 | 0.00081 | 0.00961 | 0.00498 | 0.00721 | 0.98877 | 0.00093 |-0.00028 ||
	||  0.04408 | 0.00047 |-0.00345 |-0.00007 |-0.00611 | 0.00706 | 0.00093 | 0.99962 |-0.00418 ||
	||  0.12143 |-0.00120 | 0.00987 |-0.00344 |-0.00211 | 0.00236 |-0.00028 |-0.00418 | 1.00690 ||
	||------------------------------------------------------------------------------------------||


	|-----------------------------------------------------------------|
	|    Copyright (C) 2011-2019 (DRIP, DROP)
	|-----------------------------------------------------------------|
	|    Build Version  =&gt; 4.02.0 multi mode
	|    Build JVM (TM) =&gt; 1.8.0_112
	|    Build Snap     =&gt; Thu Jan 31 23:20:25 EST 2018
	|    Start Time     =&gt; Fri Feb 01 00:14:01 EST 2019
	|    Setup Time     =&gt; Fri Feb 01 00:14:01 EST 2019
	|    Setup Duration =&gt; 0 ms
	|-----------------------------------------------------------------|


	||-------------------------------------------||
	||                R^1 METRICS                ||
	||-------------------------------------------||
	||    L -&gt; R:                                ||
	||            - Mean                         ||
	||            - Error                        ||
	||            - Variance                     ||
	||            - Standard Deviation           ||
	||-------------------------------------------||
	||  0.00455 |  0.79791 |  0.99998 |  0.99999 ||
	||  0.00289 |  0.79801 |  0.99999 |  1.00000 ||
	||  0.00281 |  0.79802 |  0.99999 |  1.00000 ||
	||  0.00755 |  0.79950 |  0.99994 |  0.99997 ||
	|| -0.00164 |  0.79722 |  1.00000 |  1.00000 ||
	||  0.00004 |  0.79625 |  1.00000 |  1.00000 ||
	|| -0.00447 |  0.79830 |  0.99998 |  0.99999 ||
	|| -0.00487 |  0.79708 |  0.99998 |  0.99999 ||
	||  0.00493 |  0.79849 |  0.99998 |  0.99999 ||
	||-------------------------------------------||

	||------------------------------------------------------------------------------------------||
	||                                     INPUT CORRELATION                                    ||
	||------------------------------------------------------------------------------------------||
	||  1.00000 | 0.16100 | 0.24500 | 0.35200 | 0.25900 | 0.16600 | 0.00300 | 0.03800 | 0.11400 ||
	||  0.16100 | 1.00000 | 0.00000 | 0.00000 | 0.00000 | 0.00000 | 0.00000 | 0.00000 | 0.00000 ||
	||  0.24500 | 0.00000 | 1.00000 | 0.00000 | 0.00000 | 0.00000 | 0.00000 | 0.00000 | 0.00000 ||
	||  0.35200 | 0.00000 | 0.00000 | 1.00000 | 0.00000 | 0.00000 | 0.00000 | 0.00000 | 0.00000 ||
	||  0.25900 | 0.00000 | 0.00000 | 0.00000 | 1.00000 | 0.00000 | 0.00000 | 0.00000 | 0.00000 ||
	||  0.16600 | 0.00000 | 0.00000 | 0.00000 | 0.00000 | 1.00000 | 0.00000 | 0.00000 | 0.00000 ||
	||  0.00300 | 0.00000 | 0.00000 | 0.00000 | 0.00000 | 0.00000 | 1.00000 | 0.00000 | 0.00000 ||
	||  0.03800 | 0.00000 | 0.00000 | 0.00000 | 0.00000 | 0.00000 | 0.00000 | 1.00000 | 0.00000 ||
	||  0.11400 | 0.00000 | 0.00000 | 0.00000 | 0.00000 | 0.00000 | 0.00000 | 0.00000 | 1.00000 ||
	||------------------------------------------------------------------------------------------||

	||------------------------------------------------------------------------------------------||
	||                                    OUTPUT CORRELATION                                    ||
	||------------------------------------------------------------------------------------------||
	||  1.00000 | 0.16274 | 0.24965 | 0.34983 | 0.26330 | 0.16128 | 0.00466 | 0.03931 | 0.10879 ||
	||  0.16274 | 1.00000 | 0.00111 | 0.00066 | 0.00234 |-0.00352 |-0.00601 | 0.00351 |-0.00123 ||
	||  0.24965 | 0.00111 | 1.00000 | 0.00952 |-0.00144 | 0.00202 | 0.00160 | 0.00510 |-0.00206 ||
	||  0.34983 | 0.00066 | 0.00952 | 1.00000 |-0.00212 |-0.00284 | 0.00107 | 0.00090 |-0.00314 ||
	||  0.26330 | 0.00234 |-0.00144 |-0.00212 | 1.00000 | 0.00299 |-0.00098 | 0.00481 | 0.00790 ||
	||  0.16128 |-0.00352 | 0.00202 |-0.00284 | 0.00299 | 1.00000 | 0.00340 | 0.00181 | 0.00313 ||
	||  0.00466 |-0.00601 | 0.00160 | 0.00107 |-0.00098 | 0.00340 | 1.00000 |-0.00033 | 0.00564 ||
	||  0.03931 | 0.00351 | 0.00510 | 0.00090 | 0.00481 | 0.00181 |-0.00033 | 1.00000 |-0.00239 ||
	||  0.10879 |-0.00123 |-0.00206 |-0.00314 | 0.00790 | 0.00313 | 0.00564 |-0.00239 | 1.00000 ||
	||------------------------------------------------------------------------------------------||

	||------------------------------------------------------------------------------------------||
	||                                    OUTPUT COVARIANCE                                     ||
	||------------------------------------------------------------------------------------------||
	||  0.99998 | 0.16273 | 0.24965 | 0.34982 | 0.26329 | 0.16128 | 0.00466 | 0.03931 | 0.10879 ||
	||  0.16273 | 0.99999 | 0.00111 | 0.00066 | 0.00234 |-0.00352 |-0.00601 | 0.00351 |-0.00123 ||
	||  0.24965 | 0.00111 | 0.99999 | 0.00952 |-0.00144 | 0.00202 | 0.00160 | 0.00510 |-0.00206 ||
	||  0.34982 | 0.00066 | 0.00952 | 0.99994 |-0.00212 |-0.00284 | 0.00107 | 0.00090 |-0.00313 ||
	||  0.26329 | 0.00234 |-0.00144 |-0.00212 | 1.00000 | 0.00299 |-0.00098 | 0.00481 | 0.00790 ||
	||  0.16128 |-0.00352 | 0.00202 |-0.00284 | 0.00299 | 1.00000 | 0.00340 | 0.00181 | 0.00313 ||
	||  0.00466 |-0.00601 | 0.00160 | 0.00107 |-0.00098 | 0.00340 | 0.99998 |-0.00033 | 0.00564 ||
	||  0.03931 | 0.00351 | 0.00510 | 0.00090 | 0.00481 | 0.00181 |-0.00033 | 0.99998 |-0.00239 ||
	||  0.10879 |-0.00123 |-0.00206 |-0.00313 | 0.00790 | 0.00313 | 0.00564 |-0.00239 | 0.99998 ||
	||------------------------------------------------------------------------------------------||


	|-----------------------------------------------------------------|
	|    Copyright (C) 2011-2019 (DRIP, DROP)
	|-----------------------------------------------------------------|
	|    Build Version  =&gt; 4.02.0 multi mode
	|    Build JVM (TM) =&gt; 1.8.0_112
	|    Build Snap     =&gt; Thu Jan 31 23:20:25 EST 2018
	|    Start Time     =&gt; Fri Feb 01 00:14:04 EST 2019
	|    Setup Time     =&gt; Fri Feb 01 00:14:04 EST 2019
	|    Setup Duration =&gt; 0 ms
	|-----------------------------------------------------------------|


	||-------------------------------------------||
	||                R^1 METRICS                ||
	||-------------------------------------------||
	||    L -&gt; R:                                ||
	||            - Mean                         ||
	||            - Error                        ||
	||            - Variance                     ||
	||            - Standard Deviation           ||
	||-------------------------------------------||
	|| -0.00028 |  0.79801 |  0.99998 |  0.99999 ||
	||  0.00246 |  0.79728 |  0.99997 |  0.99999 ||
	|| -0.00327 |  0.79960 |  0.99997 |  0.99998 ||
	||  0.00070 |  0.79903 |  0.99998 |  0.99999 ||
	|| -0.00137 |  0.79649 |  0.99998 |  0.99999 ||
	|| -0.00460 |  0.79663 |  0.99996 |  0.99998 ||
	|| -0.00263 |  0.79850 |  0.99997 |  0.99999 ||
	||  0.00368 |  0.79735 |  0.99997 |  0.99998 ||
	|| -0.00032 |  0.79770 |  0.99998 |  0.99999 ||
	||-------------------------------------------||

	||------------------------------------------------------------------------------------------||
	||                                     INPUT CORRELATION                                    ||
	||------------------------------------------------------------------------------------------||
	||  1.00000 | 0.16100 | 0.24500 | 0.35200 | 0.25900 | 0.16600 | 0.00300 | 0.03800 | 0.11400 ||
	||  0.16100 | 1.00000 | 0.00000 | 0.00000 | 0.00000 | 0.00000 | 0.00000 | 0.00000 | 0.00000 ||
	||  0.24500 | 0.00000 | 1.00000 | 0.00000 | 0.00000 | 0.00000 | 0.00000 | 0.00000 | 0.00000 ||
	||  0.35200 | 0.00000 | 0.00000 | 1.00000 | 0.00000 | 0.00000 | 0.00000 | 0.00000 | 0.00000 ||
	||  0.25900 | 0.00000 | 0.00000 | 0.00000 | 1.00000 | 0.00000 | 0.00000 | 0.00000 | 0.00000 ||
	||  0.16600 | 0.00000 | 0.00000 | 0.00000 | 0.00000 | 1.00000 | 0.00000 | 0.00000 | 0.00000 ||
	||  0.00300 | 0.00000 | 0.00000 | 0.00000 | 0.00000 | 0.00000 | 1.00000 | 0.00000 | 0.00000 ||
	||  0.03800 | 0.00000 | 0.00000 | 0.00000 | 0.00000 | 0.00000 | 0.00000 | 1.00000 | 0.00000 ||
	||  0.11400 | 0.00000 | 0.00000 | 0.00000 | 0.00000 | 0.00000 | 0.00000 | 0.00000 | 1.00000 ||
	||------------------------------------------------------------------------------------------||

	||------------------------------------------------------------------------------------------||
	||                                    OUTPUT CORRELATION                                    ||
	||------------------------------------------------------------------------------------------||
	||  1.00000 | 0.15871 | 0.23924 | 0.35902 | 0.25451 | 0.16197 | 0.00819 | 0.04901 | 0.10949 ||
	||  0.15871 | 1.00000 | 0.00045 | 0.00008 | 0.00261 |-0.00415 | 0.00155 | 0.00817 | 0.00056 ||
	||  0.23924 | 0.00045 | 1.00000 | 0.00606 |-0.00330 |-0.00775 | 0.00324 | 0.00350 |-0.00631 ||
	||  0.35902 | 0.00008 | 0.00606 | 1.00000 | 0.00564 |-0.00038 |-0.00321 | 0.00946 |-0.00231 ||
	||  0.25451 | 0.00261 |-0.00330 | 0.00564 | 1.00000 |-0.00491 | 0.00321 |-0.00068 |-0.00473 ||
	||  0.16197 |-0.00415 |-0.00775 |-0.00038 |-0.00491 | 1.00000 |-0.00474 | 0.00749 | 0.00005 ||
	||  0.00819 | 0.00155 | 0.00324 |-0.00321 | 0.00321 |-0.00474 | 1.00000 | 0.00719 | 0.00783 ||
	||  0.04901 | 0.00817 | 0.00350 | 0.00946 |-0.00068 | 0.00749 | 0.00719 | 1.00000 |-0.00120 ||
	||  0.10949 | 0.00056 |-0.00631 |-0.00231 |-0.00473 | 0.00005 | 0.00783 |-0.00120 | 1.00000 ||
	||------------------------------------------------------------------------------------------||

	||------------------------------------------------------------------------------------------||
	||                                    OUTPUT COVARIANCE                                     ||
	||------------------------------------------------------------------------------------------||
	||  0.99998 | 0.15871 | 0.23923 | 0.35901 | 0.25451 | 0.16197 | 0.00819 | 0.04901 | 0.10949 ||
	||  0.15871 | 0.99997 | 0.00045 | 0.00008 | 0.00261 |-0.00415 | 0.00155 | 0.00817 | 0.00056 ||
	||  0.23923 | 0.00045 | 0.99997 | 0.00606 |-0.00330 |-0.00775 | 0.00324 | 0.00350 |-0.00631 ||
	||  0.35901 | 0.00008 | 0.00606 | 0.99998 | 0.00564 |-0.00038 |-0.00321 | 0.00946 |-0.00231 ||
	||  0.25451 | 0.00261 |-0.00330 | 0.00564 | 0.99998 |-0.00491 | 0.00321 |-0.00068 |-0.00473 ||
	||  0.16197 |-0.00415 |-0.00775 |-0.00038 |-0.00491 | 0.99996 |-0.00474 | 0.00749 | 0.00005 ||
	||  0.00819 | 0.00155 | 0.00324 |-0.00321 | 0.00321 |-0.00474 | 0.99997 | 0.00719 | 0.00783 ||
	||  0.04901 | 0.00817 | 0.00350 | 0.00946 |-0.00068 | 0.00749 | 0.00719 | 0.99997 |-0.00120 ||
	||  0.10949 | 0.00056 |-0.00631 |-0.00231 |-0.00473 | 0.00005 | 0.00783 |-0.00120 | 0.99998 ||
	||------------------------------------------------------------------------------------------||

</pre>
</span>
</div>
</div>
<div id="footer">
<p>
<div>
<label class="hidden" id="label-for-line-wrapping-toggle" for="line-wrapping-toggle">Wrap lines
<input id="line-wrapping-toggle" type="checkbox" autocomplete="off"/>
</label>
</div>Generated by 
<a href="http://www.gradle.org">Gradle 3.5</a> at Feb 1, 2019 12:40:39 AM</p>
</div>
</div>
</body>
</html>
