<!DOCTYPE html>
<html>
<head>
<meta http-equiv="Content-Type" content="text/html; charset=utf-8"/>
<meta http-equiv="x-ua-compatible" content="IE=edge"/>
<title>Test results - Class org.drip.coverage.sequence.Statistics</title>
<link href="../css/base-style.css" rel="stylesheet" type="text/css"/>
<link href="../css/style.css" rel="stylesheet" type="text/css"/>
<script src="../js/report.js" type="text/javascript"></script>
</head>
<body>
<div id="content">
<h1>Class org.drip.coverage.sequence.Statistics</h1>
<div class="breadcrumbs">
<a href="../index.html">all</a> &gt; 
<a href="../packages/org.drip.coverage.sequence.html">org.drip.coverage.sequence</a> &gt; Statistics</div>
<div id="summary">
<table>
<tr>
<td>
<div class="summaryGroup">
<table>
<tr>
<td>
<div class="infoBox" id="tests">
<div class="counter">1</div>
<p>tests</p>
</div>
</td>
<td>
<div class="infoBox" id="failures">
<div class="counter">0</div>
<p>failures</p>
</div>
</td>
<td>
<div class="infoBox" id="ignored">
<div class="counter">0</div>
<p>ignored</p>
</div>
</td>
<td>
<div class="infoBox" id="duration">
<div class="counter">9.623s</div>
<p>duration</p>
</div>
</td>
</tr>
</table>
</div>
</td>
<td>
<div class="infoBox success" id="successRate">
<div class="percent">100%</div>
<p>successful</p>
</div>
</td>
</tr>
</table>
</div>
<div id="tabs">
<ul class="tabLinks">
<li>
<a href="#tab0">Tests</a>
</li>
<li>
<a href="#tab1">Standard output</a>
</li>
</ul>
<div id="tab0" class="tab">
<h2>Tests</h2>
<table>
<thead>
<tr>
<th>Test</th>
<th>Duration</th>
<th>Result</th>
</tr>
</thead>
<tr>
<td class="success">codeCoverageTest</td>
<td>9.623s</td>
<td class="success">passed</td>
</tr>
</table>
</div>
<div id="tab1" class="tab">
<h2>Standard output</h2>
<span class="code">
<pre>
	|-----------------------------------------------------------------|
	|    Copyright (C) 2011-2018 (DRIP)
	|-----------------------------------------------------------------|
	|    Build Version  =&gt; 3.88.0 multi mode
	|    Build JVM (TM) =&gt; 1.8.0_112
	|    Build Snap     =&gt; Thu Nov 29 18:45:12 EST 2018
	|    Start Time     =&gt; Thu Nov 29 20:54:56 EST 2018
	|    Setup Time     =&gt; Thu Nov 29 20:54:56 EST 2018
	|    Setup Duration =&gt; 0 ms
	|-----------------------------------------------------------------|


	||-------------------------------------------||
	||                R^1 METRICS                ||
	||-------------------------------------------||
	||    L -&gt; R:                                ||
	||            - Mean                         ||
	||            - Error                        ||
	||            - Variance                     ||
	||            - Standard Deviation           ||
	||-------------------------------------------||
	|| -0.00147 |  0.79473 |  0.99353 |  0.99676 ||
	||  0.00154 |  0.79896 |  1.00365 |  1.00182 ||
	|| -0.00412 |  0.79809 |  0.99737 |  0.99869 ||
	|| -0.00214 |  0.79434 |  0.99534 |  0.99767 ||
	|| -0.00219 |  0.79748 |  0.99599 |  0.99799 ||
	|| -0.00613 |  0.79790 |  1.00233 |  1.00116 ||
	||  0.00074 |  0.79695 |  0.99633 |  0.99816 ||
	|| -0.00595 |  0.79793 |  1.00313 |  1.00156 ||
	|| -0.00650 |  0.79905 |  1.00324 |  1.00162 ||
	||-------------------------------------------||

	||------------------------------------------------------------------------------------------||
	||                                     INPUT CORRELATION                                    ||
	||------------------------------------------------------------------------------------------||
	||  1.00000 | 0.16100 | 0.24500 | 0.35200 | 0.25900 | 0.16600 | 0.00300 | 0.03800 | 0.11400 ||
	||  0.16100 | 1.00000 | 0.00000 | 0.00000 | 0.00000 | 0.00000 | 0.00000 | 0.00000 | 0.00000 ||
	||  0.24500 | 0.00000 | 1.00000 | 0.00000 | 0.00000 | 0.00000 | 0.00000 | 0.00000 | 0.00000 ||
	||  0.35200 | 0.00000 | 0.00000 | 1.00000 | 0.00000 | 0.00000 | 0.00000 | 0.00000 | 0.00000 ||
	||  0.25900 | 0.00000 | 0.00000 | 0.00000 | 1.00000 | 0.00000 | 0.00000 | 0.00000 | 0.00000 ||
	||  0.16600 | 0.00000 | 0.00000 | 0.00000 | 0.00000 | 1.00000 | 0.00000 | 0.00000 | 0.00000 ||
	||  0.00300 | 0.00000 | 0.00000 | 0.00000 | 0.00000 | 0.00000 | 1.00000 | 0.00000 | 0.00000 ||
	||  0.03800 | 0.00000 | 0.00000 | 0.00000 | 0.00000 | 0.00000 | 0.00000 | 1.00000 | 0.00000 ||
	||  0.11400 | 0.00000 | 0.00000 | 0.00000 | 0.00000 | 0.00000 | 0.00000 | 0.00000 | 1.00000 ||
	||------------------------------------------------------------------------------------------||

	||------------------------------------------------------------------------------------------||
	||                                    OUTPUT CORRELATION                                    ||
	||------------------------------------------------------------------------------------------||
	||  1.00000 | 0.16111 | 0.24316 | 0.35166 | 0.26667 | 0.16222 | 0.00321 | 0.02765 | 0.11576 ||
	||  0.16111 | 1.00000 | 0.00223 | 0.00126 | 0.00810 |-0.00349 | 0.00456 | 0.00232 | 0.00066 ||
	||  0.24316 | 0.00223 | 1.00000 | 0.00396 | 0.00106 |-0.00548 | 0.00279 |-0.00657 |-0.00331 ||
	||  0.35166 | 0.00126 | 0.00396 | 1.00000 | 0.00421 |-0.00674 | 0.00024 |-0.00363 |-0.00312 ||
	||  0.26667 | 0.00810 | 0.00106 | 0.00421 | 1.00000 | 0.00533 |-0.00017 |-0.00034 | 0.00092 ||
	||  0.16222 |-0.00349 |-0.00548 |-0.00674 | 0.00533 | 1.00000 | 0.00110 |-0.00415 | 0.00465 ||
	||  0.00321 | 0.00456 | 0.00279 | 0.00024 |-0.00017 | 0.00110 | 1.00000 | 0.00890 |-0.00146 ||
	||  0.02765 | 0.00232 |-0.00657 |-0.00363 |-0.00034 |-0.00415 | 0.00890 | 1.00000 |-0.00385 ||
	||  0.11576 | 0.00066 |-0.00331 |-0.00312 | 0.00092 | 0.00465 |-0.00146 |-0.00385 | 1.00000 ||
	||------------------------------------------------------------------------------------------||

	||------------------------------------------------------------------------------------------||
	||                                    OUTPUT COVARIANCE                                     ||
	||------------------------------------------------------------------------------------------||
	||  0.99353 | 0.16088 | 0.24206 | 0.34971 | 0.26527 | 0.16188 | 0.00320 | 0.02760 | 0.11557 ||
	||  0.16088 | 1.00365 | 0.00223 | 0.00125 | 0.00810 |-0.00350 | 0.00456 | 0.00233 | 0.00066 ||
	||  0.24206 | 0.00223 | 0.99737 | 0.00394 | 0.00106 |-0.00548 | 0.00279 |-0.00657 |-0.00331 ||
	||  0.34971 | 0.00125 | 0.00394 | 0.99534 | 0.00419 |-0.00673 | 0.00024 |-0.00363 |-0.00312 ||
	||  0.26527 | 0.00810 | 0.00106 | 0.00419 | 0.99599 | 0.00532 |-0.00017 |-0.00034 | 0.00092 ||
	||  0.16188 |-0.00350 |-0.00548 |-0.00673 | 0.00532 | 1.00233 | 0.00110 |-0.00416 | 0.00466 ||
	||  0.00320 | 0.00456 | 0.00279 | 0.00024 |-0.00017 | 0.00110 | 0.99633 | 0.00890 |-0.00146 ||
	||  0.02760 | 0.00233 |-0.00657 |-0.00363 |-0.00034 |-0.00416 | 0.00890 | 1.00313 |-0.00386 ||
	||  0.11557 | 0.00066 |-0.00331 |-0.00312 | 0.00092 | 0.00466 |-0.00146 |-0.00386 | 1.00324 ||
	||------------------------------------------------------------------------------------------||


	|-----------------------------------------------------------------|
	|    Copyright (C) 2011-2018 (DRIP)
	|-----------------------------------------------------------------|
	|    Build Version  =&gt; 3.88.0 multi mode
	|    Build JVM (TM) =&gt; 1.8.0_112
	|    Build Snap     =&gt; Thu Nov 29 18:45:12 EST 2018
	|    Start Time     =&gt; Thu Nov 29 20:54:58 EST 2018
	|    Setup Time     =&gt; Thu Nov 29 20:54:58 EST 2018
	|    Setup Duration =&gt; 0 ms
	|-----------------------------------------------------------------|


	||-------------------------------------------||
	||                R^1 METRICS                ||
	||-------------------------------------------||
	||    L -&gt; R:                                ||
	||            - Mean                         ||
	||            - Error                        ||
	||            - Variance                     ||
	||            - Standard Deviation           ||
	||-------------------------------------------||
	|| -0.00067 |  0.79883 |  1.00237 |  1.00118 ||
	||  0.00254 |  0.79845 |  1.00430 |  1.00215 ||
	|| -0.00508 |  0.80246 |  1.01082 |  1.00539 ||
	||  0.00647 |  0.80159 |  1.00582 |  1.00291 ||
	|| -0.00045 |  0.79639 |  0.99575 |  0.99787 ||
	|| -0.00218 |  0.80142 |  1.00941 |  1.00470 ||
	||  0.01086 |  0.79726 |  0.99269 |  0.99634 ||
	||  0.00423 |  0.79791 |  1.00175 |  1.00087 ||
	|| -0.00312 |  0.80137 |  1.00576 |  1.00288 ||
	||-------------------------------------------||

	||------------------------------------------------------------------------------------------||
	||                                     INPUT CORRELATION                                    ||
	||------------------------------------------------------------------------------------------||
	||  1.00000 | 0.16100 | 0.24500 | 0.35200 | 0.25900 | 0.16600 | 0.00300 | 0.03800 | 0.11400 ||
	||  0.16100 | 1.00000 | 0.00000 | 0.00000 | 0.00000 | 0.00000 | 0.00000 | 0.00000 | 0.00000 ||
	||  0.24500 | 0.00000 | 1.00000 | 0.00000 | 0.00000 | 0.00000 | 0.00000 | 0.00000 | 0.00000 ||
	||  0.35200 | 0.00000 | 0.00000 | 1.00000 | 0.00000 | 0.00000 | 0.00000 | 0.00000 | 0.00000 ||
	||  0.25900 | 0.00000 | 0.00000 | 0.00000 | 1.00000 | 0.00000 | 0.00000 | 0.00000 | 0.00000 ||
	||  0.16600 | 0.00000 | 0.00000 | 0.00000 | 0.00000 | 1.00000 | 0.00000 | 0.00000 | 0.00000 ||
	||  0.00300 | 0.00000 | 0.00000 | 0.00000 | 0.00000 | 0.00000 | 1.00000 | 0.00000 | 0.00000 ||
	||  0.03800 | 0.00000 | 0.00000 | 0.00000 | 0.00000 | 0.00000 | 0.00000 | 1.00000 | 0.00000 ||
	||  0.11400 | 0.00000 | 0.00000 | 0.00000 | 0.00000 | 0.00000 | 0.00000 | 0.00000 | 1.00000 ||
	||------------------------------------------------------------------------------------------||

	||------------------------------------------------------------------------------------------||
	||                                    OUTPUT CORRELATION                                    ||
	||------------------------------------------------------------------------------------------||
	||  1.00000 | 0.15167 | 0.24528 | 0.35677 | 0.25271 | 0.16648 |-0.00060 | 0.04006 | 0.11564 ||
	||  0.15167 | 1.00000 |-0.00391 |-0.00194 | 0.00154 |-0.00610 | 0.00037 | 0.00309 |-0.00020 ||
	||  0.24528 |-0.00391 | 1.00000 | 0.00051 |-0.00431 |-0.00051 | 0.00193 | 0.00093 | 0.00890 ||
	||  0.35677 |-0.00194 | 0.00051 | 1.00000 |-0.00642 | 0.00630 |-0.00592 | 0.00144 | 0.00281 ||
	||  0.25271 | 0.00154 |-0.00431 |-0.00642 | 1.00000 | 0.00146 |-0.00603 |-0.00821 | 0.00690 ||
	||  0.16648 |-0.00610 |-0.00051 | 0.00630 | 0.00146 | 1.00000 |-0.00053 |-0.00200 |-0.00016 ||
	|| -0.00060 | 0.00037 | 0.00193 |-0.00592 |-0.00603 |-0.00053 | 1.00000 |-0.00191 | 0.00213 ||
	||  0.04006 | 0.00309 | 0.00093 | 0.00144 |-0.00821 |-0.00200 |-0.00191 | 1.00000 | 0.00209 ||
	||  0.11564 |-0.00020 | 0.00890 | 0.00281 | 0.00690 |-0.00016 | 0.00213 | 0.00209 | 1.00000 ||
	||------------------------------------------------------------------------------------------||

	||------------------------------------------------------------------------------------------||
	||                                    OUTPUT COVARIANCE                                     ||
	||------------------------------------------------------------------------------------------||
	||  1.00237 | 0.15217 | 0.24690 | 0.35824 | 0.25247 | 0.16746 |-0.00060 | 0.04014 | 0.11611 ||
	||  0.15217 | 1.00430 |-0.00394 |-0.00195 | 0.00154 |-0.00614 | 0.00037 | 0.00310 |-0.00020 ||
	||  0.24690 |-0.00394 | 1.01082 | 0.00051 |-0.00432 |-0.00051 | 0.00193 | 0.00093 | 0.00897 ||
	||  0.35824 |-0.00195 | 0.00051 | 1.00582 |-0.00643 | 0.00634 |-0.00592 | 0.00145 | 0.00283 ||
	||  0.25247 | 0.00154 |-0.00432 |-0.00643 | 0.99575 | 0.00146 |-0.00599 |-0.00820 | 0.00690 ||
	||  0.16746 |-0.00614 |-0.00051 | 0.00634 | 0.00146 | 1.00941 |-0.00053 |-0.00201 |-0.00016 ||
	|| -0.00060 | 0.00037 | 0.00193 |-0.00592 |-0.00599 |-0.00053 | 0.99269 |-0.00191 | 0.00213 ||
	||  0.04014 | 0.00310 | 0.00093 | 0.00145 |-0.00820 |-0.00201 |-0.00191 | 1.00175 | 0.00210 ||
	||  0.11611 |-0.00020 | 0.00897 | 0.00283 | 0.00690 |-0.00016 | 0.00213 | 0.00210 | 1.00576 ||
	||------------------------------------------------------------------------------------------||


	|-----------------------------------------------------------------|
	|    Copyright (C) 2011-2018 (DRIP)
	|-----------------------------------------------------------------|
	|    Build Version  =&gt; 3.88.0 multi mode
	|    Build JVM (TM) =&gt; 1.8.0_112
	|    Build Snap     =&gt; Thu Nov 29 18:45:12 EST 2018
	|    Start Time     =&gt; Thu Nov 29 20:55:01 EST 2018
	|    Setup Time     =&gt; Thu Nov 29 20:55:01 EST 2018
	|    Setup Duration =&gt; 0 ms
	|-----------------------------------------------------------------|


	||-------------------------------------------||
	||                R^1 METRICS                ||
	||-------------------------------------------||
	||    L -&gt; R:                                ||
	||            - Mean                         ||
	||            - Error                        ||
	||            - Variance                     ||
	||            - Standard Deviation           ||
	||-------------------------------------------||
	|| -0.00510 |  0.79650 |  0.99997 |  0.99999 ||
	||  0.00644 |  0.79691 |  0.99996 |  0.99998 ||
	|| -0.00350 |  0.79861 |  0.99999 |  0.99999 ||
	|| -0.00044 |  0.79766 |  1.00000 |  1.00000 ||
	||  0.00814 |  0.79660 |  0.99993 |  0.99997 ||
	||  0.00345 |  0.79679 |  0.99999 |  0.99999 ||
	||  0.00929 |  0.79666 |  0.99991 |  0.99996 ||
	|| -0.00233 |  0.79938 |  0.99999 |  1.00000 ||
	|| -0.00673 |  0.79740 |  0.99995 |  0.99998 ||
	||-------------------------------------------||

	||------------------------------------------------------------------------------------------||
	||                                     INPUT CORRELATION                                    ||
	||------------------------------------------------------------------------------------------||
	||  1.00000 | 0.16100 | 0.24500 | 0.35200 | 0.25900 | 0.16600 | 0.00300 | 0.03800 | 0.11400 ||
	||  0.16100 | 1.00000 | 0.00000 | 0.00000 | 0.00000 | 0.00000 | 0.00000 | 0.00000 | 0.00000 ||
	||  0.24500 | 0.00000 | 1.00000 | 0.00000 | 0.00000 | 0.00000 | 0.00000 | 0.00000 | 0.00000 ||
	||  0.35200 | 0.00000 | 0.00000 | 1.00000 | 0.00000 | 0.00000 | 0.00000 | 0.00000 | 0.00000 ||
	||  0.25900 | 0.00000 | 0.00000 | 0.00000 | 1.00000 | 0.00000 | 0.00000 | 0.00000 | 0.00000 ||
	||  0.16600 | 0.00000 | 0.00000 | 0.00000 | 0.00000 | 1.00000 | 0.00000 | 0.00000 | 0.00000 ||
	||  0.00300 | 0.00000 | 0.00000 | 0.00000 | 0.00000 | 0.00000 | 1.00000 | 0.00000 | 0.00000 ||
	||  0.03800 | 0.00000 | 0.00000 | 0.00000 | 0.00000 | 0.00000 | 0.00000 | 1.00000 | 0.00000 ||
	||  0.11400 | 0.00000 | 0.00000 | 0.00000 | 0.00000 | 0.00000 | 0.00000 | 0.00000 | 1.00000 ||
	||------------------------------------------------------------------------------------------||

	||------------------------------------------------------------------------------------------||
	||                                    OUTPUT CORRELATION                                    ||
	||------------------------------------------------------------------------------------------||
	||  1.00000 | 0.16304 | 0.24630 | 0.35397 | 0.25395 | 0.16631 | 0.01256 | 0.04196 | 0.11466 ||
	||  0.16304 | 1.00000 |-0.00388 | 0.00081 | 0.00171 | 0.00423 | 0.00069 | 0.00052 |-0.00051 ||
	||  0.24630 |-0.00388 | 1.00000 | 0.00047 | 0.00105 |-0.00170 |-0.00153 |-0.00666 | 0.00832 ||
	||  0.35397 | 0.00081 | 0.00047 | 1.00000 | 0.00196 | 0.00492 | 0.00226 | 0.00171 | 0.00083 ||
	||  0.25395 | 0.00171 | 0.00105 | 0.00196 | 1.00000 |-0.00137 | 0.00409 | 0.00211 |-0.00904 ||
	||  0.16631 | 0.00423 |-0.00170 | 0.00492 |-0.00137 | 1.00000 |-0.00219 |-0.00532 | 0.00057 ||
	||  0.01256 | 0.00069 |-0.00153 | 0.00226 | 0.00409 |-0.00219 | 1.00000 | 0.00161 |-0.00557 ||
	||  0.04196 | 0.00052 |-0.00666 | 0.00171 | 0.00211 |-0.00532 | 0.00161 | 1.00000 |-0.00023 ||
	||  0.11466 |-0.00051 | 0.00832 | 0.00083 |-0.00904 | 0.00057 |-0.00557 |-0.00023 | 1.00000 ||
	||------------------------------------------------------------------------------------------||

	||------------------------------------------------------------------------------------------||
	||                                    OUTPUT COVARIANCE                                     ||
	||------------------------------------------------------------------------------------------||
	||  0.99997 | 0.16304 | 0.24629 | 0.35397 | 0.25394 | 0.16631 | 0.01256 | 0.04196 | 0.11465 ||
	||  0.16304 | 0.99996 |-0.00388 | 0.00081 | 0.00171 | 0.00423 | 0.00069 | 0.00052 |-0.00051 ||
	||  0.24629 |-0.00388 | 0.99999 | 0.00047 | 0.00105 |-0.00170 |-0.00153 |-0.00666 | 0.00832 ||
	||  0.35397 | 0.00081 | 0.00047 | 1.00000 | 0.00196 | 0.00492 | 0.00226 | 0.00171 | 0.00083 ||
	||  0.25394 | 0.00171 | 0.00105 | 0.00196 | 0.99993 |-0.00137 | 0.00409 | 0.00211 |-0.00904 ||
	||  0.16631 | 0.00423 |-0.00170 | 0.00492 |-0.00137 | 0.99999 |-0.00219 |-0.00532 | 0.00057 ||
	||  0.01256 | 0.00069 |-0.00153 | 0.00226 | 0.00409 |-0.00219 | 0.99991 | 0.00161 |-0.00557 ||
	||  0.04196 | 0.00052 |-0.00666 | 0.00171 | 0.00211 |-0.00532 | 0.00161 | 0.99999 |-0.00023 ||
	||  0.11465 |-0.00051 | 0.00832 | 0.00083 |-0.00904 | 0.00057 |-0.00557 |-0.00023 | 0.99995 ||
	||------------------------------------------------------------------------------------------||


	|-----------------------------------------------------------------|
	|    Copyright (C) 2011-2018 (DRIP)
	|-----------------------------------------------------------------|
	|    Build Version  =&gt; 3.88.0 multi mode
	|    Build JVM (TM) =&gt; 1.8.0_112
	|    Build Snap     =&gt; Thu Nov 29 18:45:12 EST 2018
	|    Start Time     =&gt; Thu Nov 29 20:55:03 EST 2018
	|    Setup Time     =&gt; Thu Nov 29 20:55:03 EST 2018
	|    Setup Duration =&gt; 0 ms
	|-----------------------------------------------------------------|


	||-------------------------------------------||
	||                R^1 METRICS                ||
	||-------------------------------------------||
	||    L -&gt; R:                                ||
	||            - Mean                         ||
	||            - Error                        ||
	||            - Variance                     ||
	||            - Standard Deviation           ||
	||-------------------------------------------||
	|| -0.00313 |  0.79775 |  0.99997 |  0.99999 ||
	|| -0.00358 |  0.79878 |  0.99997 |  0.99998 ||
	||  0.00209 |  0.79734 |  0.99998 |  0.99999 ||
	|| -0.00247 |  0.79855 |  0.99997 |  0.99999 ||
	|| -0.00266 |  0.79689 |  0.99997 |  0.99999 ||
	|| -0.00991 |  0.79771 |  0.99988 |  0.99994 ||
	|| -0.00411 |  0.79676 |  0.99996 |  0.99998 ||
	|| -0.00190 |  0.79709 |  0.99998 |  0.99999 ||
	|| -0.00080 |  0.79648 |  0.99998 |  0.99999 ||
	||-------------------------------------------||

	||------------------------------------------------------------------------------------------||
	||                                     INPUT CORRELATION                                    ||
	||------------------------------------------------------------------------------------------||
	||  1.00000 | 0.16100 | 0.24500 | 0.35200 | 0.25900 | 0.16600 | 0.00300 | 0.03800 | 0.11400 ||
	||  0.16100 | 1.00000 | 0.00000 | 0.00000 | 0.00000 | 0.00000 | 0.00000 | 0.00000 | 0.00000 ||
	||  0.24500 | 0.00000 | 1.00000 | 0.00000 | 0.00000 | 0.00000 | 0.00000 | 0.00000 | 0.00000 ||
	||  0.35200 | 0.00000 | 0.00000 | 1.00000 | 0.00000 | 0.00000 | 0.00000 | 0.00000 | 0.00000 ||
	||  0.25900 | 0.00000 | 0.00000 | 0.00000 | 1.00000 | 0.00000 | 0.00000 | 0.00000 | 0.00000 ||
	||  0.16600 | 0.00000 | 0.00000 | 0.00000 | 0.00000 | 1.00000 | 0.00000 | 0.00000 | 0.00000 ||
	||  0.00300 | 0.00000 | 0.00000 | 0.00000 | 0.00000 | 0.00000 | 1.00000 | 0.00000 | 0.00000 ||
	||  0.03800 | 0.00000 | 0.00000 | 0.00000 | 0.00000 | 0.00000 | 0.00000 | 1.00000 | 0.00000 ||
	||  0.11400 | 0.00000 | 0.00000 | 0.00000 | 0.00000 | 0.00000 | 0.00000 | 0.00000 | 1.00000 ||
	||------------------------------------------------------------------------------------------||

	||------------------------------------------------------------------------------------------||
	||                                    OUTPUT CORRELATION                                    ||
	||------------------------------------------------------------------------------------------||
	||  1.00000 | 0.15335 | 0.25242 | 0.35031 | 0.25632 | 0.15945 | 0.00784 | 0.03077 | 0.11802 ||
	||  0.15335 | 1.00000 | 0.00375 |-0.00264 | 0.00319 | 0.00310 | 0.00598 |-0.00867 | 0.00423 ||
	||  0.25242 | 0.00375 | 1.00000 | 0.00145 | 0.00147 |-0.00131 | 0.00424 |-0.00209 | 0.00207 ||
	||  0.35031 |-0.00264 | 0.00145 | 1.00000 |-0.00479 |-0.00505 |-0.00964 |-0.00064 |-0.00153 ||
	||  0.25632 | 0.00319 | 0.00147 |-0.00479 | 1.00000 | 0.00089 | 0.00606 | 0.00080 |-0.00148 ||
	||  0.15945 | 0.00310 |-0.00131 |-0.00505 | 0.00089 | 1.00000 | 0.00223 | 0.00701 | 0.00749 ||
	||  0.00784 | 0.00598 | 0.00424 |-0.00964 | 0.00606 | 0.00223 | 1.00000 | 0.00098 |-0.00157 ||
	||  0.03077 |-0.00867 |-0.00209 |-0.00064 | 0.00080 | 0.00701 | 0.00098 | 1.00000 |-0.00408 ||
	||  0.11802 | 0.00423 | 0.00207 |-0.00153 |-0.00148 | 0.00749 |-0.00157 |-0.00408 | 1.00000 ||
	||------------------------------------------------------------------------------------------||

	||------------------------------------------------------------------------------------------||
	||                                    OUTPUT COVARIANCE                                     ||
	||------------------------------------------------------------------------------------------||
	||  0.99997 | 0.15335 | 0.25242 | 0.35030 | 0.25631 | 0.15944 | 0.00784 | 0.03077 | 0.11802 ||
	||  0.15335 | 0.99997 | 0.00375 |-0.00264 | 0.00319 | 0.00310 | 0.00598 |-0.00867 | 0.00423 ||
	||  0.25242 | 0.00375 | 0.99998 | 0.00145 | 0.00147 |-0.00131 | 0.00424 |-0.00209 | 0.00207 ||
	||  0.35030 |-0.00264 | 0.00145 | 0.99997 |-0.00479 |-0.00505 |-0.00964 |-0.00064 |-0.00153 ||
	||  0.25631 | 0.00319 | 0.00147 |-0.00479 | 0.99997 | 0.00088 | 0.00606 | 0.00080 |-0.00148 ||
	||  0.15944 | 0.00310 |-0.00131 |-0.00505 | 0.00088 | 0.99988 | 0.00223 | 0.00701 | 0.00749 ||
	||  0.00784 | 0.00598 | 0.00424 |-0.00964 | 0.00606 | 0.00223 | 0.99996 | 0.00098 |-0.00157 ||
	||  0.03077 |-0.00867 |-0.00209 |-0.00064 | 0.00080 | 0.00701 | 0.00098 | 0.99998 |-0.00408 ||
	||  0.11802 | 0.00423 | 0.00207 |-0.00153 |-0.00148 | 0.00749 |-0.00157 |-0.00408 | 0.99998 ||
	||------------------------------------------------------------------------------------------||

</pre>
</span>
</div>
</div>
<div id="footer">
<p>
<div>
<label class="hidden" id="label-for-line-wrapping-toggle" for="line-wrapping-toggle">Wrap lines
<input id="line-wrapping-toggle" type="checkbox" autocomplete="off"/>
</label>
</div>Generated by 
<a href="http://www.gradle.org">Gradle 3.5</a> at Nov 29, 2018 9:21:04 PM</p>
</div>
</div>
</body>
</html>
