<!DOCTYPE html>
<html>
<head>
<meta http-equiv="Content-Type" content="text/html; charset=utf-8"/>
<meta http-equiv="x-ua-compatible" content="IE=edge"/>
<title>Test results - Class org.drip.coverage.sequence.Statistics</title>
<link href="../css/base-style.css" rel="stylesheet" type="text/css"/>
<link href="../css/style.css" rel="stylesheet" type="text/css"/>
<script src="../js/report.js" type="text/javascript"></script>
</head>
<body>
<div id="content">
<h1>Class org.drip.coverage.sequence.Statistics</h1>
<div class="breadcrumbs">
<a href="../index.html">all</a> &gt; 
<a href="../packages/org.drip.coverage.sequence.html">org.drip.coverage.sequence</a> &gt; Statistics</div>
<div id="summary">
<table>
<tr>
<td>
<div class="summaryGroup">
<table>
<tr>
<td>
<div class="infoBox" id="tests">
<div class="counter">1</div>
<p>tests</p>
</div>
</td>
<td>
<div class="infoBox" id="failures">
<div class="counter">0</div>
<p>failures</p>
</div>
</td>
<td>
<div class="infoBox" id="ignored">
<div class="counter">0</div>
<p>ignored</p>
</div>
</td>
<td>
<div class="infoBox" id="duration">
<div class="counter">9.791s</div>
<p>duration</p>
</div>
</td>
</tr>
</table>
</div>
</td>
<td>
<div class="infoBox success" id="successRate">
<div class="percent">100%</div>
<p>successful</p>
</div>
</td>
</tr>
</table>
</div>
<div id="tabs">
<ul class="tabLinks">
<li>
<a href="#tab0">Tests</a>
</li>
<li>
<a href="#tab1">Standard output</a>
</li>
</ul>
<div id="tab0" class="tab">
<h2>Tests</h2>
<table>
<thead>
<tr>
<th>Test</th>
<th>Duration</th>
<th>Result</th>
</tr>
</thead>
<tr>
<td class="success">codeCoverageTest</td>
<td>9.791s</td>
<td class="success">passed</td>
</tr>
</table>
</div>
<div id="tab1" class="tab">
<h2>Standard output</h2>
<span class="code">
<pre>
	|-----------------------------------------------------------------|
	|    Copyright (C) 2011-2018 (DRIP)
	|-----------------------------------------------------------------|
	|    Build Version  =&gt; 3.26.0 multi mode
	|    Build JVM (TM) =&gt; 1.8.0_112
	|    Build Snap     =&gt; Mon Jan 08 18:01:41 EST 2017
	|    Start Time     =&gt; Sat Jan 13 12:47:52 EST 2018
	|    Setup Time     =&gt; Sat Jan 13 12:47:52 EST 2018
	|    Setup Duration =&gt; 0 ms
	|-----------------------------------------------------------------|


	||-------------------------------------------||
	||                R^1 METRICS                ||
	||-------------------------------------------||
	||    L -&gt; R:                                ||
	||            - Mean                         ||
	||            - Error                        ||
	||            - Variance                     ||
	||            - Standard Deviation           ||
	||-------------------------------------------||
	|| -0.00421 |  0.79923 |  1.00424 |  1.00212 ||
	||  0.00011 |  0.79905 |  0.99956 |  0.99978 ||
	|| -0.00798 |  0.79429 |  0.99265 |  0.99632 ||
	|| -0.00245 |  0.79762 |  1.00196 |  1.00098 ||
	||  0.00350 |  0.79901 |  0.99963 |  0.99982 ||
	|| -0.00357 |  0.79872 |  1.00517 |  1.00258 ||
	|| -0.00596 |  0.79876 |  1.00130 |  1.00065 ||
	||  0.00017 |  0.79920 |  1.00429 |  1.00214 ||
	||  0.00757 |  0.79154 |  0.98801 |  0.99399 ||
	||-------------------------------------------||

	||------------------------------------------------------------------------------------------||
	||                                     INPUT CORRELATION                                    ||
	||------------------------------------------------------------------------------------------||
	||  1.00000 | 0.16100 | 0.24500 | 0.35200 | 0.25900 | 0.16600 | 0.00300 | 0.03800 | 0.11400 ||
	||  0.16100 | 1.00000 | 0.00000 | 0.00000 | 0.00000 | 0.00000 | 0.00000 | 0.00000 | 0.00000 ||
	||  0.24500 | 0.00000 | 1.00000 | 0.00000 | 0.00000 | 0.00000 | 0.00000 | 0.00000 | 0.00000 ||
	||  0.35200 | 0.00000 | 0.00000 | 1.00000 | 0.00000 | 0.00000 | 0.00000 | 0.00000 | 0.00000 ||
	||  0.25900 | 0.00000 | 0.00000 | 0.00000 | 1.00000 | 0.00000 | 0.00000 | 0.00000 | 0.00000 ||
	||  0.16600 | 0.00000 | 0.00000 | 0.00000 | 0.00000 | 1.00000 | 0.00000 | 0.00000 | 0.00000 ||
	||  0.00300 | 0.00000 | 0.00000 | 0.00000 | 0.00000 | 0.00000 | 1.00000 | 0.00000 | 0.00000 ||
	||  0.03800 | 0.00000 | 0.00000 | 0.00000 | 0.00000 | 0.00000 | 0.00000 | 1.00000 | 0.00000 ||
	||  0.11400 | 0.00000 | 0.00000 | 0.00000 | 0.00000 | 0.00000 | 0.00000 | 0.00000 | 1.00000 ||
	||------------------------------------------------------------------------------------------||

	||------------------------------------------------------------------------------------------||
	||                                    OUTPUT CORRELATION                                    ||
	||------------------------------------------------------------------------------------------||
	||  1.00000 | 0.15465 | 0.25830 | 0.35398 | 0.25550 | 0.16126 |-0.00183 | 0.03392 | 0.10852 ||
	||  0.15465 | 1.00000 |-0.00664 |-0.00362 |-0.00674 |-0.00165 |-0.00353 | 0.00070 |-0.00079 ||
	||  0.25830 |-0.00664 | 1.00000 | 0.00908 |-0.00341 | 0.00381 | 0.00622 | 0.00321 |-0.00352 ||
	||  0.35398 |-0.00362 | 0.00908 | 1.00000 | 0.00694 | 0.00147 |-0.00473 |-0.00390 | 0.00161 ||
	||  0.25550 |-0.00674 |-0.00341 | 0.00694 | 1.00000 |-0.00521 | 0.00013 |-0.00430 |-0.00111 ||
	||  0.16126 |-0.00165 | 0.00381 | 0.00147 |-0.00521 | 1.00000 |-0.00866 | 0.00364 |-0.00571 ||
	|| -0.00183 |-0.00353 | 0.00622 |-0.00473 | 0.00013 |-0.00866 | 1.00000 | 0.00221 | 0.00501 ||
	||  0.03392 | 0.00070 | 0.00321 |-0.00390 |-0.00430 | 0.00364 | 0.00221 | 1.00000 | 0.00063 ||
	||  0.10852 |-0.00079 |-0.00352 | 0.00161 |-0.00111 |-0.00571 | 0.00501 | 0.00063 | 1.00000 ||
	||------------------------------------------------------------------------------------------||

	||------------------------------------------------------------------------------------------||
	||                                    OUTPUT COVARIANCE                                     ||
	||------------------------------------------------------------------------------------------||
	||  1.00424 | 0.15495 | 0.25789 | 0.35508 | 0.25599 | 0.16202 |-0.00183 | 0.03407 | 0.10809 ||
	||  0.15495 | 0.99956 |-0.00661 |-0.00362 |-0.00674 |-0.00165 |-0.00353 | 0.00070 |-0.00078 ||
	||  0.25789 |-0.00661 | 0.99265 | 0.00906 |-0.00339 | 0.00381 | 0.00620 | 0.00321 |-0.00349 ||
	||  0.35508 |-0.00362 | 0.00906 | 1.00196 | 0.00695 | 0.00148 |-0.00474 |-0.00392 | 0.00160 ||
	||  0.25599 |-0.00674 |-0.00339 | 0.00695 | 0.99963 |-0.00522 | 0.00013 |-0.00431 |-0.00111 ||
	||  0.16202 |-0.00165 | 0.00381 | 0.00148 |-0.00522 | 1.00517 |-0.00869 | 0.00366 |-0.00569 ||
	|| -0.00183 |-0.00353 | 0.00620 |-0.00474 | 0.00013 |-0.00869 | 1.00130 | 0.00222 | 0.00498 ||
	||  0.03407 | 0.00070 | 0.00321 |-0.00392 |-0.00431 | 0.00366 | 0.00222 | 1.00429 | 0.00063 ||
	||  0.10809 |-0.00078 |-0.00349 | 0.00160 |-0.00111 |-0.00569 | 0.00498 | 0.00063 | 0.98801 ||
	||------------------------------------------------------------------------------------------||


	|-----------------------------------------------------------------|
	|    Copyright (C) 2011-2018 (DRIP)
	|-----------------------------------------------------------------|
	|    Build Version  =&gt; 3.26.0 multi mode
	|    Build JVM (TM) =&gt; 1.8.0_112
	|    Build Snap     =&gt; Mon Jan 08 18:01:41 EST 2017
	|    Start Time     =&gt; Sat Jan 13 12:47:54 EST 2018
	|    Setup Time     =&gt; Sat Jan 13 12:47:54 EST 2018
	|    Setup Duration =&gt; 0 ms
	|-----------------------------------------------------------------|


	||-------------------------------------------||
	||                R^1 METRICS                ||
	||-------------------------------------------||
	||    L -&gt; R:                                ||
	||            - Mean                         ||
	||            - Error                        ||
	||            - Variance                     ||
	||            - Standard Deviation           ||
	||-------------------------------------------||
	||  0.00576 |  0.79627 |  0.99152 |  0.99575 ||
	||  0.00458 |  0.80189 |  1.01145 |  1.00571 ||
	||  0.00534 |  0.79837 |  1.00137 |  1.00069 ||
	||  0.00132 |  0.79916 |  1.00400 |  1.00200 ||
	||  0.00125 |  0.80230 |  1.00942 |  1.00470 ||
	|| -0.00012 |  0.79531 |  0.99212 |  0.99605 ||
	||  0.00026 |  0.79514 |  0.99278 |  0.99639 ||
	|| -0.00224 |  0.80097 |  1.00392 |  1.00196 ||
	|| -0.00487 |  0.79404 |  0.99216 |  0.99607 ||
	||-------------------------------------------||

	||------------------------------------------------------------------------------------------||
	||                                     INPUT CORRELATION                                    ||
	||------------------------------------------------------------------------------------------||
	||  1.00000 | 0.16100 | 0.24500 | 0.35200 | 0.25900 | 0.16600 | 0.00300 | 0.03800 | 0.11400 ||
	||  0.16100 | 1.00000 | 0.00000 | 0.00000 | 0.00000 | 0.00000 | 0.00000 | 0.00000 | 0.00000 ||
	||  0.24500 | 0.00000 | 1.00000 | 0.00000 | 0.00000 | 0.00000 | 0.00000 | 0.00000 | 0.00000 ||
	||  0.35200 | 0.00000 | 0.00000 | 1.00000 | 0.00000 | 0.00000 | 0.00000 | 0.00000 | 0.00000 ||
	||  0.25900 | 0.00000 | 0.00000 | 0.00000 | 1.00000 | 0.00000 | 0.00000 | 0.00000 | 0.00000 ||
	||  0.16600 | 0.00000 | 0.00000 | 0.00000 | 0.00000 | 1.00000 | 0.00000 | 0.00000 | 0.00000 ||
	||  0.00300 | 0.00000 | 0.00000 | 0.00000 | 0.00000 | 0.00000 | 1.00000 | 0.00000 | 0.00000 ||
	||  0.03800 | 0.00000 | 0.00000 | 0.00000 | 0.00000 | 0.00000 | 0.00000 | 1.00000 | 0.00000 ||
	||  0.11400 | 0.00000 | 0.00000 | 0.00000 | 0.00000 | 0.00000 | 0.00000 | 0.00000 | 1.00000 ||
	||------------------------------------------------------------------------------------------||

	||------------------------------------------------------------------------------------------||
	||                                    OUTPUT CORRELATION                                    ||
	||------------------------------------------------------------------------------------------||
	||  1.00000 | 0.15877 | 0.24458 | 0.34587 | 0.26188 | 0.15803 | 0.00053 | 0.03761 | 0.11366 ||
	||  0.15877 | 1.00000 |-0.00350 | 0.00340 | 0.00398 |-0.00725 |-0.00026 |-0.00451 |-0.00123 ||
	||  0.24458 |-0.00350 | 1.00000 |-0.00446 | 0.00556 |-0.00528 | 0.00048 |-0.00696 | 0.00081 ||
	||  0.34587 | 0.00340 |-0.00446 | 1.00000 |-0.00979 |-0.00255 | 0.00654 | 0.00107 | 0.00292 ||
	||  0.26188 | 0.00398 | 0.00556 |-0.00979 | 1.00000 |-0.00239 |-0.00865 | 0.00217 |-0.00529 ||
	||  0.15803 |-0.00725 |-0.00528 |-0.00255 |-0.00239 | 1.00000 |-0.00089 |-0.00261 |-0.00327 ||
	||  0.00053 |-0.00026 | 0.00048 | 0.00654 |-0.00865 |-0.00089 | 1.00000 |-0.00397 |-0.00740 ||
	||  0.03761 |-0.00451 |-0.00696 | 0.00107 | 0.00217 |-0.00261 |-0.00397 | 1.00000 |-0.00242 ||
	||  0.11366 |-0.00123 | 0.00081 | 0.00292 |-0.00529 |-0.00327 |-0.00740 |-0.00242 | 1.00000 ||
	||------------------------------------------------------------------------------------------||

	||------------------------------------------------------------------------------------------||
	||                                    OUTPUT COVARIANCE                                     ||
	||------------------------------------------------------------------------------------------||
	||  0.99152 | 0.15900 | 0.24370 | 0.34509 | 0.26200 | 0.15674 | 0.00053 | 0.03753 | 0.11273 ||
	||  0.15900 | 1.01145 |-0.00352 | 0.00343 | 0.00402 |-0.00726 |-0.00026 |-0.00454 |-0.00123 ||
	||  0.24370 |-0.00352 | 1.00137 |-0.00447 | 0.00559 |-0.00526 | 0.00048 |-0.00698 | 0.00080 ||
	||  0.34509 | 0.00343 |-0.00447 | 1.00400 |-0.00986 |-0.00254 | 0.00653 | 0.00107 | 0.00291 ||
	||  0.26200 | 0.00402 | 0.00559 |-0.00986 | 1.00942 |-0.00240 |-0.00866 | 0.00218 |-0.00529 ||
	||  0.15674 |-0.00726 |-0.00526 |-0.00254 |-0.00240 | 0.99212 |-0.00088 |-0.00260 |-0.00325 ||
	||  0.00053 |-0.00026 | 0.00048 | 0.00653 |-0.00866 |-0.00088 | 0.99278 |-0.00397 |-0.00735 ||
	||  0.03753 |-0.00454 |-0.00698 | 0.00107 | 0.00218 |-0.00260 |-0.00397 | 1.00392 |-0.00241 ||
	||  0.11273 |-0.00123 | 0.00080 | 0.00291 |-0.00529 |-0.00325 |-0.00735 |-0.00241 | 0.99216 ||
	||------------------------------------------------------------------------------------------||


	|-----------------------------------------------------------------|
	|    Copyright (C) 2011-2018 (DRIP)
	|-----------------------------------------------------------------|
	|    Build Version  =&gt; 3.26.0 multi mode
	|    Build JVM (TM) =&gt; 1.8.0_112
	|    Build Snap     =&gt; Mon Jan 08 18:01:41 EST 2017
	|    Start Time     =&gt; Sat Jan 13 12:47:57 EST 2018
	|    Setup Time     =&gt; Sat Jan 13 12:47:57 EST 2018
	|    Setup Duration =&gt; 0 ms
	|-----------------------------------------------------------------|


	||-------------------------------------------||
	||                R^1 METRICS                ||
	||-------------------------------------------||
	||    L -&gt; R:                                ||
	||            - Mean                         ||
	||            - Error                        ||
	||            - Variance                     ||
	||            - Standard Deviation           ||
	||-------------------------------------------||
	||  0.00655 |  0.79827 |  0.99996 |  0.99998 ||
	||  0.00709 |  0.79671 |  0.99995 |  0.99997 ||
	||  0.00151 |  0.79840 |  1.00000 |  1.00000 ||
	||  0.00071 |  0.79714 |  1.00000 |  1.00000 ||
	||  0.00448 |  0.79908 |  0.99998 |  0.99999 ||
	||  0.00217 |  0.79624 |  1.00000 |  1.00000 ||
	|| -0.00648 |  0.79721 |  0.99996 |  0.99998 ||
	||  0.00592 |  0.79638 |  0.99997 |  0.99998 ||
	||  0.00340 |  0.79865 |  0.99999 |  0.99999 ||
	||-------------------------------------------||

	||------------------------------------------------------------------------------------------||
	||                                     INPUT CORRELATION                                    ||
	||------------------------------------------------------------------------------------------||
	||  1.00000 | 0.16100 | 0.24500 | 0.35200 | 0.25900 | 0.16600 | 0.00300 | 0.03800 | 0.11400 ||
	||  0.16100 | 1.00000 | 0.00000 | 0.00000 | 0.00000 | 0.00000 | 0.00000 | 0.00000 | 0.00000 ||
	||  0.24500 | 0.00000 | 1.00000 | 0.00000 | 0.00000 | 0.00000 | 0.00000 | 0.00000 | 0.00000 ||
	||  0.35200 | 0.00000 | 0.00000 | 1.00000 | 0.00000 | 0.00000 | 0.00000 | 0.00000 | 0.00000 ||
	||  0.25900 | 0.00000 | 0.00000 | 0.00000 | 1.00000 | 0.00000 | 0.00000 | 0.00000 | 0.00000 ||
	||  0.16600 | 0.00000 | 0.00000 | 0.00000 | 0.00000 | 1.00000 | 0.00000 | 0.00000 | 0.00000 ||
	||  0.00300 | 0.00000 | 0.00000 | 0.00000 | 0.00000 | 0.00000 | 1.00000 | 0.00000 | 0.00000 ||
	||  0.03800 | 0.00000 | 0.00000 | 0.00000 | 0.00000 | 0.00000 | 0.00000 | 1.00000 | 0.00000 ||
	||  0.11400 | 0.00000 | 0.00000 | 0.00000 | 0.00000 | 0.00000 | 0.00000 | 0.00000 | 1.00000 ||
	||------------------------------------------------------------------------------------------||

	||------------------------------------------------------------------------------------------||
	||                                    OUTPUT CORRELATION                                    ||
	||------------------------------------------------------------------------------------------||
	||  1.00000 | 0.16651 | 0.24669 | 0.34654 | 0.25817 | 0.16808 |-0.00675 | 0.04214 | 0.11479 ||
	||  0.16651 | 1.00000 | 0.01274 | 0.00041 | 0.00666 | 0.00387 | 0.00145 | 0.00110 |-0.00400 ||
	||  0.24669 | 0.01274 | 1.00000 | 0.00351 | 0.00183 | 0.00213 |-0.00965 | 0.00333 |-0.00278 ||
	||  0.34654 | 0.00041 | 0.00351 | 1.00000 |-0.00229 |-0.00086 | 0.00057 | 0.00241 | 0.00235 ||
	||  0.25817 | 0.00666 | 0.00183 |-0.00229 | 1.00000 |-0.00010 | 0.00234 |-0.00009 |-0.00031 ||
	||  0.16808 | 0.00387 | 0.00213 |-0.00086 |-0.00010 | 1.00000 |-0.00518 | 0.00535 |-0.00132 ||
	|| -0.00675 | 0.00145 |-0.00965 | 0.00057 | 0.00234 |-0.00518 | 1.00000 |-0.00282 |-0.00027 ||
	||  0.04214 | 0.00110 | 0.00333 | 0.00241 |-0.00009 | 0.00535 |-0.00282 | 1.00000 | 0.00204 ||
	||  0.11479 |-0.00400 |-0.00278 | 0.00235 |-0.00031 |-0.00132 |-0.00027 | 0.00204 | 1.00000 ||
	||------------------------------------------------------------------------------------------||

	||------------------------------------------------------------------------------------------||
	||                                    OUTPUT COVARIANCE                                     ||
	||------------------------------------------------------------------------------------------||
	||  0.99996 | 0.16650 | 0.24668 | 0.34654 | 0.25816 | 0.16808 |-0.00675 | 0.04214 | 0.11479 ||
	||  0.16650 | 0.99995 | 0.01274 | 0.00041 | 0.00666 | 0.00387 | 0.00145 | 0.00110 |-0.00400 ||
	||  0.24668 | 0.01274 | 1.00000 | 0.00351 | 0.00183 | 0.00213 |-0.00965 | 0.00333 |-0.00278 ||
	||  0.34654 | 0.00041 | 0.00351 | 1.00000 |-0.00229 |-0.00086 | 0.00057 | 0.00241 | 0.00235 ||
	||  0.25816 | 0.00666 | 0.00183 |-0.00229 | 0.99998 |-0.00010 | 0.00234 |-0.00009 |-0.00031 ||
	||  0.16808 | 0.00387 | 0.00213 |-0.00086 |-0.00010 | 1.00000 |-0.00518 | 0.00535 |-0.00132 ||
	|| -0.00675 | 0.00145 |-0.00965 | 0.00057 | 0.00234 |-0.00518 | 0.99996 |-0.00282 |-0.00027 ||
	||  0.04214 | 0.00110 | 0.00333 | 0.00241 |-0.00009 | 0.00535 |-0.00282 | 0.99997 | 0.00204 ||
	||  0.11479 |-0.00400 |-0.00278 | 0.00235 |-0.00031 |-0.00132 |-0.00027 | 0.00204 | 0.99999 ||
	||------------------------------------------------------------------------------------------||


	|-----------------------------------------------------------------|
	|    Copyright (C) 2011-2018 (DRIP)
	|-----------------------------------------------------------------|
	|    Build Version  =&gt; 3.26.0 multi mode
	|    Build JVM (TM) =&gt; 1.8.0_112
	|    Build Snap     =&gt; Mon Jan 08 18:01:41 EST 2017
	|    Start Time     =&gt; Sat Jan 13 12:47:59 EST 2018
	|    Setup Time     =&gt; Sat Jan 13 12:47:59 EST 2018
	|    Setup Duration =&gt; 0 ms
	|-----------------------------------------------------------------|


	||-------------------------------------------||
	||                R^1 METRICS                ||
	||-------------------------------------------||
	||    L -&gt; R:                                ||
	||            - Mean                         ||
	||            - Error                        ||
	||            - Variance                     ||
	||            - Standard Deviation           ||
	||-------------------------------------------||
	||  0.00240 |  0.79937 |  0.99997 |  0.99999 ||
	||  0.00525 |  0.79694 |  0.99995 |  0.99998 ||
	|| -0.00058 |  0.79902 |  0.99998 |  0.99999 ||
	||  0.00206 |  0.79825 |  0.99998 |  0.99999 ||
	||  0.00082 |  0.79656 |  0.99998 |  0.99999 ||
	||  0.00481 |  0.79810 |  0.99996 |  0.99998 ||
	||  0.00350 |  0.79749 |  0.99997 |  0.99998 ||
	||  0.00295 |  0.79807 |  0.99997 |  0.99999 ||
	|| -0.00956 |  0.79992 |  0.99989 |  0.99994 ||
	||-------------------------------------------||

	||------------------------------------------------------------------------------------------||
	||                                     INPUT CORRELATION                                    ||
	||------------------------------------------------------------------------------------------||
	||  1.00000 | 0.16100 | 0.24500 | 0.35200 | 0.25900 | 0.16600 | 0.00300 | 0.03800 | 0.11400 ||
	||  0.16100 | 1.00000 | 0.00000 | 0.00000 | 0.00000 | 0.00000 | 0.00000 | 0.00000 | 0.00000 ||
	||  0.24500 | 0.00000 | 1.00000 | 0.00000 | 0.00000 | 0.00000 | 0.00000 | 0.00000 | 0.00000 ||
	||  0.35200 | 0.00000 | 0.00000 | 1.00000 | 0.00000 | 0.00000 | 0.00000 | 0.00000 | 0.00000 ||
	||  0.25900 | 0.00000 | 0.00000 | 0.00000 | 1.00000 | 0.00000 | 0.00000 | 0.00000 | 0.00000 ||
	||  0.16600 | 0.00000 | 0.00000 | 0.00000 | 0.00000 | 1.00000 | 0.00000 | 0.00000 | 0.00000 ||
	||  0.00300 | 0.00000 | 0.00000 | 0.00000 | 0.00000 | 0.00000 | 1.00000 | 0.00000 | 0.00000 ||
	||  0.03800 | 0.00000 | 0.00000 | 0.00000 | 0.00000 | 0.00000 | 0.00000 | 1.00000 | 0.00000 ||
	||  0.11400 | 0.00000 | 0.00000 | 0.00000 | 0.00000 | 0.00000 | 0.00000 | 0.00000 | 1.00000 ||
	||------------------------------------------------------------------------------------------||

	||------------------------------------------------------------------------------------------||
	||                                    OUTPUT CORRELATION                                    ||
	||------------------------------------------------------------------------------------------||
	||  1.00000 | 0.16225 | 0.23918 | 0.36438 | 0.25888 | 0.15325 | 0.00249 | 0.03733 | 0.12234 ||
	||  0.16225 | 1.00000 |-0.00511 |-0.00126 | 0.00589 | 0.00396 | 0.00045 | 0.00346 | 0.00076 ||
	||  0.23918 |-0.00511 | 1.00000 | 0.00466 | 0.00186 |-0.00391 | 0.00148 |-0.00096 | 0.00385 ||
	||  0.36438 |-0.00126 | 0.00466 | 1.00000 | 0.00455 |-0.00466 |-0.00174 |-0.00126 | 0.00710 ||
	||  0.25888 | 0.00589 | 0.00186 | 0.00455 | 1.00000 |-0.00380 | 0.00474 |-0.00312 | 0.01037 ||
	||  0.15325 | 0.00396 |-0.00391 |-0.00466 |-0.00380 | 1.00000 |-0.00623 | 0.00173 |-0.00028 ||
	||  0.00249 | 0.00045 | 0.00148 |-0.00174 | 0.00474 |-0.00623 | 1.00000 |-0.00114 | 0.00305 ||
	||  0.03733 | 0.00346 |-0.00096 |-0.00126 |-0.00312 | 0.00173 |-0.00114 | 1.00000 | 0.00595 ||
	||  0.12234 | 0.00076 | 0.00385 | 0.00710 | 0.01037 |-0.00028 | 0.00305 | 0.00595 | 1.00000 ||
	||------------------------------------------------------------------------------------------||

	||------------------------------------------------------------------------------------------||
	||                                    OUTPUT COVARIANCE                                     ||
	||------------------------------------------------------------------------------------------||
	||  0.99997 | 0.16225 | 0.23917 | 0.36437 | 0.25888 | 0.15324 | 0.00249 | 0.03732 | 0.12233 ||
	||  0.16225 | 0.99995 |-0.00511 |-0.00126 | 0.00589 | 0.00396 | 0.00045 | 0.00346 | 0.00076 ||
	||  0.23917 |-0.00511 | 0.99998 | 0.00466 | 0.00186 |-0.00391 | 0.00148 |-0.00096 | 0.00385 ||
	||  0.36437 |-0.00126 | 0.00466 | 0.99998 | 0.00455 |-0.00466 |-0.00174 |-0.00126 | 0.00710 ||
	||  0.25888 | 0.00589 | 0.00186 | 0.00455 | 0.99998 |-0.00380 | 0.00474 |-0.00312 | 0.01037 ||
	||  0.15324 | 0.00396 |-0.00391 |-0.00466 |-0.00380 | 0.99996 |-0.00623 | 0.00173 |-0.00028 ||
	||  0.00249 | 0.00045 | 0.00148 |-0.00174 | 0.00474 |-0.00623 | 0.99997 |-0.00114 | 0.00305 ||
	||  0.03732 | 0.00346 |-0.00096 |-0.00126 |-0.00312 | 0.00173 |-0.00114 | 0.99997 | 0.00595 ||
	||  0.12233 | 0.00076 | 0.00385 | 0.00710 | 0.01037 |-0.00028 | 0.00305 | 0.00595 | 0.99989 ||
	||------------------------------------------------------------------------------------------||

</pre>
</span>
</div>
</div>
<div id="footer">
<p>
<div>
<label class="hidden" id="label-for-line-wrapping-toggle" for="line-wrapping-toggle">Wrap lines
<input id="line-wrapping-toggle" type="checkbox" autocomplete="off"/>
</label>
</div>Generated by 
<a href="http://www.gradle.org">Gradle 3.5</a> at Jan 13, 2018 1:27:00 PM</p>
</div>
</div>
</body>
</html>
