<!DOCTYPE html>
<html>
<head>
<meta http-equiv="Content-Type" content="text/html; charset=utf-8"/>
<meta http-equiv="x-ua-compatible" content="IE=edge"/>
<title>Test results - Class org.drip.coverage.sequence.Statistics</title>
<link href="../css/base-style.css" rel="stylesheet" type="text/css"/>
<link href="../css/style.css" rel="stylesheet" type="text/css"/>
<script src="../js/report.js" type="text/javascript"></script>
</head>
<body>
<div id="content">
<h1>Class org.drip.coverage.sequence.Statistics</h1>
<div class="breadcrumbs">
<a href="../index.html">all</a> &gt; 
<a href="../packages/org.drip.coverage.sequence.html">org.drip.coverage.sequence</a> &gt; Statistics</div>
<div id="summary">
<table>
<tr>
<td>
<div class="summaryGroup">
<table>
<tr>
<td>
<div class="infoBox" id="tests">
<div class="counter">1</div>
<p>tests</p>
</div>
</td>
<td>
<div class="infoBox" id="failures">
<div class="counter">0</div>
<p>failures</p>
</div>
</td>
<td>
<div class="infoBox" id="ignored">
<div class="counter">0</div>
<p>ignored</p>
</div>
</td>
<td>
<div class="infoBox" id="duration">
<div class="counter">9.607s</div>
<p>duration</p>
</div>
</td>
</tr>
</table>
</div>
</td>
<td>
<div class="infoBox success" id="successRate">
<div class="percent">100%</div>
<p>successful</p>
</div>
</td>
</tr>
</table>
</div>
<div id="tabs">
<ul class="tabLinks">
<li>
<a href="#tab0">Tests</a>
</li>
<li>
<a href="#tab1">Standard output</a>
</li>
</ul>
<div id="tab0" class="tab">
<h2>Tests</h2>
<table>
<thead>
<tr>
<th>Test</th>
<th>Duration</th>
<th>Result</th>
</tr>
</thead>
<tr>
<td class="success">codeCoverageTest</td>
<td>9.607s</td>
<td class="success">passed</td>
</tr>
</table>
</div>
<div id="tab1" class="tab">
<h2>Standard output</h2>
<span class="code">
<pre>
	|-----------------------------------------------------------------|
	|    Copyright (C) 2011-2019 (DRIP, DROP)
	|-----------------------------------------------------------------|
	|    Build Version  =&gt; 4.44.0 multi mode
	|    Build JVM (TM) =&gt; 1.8.0_112
	|    Build Snap     =&gt; Sun Nov 10 00:24:55 EST 2019
	|    Start Time     =&gt; Sun Nov 10 10:42:03 EST 2019
	|    Setup Time     =&gt; Sun Nov 10 10:42:03 EST 2019
	|    Setup Duration =&gt; 0 ms
	|-----------------------------------------------------------------|


	||-------------------------------------------||
	||                R^1 METRICS                ||
	||-------------------------------------------||
	||    L -&gt; R:                                ||
	||            - Mean                         ||
	||            - Error                        ||
	||            - Variance                     ||
	||            - Standard Deviation           ||
	||-------------------------------------------||
	|| -0.00024 |  0.79636 |  0.99788 |  0.99894 ||
	|| -0.00033 |  0.79979 |  1.00257 |  1.00128 ||
	||  0.00078 |  0.79414 |  0.98961 |  0.99479 ||
	|| -0.00022 |  0.79807 |  1.00176 |  1.00088 ||
	||  0.00094 |  0.79663 |  0.99858 |  0.99929 ||
	|| -0.00887 |  0.79758 |  0.99876 |  0.99938 ||
	|| -0.00299 |  0.79838 |  1.00129 |  1.00065 ||
	|| -0.00045 |  0.79823 |  1.00099 |  1.00049 ||
	||  0.00210 |  0.79860 |  0.99837 |  0.99919 ||
	||-------------------------------------------||

	||------------------------------------------------------------------------------------------||
	||                                     INPUT CORRELATION                                    ||
	||------------------------------------------------------------------------------------------||
	||  1.00000 | 0.16100 | 0.24500 | 0.35200 | 0.25900 | 0.16600 | 0.00300 | 0.03800 | 0.11400 ||
	||  0.16100 | 1.00000 | 0.00000 | 0.00000 | 0.00000 | 0.00000 | 0.00000 | 0.00000 | 0.00000 ||
	||  0.24500 | 0.00000 | 1.00000 | 0.00000 | 0.00000 | 0.00000 | 0.00000 | 0.00000 | 0.00000 ||
	||  0.35200 | 0.00000 | 0.00000 | 1.00000 | 0.00000 | 0.00000 | 0.00000 | 0.00000 | 0.00000 ||
	||  0.25900 | 0.00000 | 0.00000 | 0.00000 | 1.00000 | 0.00000 | 0.00000 | 0.00000 | 0.00000 ||
	||  0.16600 | 0.00000 | 0.00000 | 0.00000 | 0.00000 | 1.00000 | 0.00000 | 0.00000 | 0.00000 ||
	||  0.00300 | 0.00000 | 0.00000 | 0.00000 | 0.00000 | 0.00000 | 1.00000 | 0.00000 | 0.00000 ||
	||  0.03800 | 0.00000 | 0.00000 | 0.00000 | 0.00000 | 0.00000 | 0.00000 | 1.00000 | 0.00000 ||
	||  0.11400 | 0.00000 | 0.00000 | 0.00000 | 0.00000 | 0.00000 | 0.00000 | 0.00000 | 1.00000 ||
	||------------------------------------------------------------------------------------------||

	||------------------------------------------------------------------------------------------||
	||                                    OUTPUT CORRELATION                                    ||
	||------------------------------------------------------------------------------------------||
	||  1.00000 | 0.15673 | 0.25228 | 0.35705 | 0.26561 | 0.16342 | 0.00401 | 0.04346 | 0.10823 ||
	||  0.15673 | 1.00000 | 0.00244 |-0.00411 |-0.00585 | 0.00074 |-0.00039 |-0.00736 |-0.00393 ||
	||  0.25228 | 0.00244 | 1.00000 | 0.00455 | 0.00896 |-0.00226 | 0.00699 |-0.00226 |-0.00248 ||
	||  0.35705 |-0.00411 | 0.00455 | 1.00000 | 0.00107 |-0.00191 |-0.00360 | 0.00125 |-0.00245 ||
	||  0.26561 |-0.00585 | 0.00896 | 0.00107 | 1.00000 | 0.00494 | 0.00800 |-0.00139 |-0.00209 ||
	||  0.16342 | 0.00074 |-0.00226 |-0.00191 | 0.00494 | 1.00000 |-0.00914 | 0.00304 | 0.00180 ||
	||  0.00401 |-0.00039 | 0.00699 |-0.00360 | 0.00800 |-0.00914 | 1.00000 |-0.00227 | 0.00286 ||
	||  0.04346 |-0.00736 |-0.00226 | 0.00125 |-0.00139 | 0.00304 |-0.00227 | 1.00000 |-0.00223 ||
	||  0.10823 |-0.00393 |-0.00248 |-0.00245 |-0.00209 | 0.00180 | 0.00286 |-0.00223 | 1.00000 ||
	||------------------------------------------------------------------------------------------||

	||------------------------------------------------------------------------------------------||
	||                                    OUTPUT COVARIANCE                                     ||
	||------------------------------------------------------------------------------------------||
	||  0.99788 | 0.15676 | 0.25070 | 0.35699 | 0.26514 | 0.16315 | 0.00401 | 0.04344 | 0.10803 ||
	||  0.15676 | 1.00257 | 0.00243 |-0.00412 |-0.00586 | 0.00074 |-0.00039 |-0.00738 |-0.00393 ||
	||  0.25070 | 0.00243 | 0.98961 | 0.00453 | 0.00891 |-0.00225 | 0.00696 |-0.00225 |-0.00246 ||
	||  0.35699 |-0.00412 | 0.00453 | 1.00176 | 0.00107 |-0.00191 |-0.00361 | 0.00125 |-0.00245 ||
	||  0.26514 |-0.00586 | 0.00891 | 0.00107 | 0.99858 | 0.00493 | 0.00800 |-0.00139 |-0.00209 ||
	||  0.16315 | 0.00074 |-0.00225 |-0.00191 | 0.00493 | 0.99876 |-0.00914 | 0.00304 | 0.00180 ||
	||  0.00401 |-0.00039 | 0.00696 |-0.00361 | 0.00800 |-0.00914 | 1.00129 |-0.00227 | 0.00285 ||
	||  0.04344 |-0.00738 |-0.00225 | 0.00125 |-0.00139 | 0.00304 |-0.00227 | 1.00099 |-0.00223 ||
	||  0.10803 |-0.00393 |-0.00246 |-0.00245 |-0.00209 | 0.00180 | 0.00285 |-0.00223 | 0.99837 ||
	||------------------------------------------------------------------------------------------||


	|-----------------------------------------------------------------|
	|    Copyright (C) 2011-2019 (DRIP, DROP)
	|-----------------------------------------------------------------|
	|    Build Version  =&gt; 4.44.0 multi mode
	|    Build JVM (TM) =&gt; 1.8.0_112
	|    Build Snap     =&gt; Sun Nov 10 00:24:55 EST 2019
	|    Start Time     =&gt; Sun Nov 10 10:42:06 EST 2019
	|    Setup Time     =&gt; Sun Nov 10 10:42:06 EST 2019
	|    Setup Duration =&gt; 0 ms
	|-----------------------------------------------------------------|


	||-------------------------------------------||
	||                R^1 METRICS                ||
	||-------------------------------------------||
	||    L -&gt; R:                                ||
	||            - Mean                         ||
	||            - Error                        ||
	||            - Variance                     ||
	||            - Standard Deviation           ||
	||-------------------------------------------||
	||  0.00597 |  0.79694 |  0.99993 |  0.99996 ||
	||  0.00318 |  0.79764 |  0.99980 |  0.99990 ||
	||  0.00249 |  0.80000 |  1.00233 |  1.00116 ||
	||  0.00606 |  0.79836 |  1.00146 |  1.00073 ||
	|| -0.00371 |  0.80338 |  1.00902 |  1.00450 ||
	||  0.00307 |  0.79856 |  1.00364 |  1.00182 ||
	||  0.00070 |  0.79426 |  0.99274 |  0.99636 ||
	||  0.00151 |  0.79902 |  0.99989 |  0.99994 ||
	|| -0.00059 |  0.79600 |  0.99454 |  0.99727 ||
	||-------------------------------------------||

	||------------------------------------------------------------------------------------------||
	||                                     INPUT CORRELATION                                    ||
	||------------------------------------------------------------------------------------------||
	||  1.00000 | 0.16100 | 0.24500 | 0.35200 | 0.25900 | 0.16600 | 0.00300 | 0.03800 | 0.11400 ||
	||  0.16100 | 1.00000 | 0.00000 | 0.00000 | 0.00000 | 0.00000 | 0.00000 | 0.00000 | 0.00000 ||
	||  0.24500 | 0.00000 | 1.00000 | 0.00000 | 0.00000 | 0.00000 | 0.00000 | 0.00000 | 0.00000 ||
	||  0.35200 | 0.00000 | 0.00000 | 1.00000 | 0.00000 | 0.00000 | 0.00000 | 0.00000 | 0.00000 ||
	||  0.25900 | 0.00000 | 0.00000 | 0.00000 | 1.00000 | 0.00000 | 0.00000 | 0.00000 | 0.00000 ||
	||  0.16600 | 0.00000 | 0.00000 | 0.00000 | 0.00000 | 1.00000 | 0.00000 | 0.00000 | 0.00000 ||
	||  0.00300 | 0.00000 | 0.00000 | 0.00000 | 0.00000 | 0.00000 | 1.00000 | 0.00000 | 0.00000 ||
	||  0.03800 | 0.00000 | 0.00000 | 0.00000 | 0.00000 | 0.00000 | 0.00000 | 1.00000 | 0.00000 ||
	||  0.11400 | 0.00000 | 0.00000 | 0.00000 | 0.00000 | 0.00000 | 0.00000 | 0.00000 | 1.00000 ||
	||------------------------------------------------------------------------------------------||

	||------------------------------------------------------------------------------------------||
	||                                    OUTPUT CORRELATION                                    ||
	||------------------------------------------------------------------------------------------||
	||  1.00000 | 0.15793 | 0.24582 | 0.35181 | 0.26418 | 0.16566 | 0.00257 | 0.04247 | 0.11511 ||
	||  0.15793 | 1.00000 | 0.00507 |-0.00242 | 0.00751 |-0.00206 | 0.00124 | 0.00768 |-0.00417 ||
	||  0.24582 | 0.00507 | 1.00000 | 0.00547 | 0.00313 |-0.00387 | 0.00441 |-0.00526 | 0.00207 ||
	||  0.35181 |-0.00242 | 0.00547 | 1.00000 |-0.00142 |-0.00273 | 0.01033 | 0.00711 | 0.00025 ||
	||  0.26418 | 0.00751 | 0.00313 |-0.00142 | 1.00000 | 0.00232 |-0.00106 |-0.00725 | 0.00664 ||
	||  0.16566 |-0.00206 |-0.00387 |-0.00273 | 0.00232 | 1.00000 |-0.01196 | 0.00897 |-0.00007 ||
	||  0.00257 | 0.00124 | 0.00441 | 0.01033 |-0.00106 |-0.01196 | 1.00000 | 0.00595 |-0.00320 ||
	||  0.04247 | 0.00768 |-0.00526 | 0.00711 |-0.00725 | 0.00897 | 0.00595 | 1.00000 |-0.00445 ||
	||  0.11511 |-0.00417 | 0.00207 | 0.00025 | 0.00664 |-0.00007 |-0.00320 |-0.00445 | 1.00000 ||
	||------------------------------------------------------------------------------------------||

	||------------------------------------------------------------------------------------------||
	||                                    OUTPUT COVARIANCE                                     ||
	||------------------------------------------------------------------------------------------||
	||  0.99993 | 0.15791 | 0.24609 | 0.35205 | 0.26536 | 0.16595 | 0.00256 | 0.04246 | 0.11479 ||
	||  0.15791 | 0.99980 | 0.00508 |-0.00242 | 0.00754 |-0.00207 | 0.00123 | 0.00768 |-0.00416 ||
	||  0.24609 | 0.00508 | 1.00233 | 0.00548 | 0.00315 |-0.00388 | 0.00440 |-0.00527 | 0.00207 ||
	||  0.35205 |-0.00242 | 0.00548 | 1.00146 |-0.00142 |-0.00273 | 0.01030 | 0.00711 | 0.00025 ||
	||  0.26536 | 0.00754 | 0.00315 |-0.00142 | 1.00902 | 0.00233 |-0.00106 |-0.00729 | 0.00665 ||
	||  0.16595 |-0.00207 |-0.00388 |-0.00273 | 0.00233 | 1.00364 |-0.01194 | 0.00898 |-0.00007 ||
	||  0.00256 | 0.00123 | 0.00440 | 0.01030 |-0.00106 |-0.01194 | 0.99274 | 0.00593 |-0.00318 ||
	||  0.04246 | 0.00768 |-0.00527 | 0.00711 |-0.00729 | 0.00898 | 0.00593 | 0.99989 |-0.00444 ||
	||  0.11479 |-0.00416 | 0.00207 | 0.00025 | 0.00665 |-0.00007 |-0.00318 |-0.00444 | 0.99454 ||
	||------------------------------------------------------------------------------------------||


	|-----------------------------------------------------------------|
	|    Copyright (C) 2011-2019 (DRIP, DROP)
	|-----------------------------------------------------------------|
	|    Build Version  =&gt; 4.44.0 multi mode
	|    Build JVM (TM) =&gt; 1.8.0_112
	|    Build Snap     =&gt; Sun Nov 10 00:24:55 EST 2019
	|    Start Time     =&gt; Sun Nov 10 10:42:08 EST 2019
	|    Setup Time     =&gt; Sun Nov 10 10:42:08 EST 2019
	|    Setup Duration =&gt; 0 ms
	|-----------------------------------------------------------------|


	||-------------------------------------------||
	||                R^1 METRICS                ||
	||-------------------------------------------||
	||    L -&gt; R:                                ||
	||            - Mean                         ||
	||            - Error                        ||
	||            - Variance                     ||
	||            - Standard Deviation           ||
	||-------------------------------------------||
	|| -0.00131 |  0.79814 |  1.00000 |  1.00000 ||
	||  0.00125 |  0.79916 |  1.00000 |  1.00000 ||
	||  0.00497 |  0.79762 |  0.99998 |  0.99999 ||
	||  0.00262 |  0.79703 |  0.99999 |  1.00000 ||
	|| -0.00087 |  0.79718 |  1.00000 |  1.00000 ||
	||  0.00584 |  0.79816 |  0.99997 |  0.99998 ||
	||  0.00462 |  0.79856 |  0.99998 |  0.99999 ||
	||  0.00339 |  0.79703 |  0.99999 |  0.99999 ||
	|| -0.00125 |  0.79770 |  1.00000 |  1.00000 ||
	||-------------------------------------------||

	||------------------------------------------------------------------------------------------||
	||                                     INPUT CORRELATION                                    ||
	||------------------------------------------------------------------------------------------||
	||  1.00000 | 0.16100 | 0.24500 | 0.35200 | 0.25900 | 0.16600 | 0.00300 | 0.03800 | 0.11400 ||
	||  0.16100 | 1.00000 | 0.00000 | 0.00000 | 0.00000 | 0.00000 | 0.00000 | 0.00000 | 0.00000 ||
	||  0.24500 | 0.00000 | 1.00000 | 0.00000 | 0.00000 | 0.00000 | 0.00000 | 0.00000 | 0.00000 ||
	||  0.35200 | 0.00000 | 0.00000 | 1.00000 | 0.00000 | 0.00000 | 0.00000 | 0.00000 | 0.00000 ||
	||  0.25900 | 0.00000 | 0.00000 | 0.00000 | 1.00000 | 0.00000 | 0.00000 | 0.00000 | 0.00000 ||
	||  0.16600 | 0.00000 | 0.00000 | 0.00000 | 0.00000 | 1.00000 | 0.00000 | 0.00000 | 0.00000 ||
	||  0.00300 | 0.00000 | 0.00000 | 0.00000 | 0.00000 | 0.00000 | 1.00000 | 0.00000 | 0.00000 ||
	||  0.03800 | 0.00000 | 0.00000 | 0.00000 | 0.00000 | 0.00000 | 0.00000 | 1.00000 | 0.00000 ||
	||  0.11400 | 0.00000 | 0.00000 | 0.00000 | 0.00000 | 0.00000 | 0.00000 | 0.00000 | 1.00000 ||
	||------------------------------------------------------------------------------------------||

	||------------------------------------------------------------------------------------------||
	||                                    OUTPUT CORRELATION                                    ||
	||------------------------------------------------------------------------------------------||
	||  1.00000 | 0.16614 | 0.24051 | 0.34591 | 0.26106 | 0.16685 |-0.00065 | 0.04094 | 0.11352 ||
	||  0.16614 | 1.00000 |-0.00370 |-0.00097 | 0.00403 |-0.00122 |-0.00176 |-0.00247 | 0.00389 ||
	||  0.24051 |-0.00370 | 1.00000 |-0.00155 |-0.00070 |-0.00068 | 0.00141 |-0.00579 |-0.00023 ||
	||  0.34591 |-0.00097 |-0.00155 | 1.00000 |-0.00589 |-0.00539 | 0.00013 |-0.00469 |-0.00093 ||
	||  0.26106 | 0.00403 |-0.00070 |-0.00589 | 1.00000 | 0.00528 | 0.00062 | 0.00168 | 0.00145 ||
	||  0.16685 |-0.00122 |-0.00068 |-0.00539 | 0.00528 | 1.00000 |-0.00100 | 0.00358 |-0.00004 ||
	|| -0.00065 |-0.00176 | 0.00141 | 0.00013 | 0.00062 |-0.00100 | 1.00000 | 0.00524 | 0.00950 ||
	||  0.04094 |-0.00247 |-0.00579 |-0.00469 | 0.00168 | 0.00358 | 0.00524 | 1.00000 | 0.00623 ||
	||  0.11352 | 0.00389 |-0.00023 |-0.00093 | 0.00145 |-0.00004 | 0.00950 | 0.00623 | 1.00000 ||
	||------------------------------------------------------------------------------------------||

	||------------------------------------------------------------------------------------------||
	||                                    OUTPUT COVARIANCE                                     ||
	||------------------------------------------------------------------------------------------||
	||  1.00000 | 0.16614 | 0.24050 | 0.34591 | 0.26106 | 0.16685 |-0.00065 | 0.04094 | 0.11352 ||
	||  0.16614 | 1.00000 |-0.00370 |-0.00097 | 0.00403 |-0.00122 |-0.00176 |-0.00247 | 0.00389 ||
	||  0.24050 |-0.00370 | 0.99998 |-0.00155 |-0.00070 |-0.00068 | 0.00141 |-0.00579 |-0.00023 ||
	||  0.34591 |-0.00097 |-0.00155 | 0.99999 |-0.00589 |-0.00539 | 0.00013 |-0.00469 |-0.00093 ||
	||  0.26106 | 0.00403 |-0.00070 |-0.00589 | 1.00000 | 0.00528 | 0.00062 | 0.00168 | 0.00145 ||
	||  0.16685 |-0.00122 |-0.00068 |-0.00539 | 0.00528 | 0.99997 |-0.00100 | 0.00358 |-0.00004 ||
	|| -0.00065 |-0.00176 | 0.00141 | 0.00013 | 0.00062 |-0.00100 | 0.99998 | 0.00524 | 0.00950 ||
	||  0.04094 |-0.00247 |-0.00579 |-0.00469 | 0.00168 | 0.00358 | 0.00524 | 0.99999 | 0.00623 ||
	||  0.11352 | 0.00389 |-0.00023 |-0.00093 | 0.00145 |-0.00004 | 0.00950 | 0.00623 | 1.00000 ||
	||------------------------------------------------------------------------------------------||


	|-----------------------------------------------------------------|
	|    Copyright (C) 2011-2019 (DRIP, DROP)
	|-----------------------------------------------------------------|
	|    Build Version  =&gt; 4.44.0 multi mode
	|    Build JVM (TM) =&gt; 1.8.0_112
	|    Build Snap     =&gt; Sun Nov 10 00:24:55 EST 2019
	|    Start Time     =&gt; Sun Nov 10 10:42:11 EST 2019
	|    Setup Time     =&gt; Sun Nov 10 10:42:11 EST 2019
	|    Setup Duration =&gt; 0 ms
	|-----------------------------------------------------------------|


	||-------------------------------------------||
	||                R^1 METRICS                ||
	||-------------------------------------------||
	||    L -&gt; R:                                ||
	||            - Mean                         ||
	||            - Error                        ||
	||            - Variance                     ||
	||            - Standard Deviation           ||
	||-------------------------------------------||
	|| -0.00045 |  0.79777 |  0.99998 |  0.99999 ||
	|| -0.00681 |  0.79942 |  0.99993 |  0.99997 ||
	|| -0.00266 |  0.79773 |  0.99997 |  0.99999 ||
	||  0.00061 |  0.79898 |  0.99998 |  0.99999 ||
	||  0.00501 |  0.79727 |  0.99995 |  0.99998 ||
	||  0.01113 |  0.79780 |  0.99986 |  0.99993 ||
	|| -0.00151 |  0.79616 |  0.99998 |  0.99999 ||
	|| -0.00038 |  0.79802 |  0.99998 |  0.99999 ||
	|| -0.00047 |  0.79764 |  0.99998 |  0.99999 ||
	||-------------------------------------------||

	||------------------------------------------------------------------------------------------||
	||                                     INPUT CORRELATION                                    ||
	||------------------------------------------------------------------------------------------||
	||  1.00000 | 0.16100 | 0.24500 | 0.35200 | 0.25900 | 0.16600 | 0.00300 | 0.03800 | 0.11400 ||
	||  0.16100 | 1.00000 | 0.00000 | 0.00000 | 0.00000 | 0.00000 | 0.00000 | 0.00000 | 0.00000 ||
	||  0.24500 | 0.00000 | 1.00000 | 0.00000 | 0.00000 | 0.00000 | 0.00000 | 0.00000 | 0.00000 ||
	||  0.35200 | 0.00000 | 0.00000 | 1.00000 | 0.00000 | 0.00000 | 0.00000 | 0.00000 | 0.00000 ||
	||  0.25900 | 0.00000 | 0.00000 | 0.00000 | 1.00000 | 0.00000 | 0.00000 | 0.00000 | 0.00000 ||
	||  0.16600 | 0.00000 | 0.00000 | 0.00000 | 0.00000 | 1.00000 | 0.00000 | 0.00000 | 0.00000 ||
	||  0.00300 | 0.00000 | 0.00000 | 0.00000 | 0.00000 | 0.00000 | 1.00000 | 0.00000 | 0.00000 ||
	||  0.03800 | 0.00000 | 0.00000 | 0.00000 | 0.00000 | 0.00000 | 0.00000 | 1.00000 | 0.00000 ||
	||  0.11400 | 0.00000 | 0.00000 | 0.00000 | 0.00000 | 0.00000 | 0.00000 | 0.00000 | 1.00000 ||
	||------------------------------------------------------------------------------------------||

	||------------------------------------------------------------------------------------------||
	||                                    OUTPUT CORRELATION                                    ||
	||------------------------------------------------------------------------------------------||
	||  1.00000 | 0.16099 | 0.24777 | 0.35289 | 0.25843 | 0.16833 |-0.00020 | 0.03017 | 0.11602 ||
	||  0.16099 | 1.00000 | 0.00020 |-0.00069 | 0.00640 | 0.00153 |-0.00417 |-0.00058 | 0.00188 ||
	||  0.24777 | 0.00020 | 1.00000 |-0.00588 | 0.00166 | 0.00287 |-0.00735 |-0.00280 | 0.00055 ||
	||  0.35289 |-0.00069 |-0.00588 | 1.00000 | 0.00645 |-0.00422 | 0.00393 |-0.00599 | 0.00076 ||
	||  0.25843 | 0.00640 | 0.00166 | 0.00645 | 1.00000 |-0.00476 | 0.00122 |-0.00996 | 0.00122 ||
	||  0.16833 | 0.00153 | 0.00287 |-0.00422 |-0.00476 | 1.00000 |-0.00479 | 0.00598 |-0.00197 ||
	|| -0.00020 |-0.00417 |-0.00735 | 0.00393 | 0.00122 |-0.00479 | 1.00000 |-0.00270 | 0.00179 ||
	||  0.03017 |-0.00058 |-0.00280 |-0.00599 |-0.00996 | 0.00598 |-0.00270 | 1.00000 |-0.00653 ||
	||  0.11602 | 0.00188 | 0.00055 | 0.00076 | 0.00122 |-0.00197 | 0.00179 |-0.00653 | 1.00000 ||
	||------------------------------------------------------------------------------------------||

	||------------------------------------------------------------------------------------------||
	||                                    OUTPUT COVARIANCE                                     ||
	||------------------------------------------------------------------------------------------||
	||  0.99998 | 0.16099 | 0.24776 | 0.35288 | 0.25842 | 0.16832 |-0.00020 | 0.03017 | 0.11602 ||
	||  0.16099 | 0.99993 | 0.00020 |-0.00069 | 0.00640 | 0.00153 |-0.00417 |-0.00058 | 0.00188 ||
	||  0.24776 | 0.00020 | 0.99997 |-0.00588 | 0.00166 | 0.00287 |-0.00735 |-0.00280 | 0.00055 ||
	||  0.35288 |-0.00069 |-0.00588 | 0.99998 | 0.00644 |-0.00422 | 0.00393 |-0.00599 | 0.00076 ||
	||  0.25842 | 0.00640 | 0.00166 | 0.00644 | 0.99995 |-0.00476 | 0.00122 |-0.00996 | 0.00122 ||
	||  0.16832 | 0.00153 | 0.00287 |-0.00422 |-0.00476 | 0.99986 |-0.00479 | 0.00598 |-0.00197 ||
	|| -0.00020 |-0.00417 |-0.00735 | 0.00393 | 0.00122 |-0.00479 | 0.99998 |-0.00270 | 0.00179 ||
	||  0.03017 |-0.00058 |-0.00280 |-0.00599 |-0.00996 | 0.00598 |-0.00270 | 0.99998 |-0.00653 ||
	||  0.11602 | 0.00188 | 0.00055 | 0.00076 | 0.00122 |-0.00197 | 0.00179 |-0.00653 | 0.99998 ||
	||------------------------------------------------------------------------------------------||

</pre>
</span>
</div>
</div>
<div id="footer">
<p>
<div>
<label class="hidden" id="label-for-line-wrapping-toggle" for="line-wrapping-toggle">Wrap lines
<input id="line-wrapping-toggle" type="checkbox" autocomplete="off"/>
</label>
</div>Generated by 
<a href="http://www.gradle.org">Gradle 3.5</a> at Nov 10, 2019 11:08:07 AM</p>
</div>
</div>
</body>
</html>
