<!DOCTYPE html>
<html>
<head>
<meta http-equiv="Content-Type" content="text/html; charset=utf-8"/>
<meta http-equiv="x-ua-compatible" content="IE=edge"/>
<title>Test results - Class org.drip.coverage.sequence.Statistics</title>
<link href="../css/base-style.css" rel="stylesheet" type="text/css"/>
<link href="../css/style.css" rel="stylesheet" type="text/css"/>
<script src="../js/report.js" type="text/javascript"></script>
</head>
<body>
<div id="content">
<h1>Class org.drip.coverage.sequence.Statistics</h1>
<div class="breadcrumbs">
<a href="../index.html">all</a> &gt; 
<a href="../packages/org.drip.coverage.sequence.html">org.drip.coverage.sequence</a> &gt; Statistics</div>
<div id="summary">
<table>
<tr>
<td>
<div class="summaryGroup">
<table>
<tr>
<td>
<div class="infoBox" id="tests">
<div class="counter">1</div>
<p>tests</p>
</div>
</td>
<td>
<div class="infoBox" id="failures">
<div class="counter">0</div>
<p>failures</p>
</div>
</td>
<td>
<div class="infoBox" id="ignored">
<div class="counter">0</div>
<p>ignored</p>
</div>
</td>
<td>
<div class="infoBox" id="duration">
<div class="counter">9.560s</div>
<p>duration</p>
</div>
</td>
</tr>
</table>
</div>
</td>
<td>
<div class="infoBox success" id="successRate">
<div class="percent">100%</div>
<p>successful</p>
</div>
</td>
</tr>
</table>
</div>
<div id="tabs">
<ul class="tabLinks">
<li>
<a href="#tab0">Tests</a>
</li>
<li>
<a href="#tab1">Standard output</a>
</li>
</ul>
<div id="tab0" class="tab">
<h2>Tests</h2>
<table>
<thead>
<tr>
<th>Test</th>
<th>Duration</th>
<th>Result</th>
</tr>
</thead>
<tr>
<td class="success">codeCoverageTest</td>
<td>9.560s</td>
<td class="success">passed</td>
</tr>
</table>
</div>
<div id="tab1" class="tab">
<h2>Standard output</h2>
<span class="code">
<pre>
	|-----------------------------------------------------------------|
	|    Copyright (C) 2011-2019 (DRIP, DROP)
	|-----------------------------------------------------------------|
	|    Build Version  =&gt; 3.94.0 multi mode
	|    Build JVM (TM) =&gt; 1.8.0_112
	|    Build Snap     =&gt; Tue Dec 18 14:29:43 EST 2018
	|    Start Time     =&gt; Tue Dec 18 15:34:32 EST 2018
	|    Setup Time     =&gt; Tue Dec 18 15:34:32 EST 2018
	|    Setup Duration =&gt; 0 ms
	|-----------------------------------------------------------------|


	||-------------------------------------------||
	||                R^1 METRICS                ||
	||-------------------------------------------||
	||    L -&gt; R:                                ||
	||            - Mean                         ||
	||            - Error                        ||
	||            - Variance                     ||
	||            - Standard Deviation           ||
	||-------------------------------------------||
	||  0.00124 |  0.79567 |  0.99742 |  0.99871 ||
	|| -0.00764 |  0.79560 |  0.99205 |  0.99602 ||
	||  0.00399 |  0.79405 |  0.99287 |  0.99643 ||
	|| -0.00022 |  0.80419 |  1.01629 |  1.00811 ||
	||  0.00074 |  0.79672 |  1.00060 |  1.00030 ||
	||  0.00063 |  0.79973 |  1.00686 |  1.00342 ||
	|| -0.00882 |  0.80345 |  1.01150 |  1.00573 ||
	||  0.00466 |  0.79848 |  1.00475 |  1.00237 ||
	|| -0.00158 |  0.79528 |  0.99041 |  0.99519 ||
	||-------------------------------------------||

	||------------------------------------------------------------------------------------------||
	||                                     INPUT CORRELATION                                    ||
	||------------------------------------------------------------------------------------------||
	||  1.00000 | 0.16100 | 0.24500 | 0.35200 | 0.25900 | 0.16600 | 0.00300 | 0.03800 | 0.11400 ||
	||  0.16100 | 1.00000 | 0.00000 | 0.00000 | 0.00000 | 0.00000 | 0.00000 | 0.00000 | 0.00000 ||
	||  0.24500 | 0.00000 | 1.00000 | 0.00000 | 0.00000 | 0.00000 | 0.00000 | 0.00000 | 0.00000 ||
	||  0.35200 | 0.00000 | 0.00000 | 1.00000 | 0.00000 | 0.00000 | 0.00000 | 0.00000 | 0.00000 ||
	||  0.25900 | 0.00000 | 0.00000 | 0.00000 | 1.00000 | 0.00000 | 0.00000 | 0.00000 | 0.00000 ||
	||  0.16600 | 0.00000 | 0.00000 | 0.00000 | 0.00000 | 1.00000 | 0.00000 | 0.00000 | 0.00000 ||
	||  0.00300 | 0.00000 | 0.00000 | 0.00000 | 0.00000 | 0.00000 | 1.00000 | 0.00000 | 0.00000 ||
	||  0.03800 | 0.00000 | 0.00000 | 0.00000 | 0.00000 | 0.00000 | 0.00000 | 1.00000 | 0.00000 ||
	||  0.11400 | 0.00000 | 0.00000 | 0.00000 | 0.00000 | 0.00000 | 0.00000 | 0.00000 | 1.00000 ||
	||------------------------------------------------------------------------------------------||

	||------------------------------------------------------------------------------------------||
	||                                    OUTPUT CORRELATION                                    ||
	||------------------------------------------------------------------------------------------||
	||  1.00000 | 0.15368 | 0.25083 | 0.35630 | 0.26680 | 0.16383 | 0.00340 | 0.04290 | 0.10997 ||
	||  0.15368 | 1.00000 |-0.01454 | 0.00248 |-0.00310 | 0.00148 | 0.00312 |-0.00275 |-0.00641 ||
	||  0.25083 |-0.01454 | 1.00000 | 0.00996 | 0.00555 | 0.00874 | 0.00139 | 0.00651 | 0.00359 ||
	||  0.35630 | 0.00248 | 0.00996 | 1.00000 | 0.00810 | 0.00351 |-0.00176 | 0.00662 |-0.00141 ||
	||  0.26680 |-0.00310 | 0.00555 | 0.00810 | 1.00000 |-0.00130 |-0.00236 | 0.00133 | 0.00190 ||
	||  0.16383 | 0.00148 | 0.00874 | 0.00351 |-0.00130 | 1.00000 |-0.00882 | 0.00645 |-0.00497 ||
	||  0.00340 | 0.00312 | 0.00139 |-0.00176 |-0.00236 |-0.00882 | 1.00000 |-0.00052 | 0.00494 ||
	||  0.04290 |-0.00275 | 0.00651 | 0.00662 | 0.00133 | 0.00645 |-0.00052 | 1.00000 |-0.00126 ||
	||  0.10997 |-0.00641 | 0.00359 |-0.00141 | 0.00190 |-0.00497 | 0.00494 |-0.00126 | 1.00000 ||
	||------------------------------------------------------------------------------------------||

	||------------------------------------------------------------------------------------------||
	||                                    OUTPUT COVARIANCE                                     ||
	||------------------------------------------------------------------------------------------||
	||  0.99742 | 0.15287 | 0.24961 | 0.35872 | 0.26653 | 0.16418 | 0.00342 | 0.04295 | 0.10930 ||
	||  0.15287 | 0.99205 |-0.01443 | 0.00249 |-0.00308 | 0.00148 | 0.00312 |-0.00275 |-0.00635 ||
	||  0.24961 |-0.01443 | 0.99287 | 0.01000 | 0.00553 | 0.00874 | 0.00139 | 0.00651 | 0.00356 ||
	||  0.35872 | 0.00249 | 0.01000 | 1.01629 | 0.00816 | 0.00355 |-0.00179 | 0.00669 |-0.00142 ||
	||  0.26653 |-0.00308 | 0.00553 | 0.00816 | 1.00060 |-0.00131 |-0.00237 | 0.00133 | 0.00189 ||
	||  0.16418 | 0.00148 | 0.00874 | 0.00355 |-0.00131 | 1.00686 |-0.00890 | 0.00649 |-0.00497 ||
	||  0.00342 | 0.00312 | 0.00139 |-0.00179 |-0.00237 |-0.00890 | 1.01150 |-0.00052 | 0.00494 ||
	||  0.04295 |-0.00275 | 0.00651 | 0.00669 | 0.00133 | 0.00649 |-0.00052 | 1.00475 |-0.00125 ||
	||  0.10930 |-0.00635 | 0.00356 |-0.00142 | 0.00189 |-0.00497 | 0.00494 |-0.00125 | 0.99041 ||
	||------------------------------------------------------------------------------------------||


	|-----------------------------------------------------------------|
	|    Copyright (C) 2011-2019 (DRIP, DROP)
	|-----------------------------------------------------------------|
	|    Build Version  =&gt; 3.94.0 multi mode
	|    Build JVM (TM) =&gt; 1.8.0_112
	|    Build Snap     =&gt; Tue Dec 18 14:29:43 EST 2018
	|    Start Time     =&gt; Tue Dec 18 15:34:34 EST 2018
	|    Setup Time     =&gt; Tue Dec 18 15:34:34 EST 2018
	|    Setup Duration =&gt; 0 ms
	|-----------------------------------------------------------------|


	||-------------------------------------------||
	||                R^1 METRICS                ||
	||-------------------------------------------||
	||    L -&gt; R:                                ||
	||            - Mean                         ||
	||            - Error                        ||
	||            - Variance                     ||
	||            - Standard Deviation           ||
	||-------------------------------------------||
	||  0.00257 |  0.79596 |  0.99450 |  0.99725 ||
	||  0.00355 |  0.80106 |  1.00877 |  1.00438 ||
	||  0.00133 |  0.80223 |  1.01504 |  1.00749 ||
	|| -0.00050 |  0.79807 |  0.99934 |  0.99967 ||
	||  0.00261 |  0.79360 |  0.98910 |  0.99453 ||
	||  0.00484 |  0.79837 |  0.99892 |  0.99946 ||
	||  0.00080 |  0.79614 |  0.99604 |  0.99802 ||
	|| -0.00114 |  0.79441 |  0.99383 |  0.99691 ||
	|| -0.00294 |  0.79697 |  1.00048 |  1.00024 ||
	||-------------------------------------------||

	||------------------------------------------------------------------------------------------||
	||                                     INPUT CORRELATION                                    ||
	||------------------------------------------------------------------------------------------||
	||  1.00000 | 0.16100 | 0.24500 | 0.35200 | 0.25900 | 0.16600 | 0.00300 | 0.03800 | 0.11400 ||
	||  0.16100 | 1.00000 | 0.00000 | 0.00000 | 0.00000 | 0.00000 | 0.00000 | 0.00000 | 0.00000 ||
	||  0.24500 | 0.00000 | 1.00000 | 0.00000 | 0.00000 | 0.00000 | 0.00000 | 0.00000 | 0.00000 ||
	||  0.35200 | 0.00000 | 0.00000 | 1.00000 | 0.00000 | 0.00000 | 0.00000 | 0.00000 | 0.00000 ||
	||  0.25900 | 0.00000 | 0.00000 | 0.00000 | 1.00000 | 0.00000 | 0.00000 | 0.00000 | 0.00000 ||
	||  0.16600 | 0.00000 | 0.00000 | 0.00000 | 0.00000 | 1.00000 | 0.00000 | 0.00000 | 0.00000 ||
	||  0.00300 | 0.00000 | 0.00000 | 0.00000 | 0.00000 | 0.00000 | 1.00000 | 0.00000 | 0.00000 ||
	||  0.03800 | 0.00000 | 0.00000 | 0.00000 | 0.00000 | 0.00000 | 0.00000 | 1.00000 | 0.00000 ||
	||  0.11400 | 0.00000 | 0.00000 | 0.00000 | 0.00000 | 0.00000 | 0.00000 | 0.00000 | 1.00000 ||
	||------------------------------------------------------------------------------------------||

	||------------------------------------------------------------------------------------------||
	||                                    OUTPUT CORRELATION                                    ||
	||------------------------------------------------------------------------------------------||
	||  1.00000 | 0.15181 | 0.24805 | 0.35441 | 0.25613 | 0.16809 | 0.00001 | 0.04137 | 0.11728 ||
	||  0.15181 | 1.00000 |-0.00686 |-0.00262 |-0.00461 |-0.00140 | 0.00295 |-0.00240 |-0.00580 ||
	||  0.24805 |-0.00686 | 1.00000 |-0.00002 |-0.00408 |-0.00187 |-0.00376 |-0.00411 | 0.00309 ||
	||  0.35441 |-0.00262 |-0.00002 | 1.00000 |-0.00328 |-0.00146 | 0.00167 |-0.00380 |-0.00242 ||
	||  0.25613 |-0.00461 |-0.00408 |-0.00328 | 1.00000 |-0.00022 |-0.00473 | 0.00614 | 0.00102 ||
	||  0.16809 |-0.00140 |-0.00187 |-0.00146 |-0.00022 | 1.00000 |-0.00704 | 0.01028 | 0.00321 ||
	||  0.00001 | 0.00295 |-0.00376 | 0.00167 |-0.00473 |-0.00704 | 1.00000 |-0.00665 | 0.00011 ||
	||  0.04137 |-0.00240 |-0.00411 |-0.00380 | 0.00614 | 0.01028 |-0.00665 | 1.00000 | 0.00114 ||
	||  0.11728 |-0.00580 | 0.00309 |-0.00242 | 0.00102 | 0.00321 | 0.00011 | 0.00114 | 1.00000 ||
	||------------------------------------------------------------------------------------------||

	||------------------------------------------------------------------------------------------||
	||                                    OUTPUT COVARIANCE                                     ||
	||------------------------------------------------------------------------------------------||
	||  0.99450 | 0.15205 | 0.24922 | 0.35332 | 0.25403 | 0.16753 | 0.00001 | 0.04113 | 0.11699 ||
	||  0.15205 | 1.00877 |-0.00694 |-0.00263 |-0.00461 |-0.00141 | 0.00296 |-0.00240 |-0.00583 ||
	||  0.24922 |-0.00694 | 1.01504 |-0.00002 |-0.00409 |-0.00188 |-0.00378 |-0.00413 | 0.00311 ||
	||  0.35332 |-0.00263 |-0.00002 | 0.99934 |-0.00326 |-0.00146 | 0.00166 |-0.00379 |-0.00242 ||
	||  0.25403 |-0.00461 |-0.00409 |-0.00326 | 0.98910 |-0.00022 |-0.00470 | 0.00609 | 0.00101 ||
	||  0.16753 |-0.00141 |-0.00188 |-0.00146 |-0.00022 | 0.99892 |-0.00703 | 0.01024 | 0.00321 ||
	||  0.00001 | 0.00296 |-0.00378 | 0.00166 |-0.00470 |-0.00703 | 0.99604 |-0.00662 | 0.00011 ||
	||  0.04113 |-0.00240 |-0.00413 |-0.00379 | 0.00609 | 0.01024 |-0.00662 | 0.99383 | 0.00113 ||
	||  0.11699 |-0.00583 | 0.00311 |-0.00242 | 0.00101 | 0.00321 | 0.00011 | 0.00113 | 1.00048 ||
	||------------------------------------------------------------------------------------------||


	|-----------------------------------------------------------------|
	|    Copyright (C) 2011-2019 (DRIP, DROP)
	|-----------------------------------------------------------------|
	|    Build Version  =&gt; 3.94.0 multi mode
	|    Build JVM (TM) =&gt; 1.8.0_112
	|    Build Snap     =&gt; Tue Dec 18 14:29:43 EST 2018
	|    Start Time     =&gt; Tue Dec 18 15:34:37 EST 2018
	|    Setup Time     =&gt; Tue Dec 18 15:34:37 EST 2018
	|    Setup Duration =&gt; 0 ms
	|-----------------------------------------------------------------|


	||-------------------------------------------||
	||                R^1 METRICS                ||
	||-------------------------------------------||
	||    L -&gt; R:                                ||
	||            - Mean                         ||
	||            - Error                        ||
	||            - Variance                     ||
	||            - Standard Deviation           ||
	||-------------------------------------------||
	|| -0.00318 |  0.79876 |  0.99999 |  0.99999 ||
	|| -0.00339 |  0.79786 |  0.99999 |  0.99999 ||
	|| -0.00048 |  0.79849 |  1.00000 |  1.00000 ||
	||  0.00478 |  0.79829 |  0.99998 |  0.99999 ||
	|| -0.00127 |  0.79756 |  1.00000 |  1.00000 ||
	||  0.00099 |  0.79995 |  1.00000 |  1.00000 ||
	|| -0.00347 |  0.79545 |  0.99999 |  0.99999 ||
	|| -0.00156 |  0.79777 |  1.00000 |  1.00000 ||
	|| -0.00368 |  0.79852 |  0.99999 |  0.99999 ||
	||-------------------------------------------||

	||------------------------------------------------------------------------------------------||
	||                                     INPUT CORRELATION                                    ||
	||------------------------------------------------------------------------------------------||
	||  1.00000 | 0.16100 | 0.24500 | 0.35200 | 0.25900 | 0.16600 | 0.00300 | 0.03800 | 0.11400 ||
	||  0.16100 | 1.00000 | 0.00000 | 0.00000 | 0.00000 | 0.00000 | 0.00000 | 0.00000 | 0.00000 ||
	||  0.24500 | 0.00000 | 1.00000 | 0.00000 | 0.00000 | 0.00000 | 0.00000 | 0.00000 | 0.00000 ||
	||  0.35200 | 0.00000 | 0.00000 | 1.00000 | 0.00000 | 0.00000 | 0.00000 | 0.00000 | 0.00000 ||
	||  0.25900 | 0.00000 | 0.00000 | 0.00000 | 1.00000 | 0.00000 | 0.00000 | 0.00000 | 0.00000 ||
	||  0.16600 | 0.00000 | 0.00000 | 0.00000 | 0.00000 | 1.00000 | 0.00000 | 0.00000 | 0.00000 ||
	||  0.00300 | 0.00000 | 0.00000 | 0.00000 | 0.00000 | 0.00000 | 1.00000 | 0.00000 | 0.00000 ||
	||  0.03800 | 0.00000 | 0.00000 | 0.00000 | 0.00000 | 0.00000 | 0.00000 | 1.00000 | 0.00000 ||
	||  0.11400 | 0.00000 | 0.00000 | 0.00000 | 0.00000 | 0.00000 | 0.00000 | 0.00000 | 1.00000 ||
	||------------------------------------------------------------------------------------------||

	||------------------------------------------------------------------------------------------||
	||                                    OUTPUT CORRELATION                                    ||
	||------------------------------------------------------------------------------------------||
	||  1.00000 | 0.16405 | 0.23948 | 0.35482 | 0.25867 | 0.17385 | 0.00132 | 0.04045 | 0.11010 ||
	||  0.16405 | 1.00000 |-0.00305 | 0.00304 |-0.00590 |-0.00789 |-0.00192 | 0.00329 |-0.00149 ||
	||  0.23948 |-0.00305 | 1.00000 | 0.01075 |-0.00213 | 0.00494 |-0.00436 |-0.00374 |-0.00401 ||
	||  0.35482 | 0.00304 | 0.01075 | 1.00000 | 0.00322 | 0.00384 | 0.00862 |-0.00288 | 0.00397 ||
	||  0.25867 |-0.00590 |-0.00213 | 0.00322 | 1.00000 | 0.00195 |-0.00617 | 0.00839 |-0.00325 ||
	||  0.17385 |-0.00789 | 0.00494 | 0.00384 | 0.00195 | 1.00000 |-0.00123 |-0.00461 | 0.00691 ||
	||  0.00132 |-0.00192 |-0.00436 | 0.00862 |-0.00617 |-0.00123 | 1.00000 |-0.00453 | 0.00109 ||
	||  0.04045 | 0.00329 |-0.00374 |-0.00288 | 0.00839 |-0.00461 |-0.00453 | 1.00000 |-0.00375 ||
	||  0.11010 |-0.00149 |-0.00401 | 0.00397 |-0.00325 | 0.00691 | 0.00109 |-0.00375 | 1.00000 ||
	||------------------------------------------------------------------------------------------||

	||------------------------------------------------------------------------------------------||
	||                                    OUTPUT COVARIANCE                                     ||
	||------------------------------------------------------------------------------------------||
	||  0.99999 | 0.16405 | 0.23948 | 0.35481 | 0.25867 | 0.17385 | 0.00132 | 0.04044 | 0.11010 ||
	||  0.16405 | 0.99999 |-0.00305 | 0.00304 |-0.00590 |-0.00789 |-0.00192 | 0.00329 |-0.00149 ||
	||  0.23948 |-0.00305 | 1.00000 | 0.01075 |-0.00213 | 0.00494 |-0.00436 |-0.00374 |-0.00401 ||
	||  0.35481 | 0.00304 | 0.01075 | 0.99998 | 0.00322 | 0.00384 | 0.00862 |-0.00288 | 0.00397 ||
	||  0.25867 |-0.00590 |-0.00213 | 0.00322 | 1.00000 | 0.00195 |-0.00617 | 0.00839 |-0.00325 ||
	||  0.17385 |-0.00789 | 0.00494 | 0.00384 | 0.00195 | 1.00000 |-0.00123 |-0.00461 | 0.00691 ||
	||  0.00132 |-0.00192 |-0.00436 | 0.00862 |-0.00617 |-0.00123 | 0.99999 |-0.00453 | 0.00109 ||
	||  0.04044 | 0.00329 |-0.00374 |-0.00288 | 0.00839 |-0.00461 |-0.00453 | 1.00000 |-0.00375 ||
	||  0.11010 |-0.00149 |-0.00401 | 0.00397 |-0.00325 | 0.00691 | 0.00109 |-0.00375 | 0.99999 ||
	||------------------------------------------------------------------------------------------||


	|-----------------------------------------------------------------|
	|    Copyright (C) 2011-2019 (DRIP, DROP)
	|-----------------------------------------------------------------|
	|    Build Version  =&gt; 3.94.0 multi mode
	|    Build JVM (TM) =&gt; 1.8.0_112
	|    Build Snap     =&gt; Tue Dec 18 14:29:43 EST 2018
	|    Start Time     =&gt; Tue Dec 18 15:34:39 EST 2018
	|    Setup Time     =&gt; Tue Dec 18 15:34:39 EST 2018
	|    Setup Duration =&gt; 0 ms
	|-----------------------------------------------------------------|


	||-------------------------------------------||
	||                R^1 METRICS                ||
	||-------------------------------------------||
	||    L -&gt; R:                                ||
	||            - Mean                         ||
	||            - Error                        ||
	||            - Variance                     ||
	||            - Standard Deviation           ||
	||-------------------------------------------||
	|| -0.00432 |  0.79837 |  0.99996 |  0.99998 ||
	|| -0.00413 |  0.79831 |  0.99996 |  0.99998 ||
	|| -0.00291 |  0.79849 |  0.99997 |  0.99999 ||
	|| -0.00643 |  0.79761 |  0.99994 |  0.99997 ||
	|| -0.00329 |  0.79613 |  0.99997 |  0.99998 ||
	||  0.00133 |  0.79749 |  0.99998 |  0.99999 ||
	|| -0.00020 |  0.79784 |  0.99998 |  0.99999 ||
	|| -0.00762 |  0.79812 |  0.99992 |  0.99996 ||
	|| -0.00094 |  0.79809 |  0.99998 |  0.99999 ||
	||-------------------------------------------||

	||------------------------------------------------------------------------------------------||
	||                                     INPUT CORRELATION                                    ||
	||------------------------------------------------------------------------------------------||
	||  1.00000 | 0.16100 | 0.24500 | 0.35200 | 0.25900 | 0.16600 | 0.00300 | 0.03800 | 0.11400 ||
	||  0.16100 | 1.00000 | 0.00000 | 0.00000 | 0.00000 | 0.00000 | 0.00000 | 0.00000 | 0.00000 ||
	||  0.24500 | 0.00000 | 1.00000 | 0.00000 | 0.00000 | 0.00000 | 0.00000 | 0.00000 | 0.00000 ||
	||  0.35200 | 0.00000 | 0.00000 | 1.00000 | 0.00000 | 0.00000 | 0.00000 | 0.00000 | 0.00000 ||
	||  0.25900 | 0.00000 | 0.00000 | 0.00000 | 1.00000 | 0.00000 | 0.00000 | 0.00000 | 0.00000 ||
	||  0.16600 | 0.00000 | 0.00000 | 0.00000 | 0.00000 | 1.00000 | 0.00000 | 0.00000 | 0.00000 ||
	||  0.00300 | 0.00000 | 0.00000 | 0.00000 | 0.00000 | 0.00000 | 1.00000 | 0.00000 | 0.00000 ||
	||  0.03800 | 0.00000 | 0.00000 | 0.00000 | 0.00000 | 0.00000 | 0.00000 | 1.00000 | 0.00000 ||
	||  0.11400 | 0.00000 | 0.00000 | 0.00000 | 0.00000 | 0.00000 | 0.00000 | 0.00000 | 1.00000 ||
	||------------------------------------------------------------------------------------------||

	||------------------------------------------------------------------------------------------||
	||                                    OUTPUT CORRELATION                                    ||
	||------------------------------------------------------------------------------------------||
	||  1.00000 | 0.16453 | 0.24796 | 0.35798 | 0.25116 | 0.16210 | 0.00129 | 0.03150 | 0.11128 ||
	||  0.16453 | 1.00000 |-0.00648 | 0.00415 |-0.00820 | 0.00578 | 0.00330 |-0.00433 |-0.00356 ||
	||  0.24796 |-0.00648 | 1.00000 | 0.00440 | 0.00003 | 0.00380 |-0.01106 | 0.00006 |-0.00654 ||
	||  0.35798 | 0.00415 | 0.00440 | 1.00000 | 0.00028 |-0.00475 |-0.00411 |-0.00597 | 0.00011 ||
	||  0.25116 |-0.00820 | 0.00003 | 0.00028 | 1.00000 |-0.00755 | 0.00305 |-0.00647 |-0.00212 ||
	||  0.16210 | 0.00578 | 0.00380 |-0.00475 |-0.00755 | 1.00000 | 0.00203 | 0.00066 | 0.00197 ||
	||  0.00129 | 0.00330 |-0.01106 |-0.00411 | 0.00305 | 0.00203 | 1.00000 |-0.00099 | 0.00112 ||
	||  0.03150 |-0.00433 | 0.00006 |-0.00597 |-0.00647 | 0.00066 |-0.00099 | 1.00000 | 0.00142 ||
	||  0.11128 |-0.00356 |-0.00654 | 0.00011 |-0.00212 | 0.00197 | 0.00112 | 0.00142 | 1.00000 ||
	||------------------------------------------------------------------------------------------||

	||------------------------------------------------------------------------------------------||
	||                                    OUTPUT COVARIANCE                                     ||
	||------------------------------------------------------------------------------------------||
	||  0.99996 | 0.16453 | 0.24796 | 0.35796 | 0.25116 | 0.16209 | 0.00129 | 0.03149 | 0.11127 ||
	||  0.16453 | 0.99996 |-0.00648 | 0.00415 |-0.00820 | 0.00578 | 0.00330 |-0.00433 |-0.00356 ||
	||  0.24796 |-0.00648 | 0.99997 | 0.00440 | 0.00003 | 0.00380 |-0.01106 | 0.00006 |-0.00654 ||
	||  0.35796 | 0.00415 | 0.00440 | 0.99994 | 0.00028 |-0.00475 |-0.00411 |-0.00597 | 0.00011 ||
	||  0.25116 |-0.00820 | 0.00003 | 0.00028 | 0.99997 |-0.00755 | 0.00305 |-0.00647 |-0.00212 ||
	||  0.16209 | 0.00578 | 0.00380 |-0.00475 |-0.00755 | 0.99998 | 0.00203 | 0.00066 | 0.00197 ||
	||  0.00129 | 0.00330 |-0.01106 |-0.00411 | 0.00305 | 0.00203 | 0.99998 |-0.00099 | 0.00112 ||
	||  0.03149 |-0.00433 | 0.00006 |-0.00597 |-0.00647 | 0.00066 |-0.00099 | 0.99992 | 0.00142 ||
	||  0.11127 |-0.00356 |-0.00654 | 0.00011 |-0.00212 | 0.00197 | 0.00112 | 0.00142 | 0.99998 ||
	||------------------------------------------------------------------------------------------||

</pre>
</span>
</div>
</div>
<div id="footer">
<p>
<div>
<label class="hidden" id="label-for-line-wrapping-toggle" for="line-wrapping-toggle">Wrap lines
<input id="line-wrapping-toggle" type="checkbox" autocomplete="off"/>
</label>
</div>Generated by 
<a href="http://www.gradle.org">Gradle 3.5</a> at Dec 18, 2018 4:01:10 PM</p>
</div>
</div>
</body>
</html>
