<!DOCTYPE html>
<html>
<head>
<meta http-equiv="Content-Type" content="text/html; charset=utf-8"/>
<meta http-equiv="x-ua-compatible" content="IE=edge"/>
<title>Test results - Class org.drip.coverage.sequence.Statistics</title>
<link href="../css/base-style.css" rel="stylesheet" type="text/css"/>
<link href="../css/style.css" rel="stylesheet" type="text/css"/>
<script src="../js/report.js" type="text/javascript"></script>
</head>
<body>
<div id="content">
<h1>Class org.drip.coverage.sequence.Statistics</h1>
<div class="breadcrumbs">
<a href="../index.html">all</a> &gt; 
<a href="../packages/org.drip.coverage.sequence.html">org.drip.coverage.sequence</a> &gt; Statistics</div>
<div id="summary">
<table>
<tr>
<td>
<div class="summaryGroup">
<table>
<tr>
<td>
<div class="infoBox" id="tests">
<div class="counter">1</div>
<p>tests</p>
</div>
</td>
<td>
<div class="infoBox" id="failures">
<div class="counter">0</div>
<p>failures</p>
</div>
</td>
<td>
<div class="infoBox" id="ignored">
<div class="counter">0</div>
<p>ignored</p>
</div>
</td>
<td>
<div class="infoBox" id="duration">
<div class="counter">9.680s</div>
<p>duration</p>
</div>
</td>
</tr>
</table>
</div>
</td>
<td>
<div class="infoBox success" id="successRate">
<div class="percent">100%</div>
<p>successful</p>
</div>
</td>
</tr>
</table>
</div>
<div id="tabs">
<ul class="tabLinks">
<li>
<a href="#tab0">Tests</a>
</li>
<li>
<a href="#tab1">Standard output</a>
</li>
</ul>
<div id="tab0" class="tab">
<h2>Tests</h2>
<table>
<thead>
<tr>
<th>Test</th>
<th>Duration</th>
<th>Result</th>
</tr>
</thead>
<tr>
<td class="success">codeCoverageTest</td>
<td>9.680s</td>
<td class="success">passed</td>
</tr>
</table>
</div>
<div id="tab1" class="tab">
<h2>Standard output</h2>
<span class="code">
<pre>
	|-----------------------------------------------------------------|
	|    Copyright (C) 2011-2018 (DRIP)
	|-----------------------------------------------------------------|
	|    Build Version  =&gt; 3.81.0 multi mode
	|    Build JVM (TM) =&gt; 1.8.0_112
	|    Build Snap     =&gt; Mon Nov 05 18:22:06 EST 2018
	|    Start Time     =&gt; Tue Nov 06 02:09:38 EST 2018
	|    Setup Time     =&gt; Tue Nov 06 02:09:38 EST 2018
	|    Setup Duration =&gt; 0 ms
	|-----------------------------------------------------------------|


	||-------------------------------------------||
	||                R^1 METRICS                ||
	||-------------------------------------------||
	||    L -&gt; R:                                ||
	||            - Mean                         ||
	||            - Error                        ||
	||            - Variance                     ||
	||            - Standard Deviation           ||
	||-------------------------------------------||
	|| -0.00279 |  0.79814 |  1.00535 |  1.00267 ||
	|| -0.00415 |  0.79587 |  0.99299 |  0.99649 ||
	|| -0.00081 |  0.79460 |  0.99352 |  0.99675 ||
	|| -0.00579 |  0.79725 |  0.99979 |  0.99990 ||
	||  0.00068 |  0.79811 |  1.00196 |  1.00098 ||
	|| -0.00067 |  0.80005 |  1.00576 |  1.00287 ||
	||  0.00312 |  0.79548 |  0.99418 |  0.99708 ||
	||  0.00220 |  0.79645 |  0.99590 |  0.99795 ||
	||  0.00408 |  0.79718 |  0.99711 |  0.99855 ||
	||-------------------------------------------||

	||------------------------------------------------------------------------------------------||
	||                                     INPUT CORRELATION                                    ||
	||------------------------------------------------------------------------------------------||
	||  1.00000 | 0.16100 | 0.24500 | 0.35200 | 0.25900 | 0.16600 | 0.00300 | 0.03800 | 0.11400 ||
	||  0.16100 | 1.00000 | 0.00000 | 0.00000 | 0.00000 | 0.00000 | 0.00000 | 0.00000 | 0.00000 ||
	||  0.24500 | 0.00000 | 1.00000 | 0.00000 | 0.00000 | 0.00000 | 0.00000 | 0.00000 | 0.00000 ||
	||  0.35200 | 0.00000 | 0.00000 | 1.00000 | 0.00000 | 0.00000 | 0.00000 | 0.00000 | 0.00000 ||
	||  0.25900 | 0.00000 | 0.00000 | 0.00000 | 1.00000 | 0.00000 | 0.00000 | 0.00000 | 0.00000 ||
	||  0.16600 | 0.00000 | 0.00000 | 0.00000 | 0.00000 | 1.00000 | 0.00000 | 0.00000 | 0.00000 ||
	||  0.00300 | 0.00000 | 0.00000 | 0.00000 | 0.00000 | 0.00000 | 1.00000 | 0.00000 | 0.00000 ||
	||  0.03800 | 0.00000 | 0.00000 | 0.00000 | 0.00000 | 0.00000 | 0.00000 | 1.00000 | 0.00000 ||
	||  0.11400 | 0.00000 | 0.00000 | 0.00000 | 0.00000 | 0.00000 | 0.00000 | 0.00000 | 1.00000 ||
	||------------------------------------------------------------------------------------------||

	||------------------------------------------------------------------------------------------||
	||                                    OUTPUT CORRELATION                                    ||
	||------------------------------------------------------------------------------------------||
	||  1.00000 | 0.15944 | 0.24804 | 0.34872 | 0.25895 | 0.16579 | 0.00521 | 0.03640 | 0.11691 ||
	||  0.15944 | 1.00000 | 0.00236 | 0.00210 | 0.00251 | 0.00426 | 0.00422 | 0.00107 |-0.00125 ||
	||  0.24804 | 0.00236 | 1.00000 |-0.00301 |-0.00688 | 0.01200 |-0.00289 |-0.00051 |-0.00497 ||
	||  0.34872 | 0.00210 |-0.00301 | 1.00000 | 0.00032 |-0.00154 | 0.00219 |-0.00773 | 0.00110 ||
	||  0.25895 | 0.00251 |-0.00688 | 0.00032 | 1.00000 |-0.00387 | 0.00414 | 0.00066 | 0.00125 ||
	||  0.16579 | 0.00426 | 0.01200 |-0.00154 |-0.00387 | 1.00000 |-0.00586 | 0.00515 |-0.00557 ||
	||  0.00521 | 0.00422 |-0.00289 | 0.00219 | 0.00414 |-0.00586 | 1.00000 |-0.00949 | 0.00524 ||
	||  0.03640 | 0.00107 |-0.00051 |-0.00773 | 0.00066 | 0.00515 |-0.00949 | 1.00000 |-0.00755 ||
	||  0.11691 |-0.00125 |-0.00497 | 0.00110 | 0.00125 |-0.00557 | 0.00524 |-0.00755 | 1.00000 ||
	||------------------------------------------------------------------------------------------||

	||------------------------------------------------------------------------------------------||
	||                                    OUTPUT COVARIANCE                                     ||
	||------------------------------------------------------------------------------------------||
	||  1.00535 | 0.15931 | 0.24790 | 0.34962 | 0.25990 | 0.16671 | 0.00521 | 0.03642 | 0.11705 ||
	||  0.15931 | 0.99299 | 0.00234 | 0.00209 | 0.00250 | 0.00426 | 0.00419 | 0.00106 |-0.00124 ||
	||  0.24790 | 0.00234 | 0.99352 |-0.00300 |-0.00686 | 0.01200 |-0.00288 |-0.00050 |-0.00494 ||
	||  0.34962 | 0.00209 |-0.00300 | 0.99979 | 0.00032 |-0.00155 | 0.00218 |-0.00771 | 0.00110 ||
	||  0.25990 | 0.00250 |-0.00686 | 0.00032 | 1.00196 |-0.00388 | 0.00414 | 0.00066 | 0.00125 ||
	||  0.16671 | 0.00426 | 0.01200 |-0.00155 |-0.00388 | 1.00576 |-0.00586 | 0.00515 |-0.00558 ||
	||  0.00521 | 0.00419 |-0.00288 | 0.00218 | 0.00414 |-0.00586 | 0.99418 |-0.00944 | 0.00522 ||
	||  0.03642 | 0.00106 |-0.00050 |-0.00771 | 0.00066 | 0.00515 |-0.00944 | 0.99590 |-0.00753 ||
	||  0.11705 |-0.00124 |-0.00494 | 0.00110 | 0.00125 |-0.00558 | 0.00522 |-0.00753 | 0.99711 ||
	||------------------------------------------------------------------------------------------||


	|-----------------------------------------------------------------|
	|    Copyright (C) 2011-2018 (DRIP)
	|-----------------------------------------------------------------|
	|    Build Version  =&gt; 3.81.0 multi mode
	|    Build JVM (TM) =&gt; 1.8.0_112
	|    Build Snap     =&gt; Mon Nov 05 18:22:06 EST 2018
	|    Start Time     =&gt; Tue Nov 06 02:09:41 EST 2018
	|    Setup Time     =&gt; Tue Nov 06 02:09:41 EST 2018
	|    Setup Duration =&gt; 0 ms
	|-----------------------------------------------------------------|


	||-------------------------------------------||
	||                R^1 METRICS                ||
	||-------------------------------------------||
	||    L -&gt; R:                                ||
	||            - Mean                         ||
	||            - Error                        ||
	||            - Variance                     ||
	||            - Standard Deviation           ||
	||-------------------------------------------||
	||  0.00101 |  0.79896 |  1.00059 |  1.00029 ||
	|| -0.00313 |  0.79707 |  0.99618 |  0.99809 ||
	|| -0.00062 |  0.79708 |  0.99625 |  0.99812 ||
	||  0.00703 |  0.79845 |  1.00610 |  1.00304 ||
	||  0.00098 |  0.79620 |  0.99562 |  0.99781 ||
	||  0.00414 |  0.79600 |  0.99872 |  0.99936 ||
	||  0.00413 |  0.79854 |  1.00286 |  1.00143 ||
	||  0.01245 |  0.79626 |  0.99932 |  0.99966 ||
	||  0.00158 |  0.79882 |  1.00095 |  1.00047 ||
	||-------------------------------------------||

	||------------------------------------------------------------------------------------------||
	||                                     INPUT CORRELATION                                    ||
	||------------------------------------------------------------------------------------------||
	||  1.00000 | 0.16100 | 0.24500 | 0.35200 | 0.25900 | 0.16600 | 0.00300 | 0.03800 | 0.11400 ||
	||  0.16100 | 1.00000 | 0.00000 | 0.00000 | 0.00000 | 0.00000 | 0.00000 | 0.00000 | 0.00000 ||
	||  0.24500 | 0.00000 | 1.00000 | 0.00000 | 0.00000 | 0.00000 | 0.00000 | 0.00000 | 0.00000 ||
	||  0.35200 | 0.00000 | 0.00000 | 1.00000 | 0.00000 | 0.00000 | 0.00000 | 0.00000 | 0.00000 ||
	||  0.25900 | 0.00000 | 0.00000 | 0.00000 | 1.00000 | 0.00000 | 0.00000 | 0.00000 | 0.00000 ||
	||  0.16600 | 0.00000 | 0.00000 | 0.00000 | 0.00000 | 1.00000 | 0.00000 | 0.00000 | 0.00000 ||
	||  0.00300 | 0.00000 | 0.00000 | 0.00000 | 0.00000 | 0.00000 | 1.00000 | 0.00000 | 0.00000 ||
	||  0.03800 | 0.00000 | 0.00000 | 0.00000 | 0.00000 | 0.00000 | 0.00000 | 1.00000 | 0.00000 ||
	||  0.11400 | 0.00000 | 0.00000 | 0.00000 | 0.00000 | 0.00000 | 0.00000 | 0.00000 | 1.00000 ||
	||------------------------------------------------------------------------------------------||

	||------------------------------------------------------------------------------------------||
	||                                    OUTPUT CORRELATION                                    ||
	||------------------------------------------------------------------------------------------||
	||  1.00000 | 0.15600 | 0.25005 | 0.35683 | 0.26075 | 0.16322 | 0.01135 | 0.03601 | 0.11523 ||
	||  0.15600 | 1.00000 | 0.00106 |-0.00787 | 0.00361 | 0.00015 |-0.00093 | 0.00514 |-0.00026 ||
	||  0.25005 | 0.00106 | 1.00000 | 0.00401 | 0.00684 | 0.00220 | 0.00428 | 0.00803 |-0.00083 ||
	||  0.35683 |-0.00787 | 0.00401 | 1.00000 | 0.00584 | 0.00042 | 0.00336 | 0.00255 | 0.00667 ||
	||  0.26075 | 0.00361 | 0.00684 | 0.00584 | 1.00000 | 0.00241 |-0.00053 | 0.00481 | 0.00424 ||
	||  0.16322 | 0.00015 | 0.00220 | 0.00042 | 0.00241 | 1.00000 | 0.00254 |-0.00271 | 0.00188 ||
	||  0.01135 |-0.00093 | 0.00428 | 0.00336 |-0.00053 | 0.00254 | 1.00000 | 0.00978 | 0.00300 ||
	||  0.03601 | 0.00514 | 0.00803 | 0.00255 | 0.00481 |-0.00271 | 0.00978 | 1.00000 |-0.00388 ||
	||  0.11523 |-0.00026 |-0.00083 | 0.00667 | 0.00424 | 0.00188 | 0.00300 |-0.00388 | 1.00000 ||
	||------------------------------------------------------------------------------------------||

	||------------------------------------------------------------------------------------------||
	||                                    OUTPUT COVARIANCE                                     ||
	||------------------------------------------------------------------------------------------||
	||  1.00059 | 0.15575 | 0.24965 | 0.35802 | 0.26026 | 0.16316 | 0.01137 | 0.03601 | 0.11532 ||
	||  0.15575 | 0.99618 | 0.00106 |-0.00788 | 0.00359 | 0.00015 |-0.00093 | 0.00513 |-0.00026 ||
	||  0.24965 | 0.00106 | 0.99625 | 0.00401 | 0.00681 | 0.00220 | 0.00428 | 0.00801 |-0.00083 ||
	||  0.35802 |-0.00788 | 0.00401 | 1.00610 | 0.00585 | 0.00042 | 0.00338 | 0.00256 | 0.00669 ||
	||  0.26026 | 0.00359 | 0.00681 | 0.00585 | 0.99562 | 0.00240 |-0.00053 | 0.00479 | 0.00423 ||
	||  0.16316 | 0.00015 | 0.00220 | 0.00042 | 0.00240 | 0.99872 | 0.00254 |-0.00271 | 0.00188 ||
	||  0.01137 |-0.00093 | 0.00428 | 0.00338 |-0.00053 | 0.00254 | 1.00286 | 0.00979 | 0.00300 ||
	||  0.03601 | 0.00513 | 0.00801 | 0.00256 | 0.00479 |-0.00271 | 0.00979 | 0.99932 |-0.00388 ||
	||  0.11532 |-0.00026 |-0.00083 | 0.00669 | 0.00423 | 0.00188 | 0.00300 |-0.00388 | 1.00095 ||
	||------------------------------------------------------------------------------------------||


	|-----------------------------------------------------------------|
	|    Copyright (C) 2011-2018 (DRIP)
	|-----------------------------------------------------------------|
	|    Build Version  =&gt; 3.81.0 multi mode
	|    Build JVM (TM) =&gt; 1.8.0_112
	|    Build Snap     =&gt; Mon Nov 05 18:22:06 EST 2018
	|    Start Time     =&gt; Tue Nov 06 02:09:43 EST 2018
	|    Setup Time     =&gt; Tue Nov 06 02:09:43 EST 2018
	|    Setup Duration =&gt; 0 ms
	|-----------------------------------------------------------------|


	||-------------------------------------------||
	||                R^1 METRICS                ||
	||-------------------------------------------||
	||    L -&gt; R:                                ||
	||            - Mean                         ||
	||            - Error                        ||
	||            - Variance                     ||
	||            - Standard Deviation           ||
	||-------------------------------------------||
	|| -0.00061 |  0.79975 |  1.00000 |  1.00000 ||
	||  0.00228 |  0.80082 |  0.99999 |  1.00000 ||
	||  0.00345 |  0.79696 |  0.99999 |  0.99999 ||
	||  0.00073 |  0.79897 |  1.00000 |  1.00000 ||
	||  0.00267 |  0.79945 |  0.99999 |  1.00000 ||
	|| -0.00618 |  0.79786 |  0.99996 |  0.99998 ||
	||  0.00355 |  0.79871 |  0.99999 |  0.99999 ||
	||  0.00140 |  0.79745 |  1.00000 |  1.00000 ||
	|| -0.00472 |  0.79840 |  0.99998 |  0.99999 ||
	||-------------------------------------------||

	||------------------------------------------------------------------------------------------||
	||                                     INPUT CORRELATION                                    ||
	||------------------------------------------------------------------------------------------||
	||  1.00000 | 0.16100 | 0.24500 | 0.35200 | 0.25900 | 0.16600 | 0.00300 | 0.03800 | 0.11400 ||
	||  0.16100 | 1.00000 | 0.00000 | 0.00000 | 0.00000 | 0.00000 | 0.00000 | 0.00000 | 0.00000 ||
	||  0.24500 | 0.00000 | 1.00000 | 0.00000 | 0.00000 | 0.00000 | 0.00000 | 0.00000 | 0.00000 ||
	||  0.35200 | 0.00000 | 0.00000 | 1.00000 | 0.00000 | 0.00000 | 0.00000 | 0.00000 | 0.00000 ||
	||  0.25900 | 0.00000 | 0.00000 | 0.00000 | 1.00000 | 0.00000 | 0.00000 | 0.00000 | 0.00000 ||
	||  0.16600 | 0.00000 | 0.00000 | 0.00000 | 0.00000 | 1.00000 | 0.00000 | 0.00000 | 0.00000 ||
	||  0.00300 | 0.00000 | 0.00000 | 0.00000 | 0.00000 | 0.00000 | 1.00000 | 0.00000 | 0.00000 ||
	||  0.03800 | 0.00000 | 0.00000 | 0.00000 | 0.00000 | 0.00000 | 0.00000 | 1.00000 | 0.00000 ||
	||  0.11400 | 0.00000 | 0.00000 | 0.00000 | 0.00000 | 0.00000 | 0.00000 | 0.00000 | 1.00000 ||
	||------------------------------------------------------------------------------------------||

	||------------------------------------------------------------------------------------------||
	||                                    OUTPUT CORRELATION                                    ||
	||------------------------------------------------------------------------------------------||
	||  1.00000 | 0.16018 | 0.23706 | 0.34714 | 0.26062 | 0.16835 | 0.00187 | 0.04818 | 0.11242 ||
	||  0.16018 | 1.00000 |-0.01150 |-0.00291 | 0.00305 | 0.00515 |-0.00112 | 0.00589 |-0.00135 ||
	||  0.23706 |-0.01150 | 1.00000 |-0.00448 |-0.00288 |-0.00009 |-0.00503 | 0.00131 |-0.00992 ||
	||  0.34714 |-0.00291 |-0.00448 | 1.00000 | 0.00432 | 0.00488 |-0.00621 | 0.00158 |-0.00337 ||
	||  0.26062 | 0.00305 |-0.00288 | 0.00432 | 1.00000 |-0.00101 |-0.00365 |-0.00058 |-0.00042 ||
	||  0.16835 | 0.00515 |-0.00009 | 0.00488 |-0.00101 | 1.00000 |-0.00287 | 0.00292 | 0.00050 ||
	||  0.00187 |-0.00112 |-0.00503 |-0.00621 |-0.00365 |-0.00287 | 1.00000 | 0.00415 |-0.00699 ||
	||  0.04818 | 0.00589 | 0.00131 | 0.00158 |-0.00058 | 0.00292 | 0.00415 | 1.00000 | 0.00443 ||
	||  0.11242 |-0.00135 |-0.00992 |-0.00337 |-0.00042 | 0.00050 |-0.00699 | 0.00443 | 1.00000 ||
	||------------------------------------------------------------------------------------------||

	||------------------------------------------------------------------------------------------||
	||                                    OUTPUT COVARIANCE                                     ||
	||------------------------------------------------------------------------------------------||
	||  1.00000 | 0.16018 | 0.23706 | 0.34714 | 0.26062 | 0.16835 | 0.00187 | 0.04818 | 0.11242 ||
	||  0.16018 | 0.99999 |-0.01150 |-0.00291 | 0.00305 | 0.00515 |-0.00111 | 0.00589 |-0.00135 ||
	||  0.23706 |-0.01150 | 0.99999 |-0.00448 |-0.00288 |-0.00009 |-0.00503 | 0.00131 |-0.00992 ||
	||  0.34714 |-0.00291 |-0.00448 | 1.00000 | 0.00432 | 0.00488 |-0.00621 | 0.00158 |-0.00337 ||
	||  0.26062 | 0.00305 |-0.00288 | 0.00432 | 0.99999 |-0.00101 |-0.00365 |-0.00058 |-0.00042 ||
	||  0.16835 | 0.00515 |-0.00009 | 0.00488 |-0.00101 | 0.99996 |-0.00287 | 0.00292 | 0.00050 ||
	||  0.00187 |-0.00111 |-0.00503 |-0.00621 |-0.00365 |-0.00287 | 0.99999 | 0.00415 |-0.00699 ||
	||  0.04818 | 0.00589 | 0.00131 | 0.00158 |-0.00058 | 0.00292 | 0.00415 | 1.00000 | 0.00443 ||
	||  0.11242 |-0.00135 |-0.00992 |-0.00337 |-0.00042 | 0.00050 |-0.00699 | 0.00443 | 0.99998 ||
	||------------------------------------------------------------------------------------------||


	|-----------------------------------------------------------------|
	|    Copyright (C) 2011-2018 (DRIP)
	|-----------------------------------------------------------------|
	|    Build Version  =&gt; 3.81.0 multi mode
	|    Build JVM (TM) =&gt; 1.8.0_112
	|    Build Snap     =&gt; Mon Nov 05 18:22:06 EST 2018
	|    Start Time     =&gt; Tue Nov 06 02:09:46 EST 2018
	|    Setup Time     =&gt; Tue Nov 06 02:09:46 EST 2018
	|    Setup Duration =&gt; 0 ms
	|-----------------------------------------------------------------|


	||-------------------------------------------||
	||                R^1 METRICS                ||
	||-------------------------------------------||
	||    L -&gt; R:                                ||
	||            - Mean                         ||
	||            - Error                        ||
	||            - Variance                     ||
	||            - Standard Deviation           ||
	||-------------------------------------------||
	||  0.00252 |  0.79866 |  0.99997 |  0.99999 ||
	||  0.00209 |  0.79840 |  0.99998 |  0.99999 ||
	||  0.00030 |  0.79751 |  0.99998 |  0.99999 ||
	||  0.00707 |  0.79611 |  0.99993 |  0.99997 ||
	||  0.00183 |  0.79863 |  0.99998 |  0.99999 ||
	|| -0.00493 |  0.79834 |  0.99996 |  0.99998 ||
	|| -0.00228 |  0.80046 |  0.99997 |  0.99999 ||
	|| -0.00510 |  0.79695 |  0.99995 |  0.99998 ||
	|| -0.00136 |  0.79627 |  0.99998 |  0.99999 ||
	||-------------------------------------------||

	||------------------------------------------------------------------------------------------||
	||                                     INPUT CORRELATION                                    ||
	||------------------------------------------------------------------------------------------||
	||  1.00000 | 0.16100 | 0.24500 | 0.35200 | 0.25900 | 0.16600 | 0.00300 | 0.03800 | 0.11400 ||
	||  0.16100 | 1.00000 | 0.00000 | 0.00000 | 0.00000 | 0.00000 | 0.00000 | 0.00000 | 0.00000 ||
	||  0.24500 | 0.00000 | 1.00000 | 0.00000 | 0.00000 | 0.00000 | 0.00000 | 0.00000 | 0.00000 ||
	||  0.35200 | 0.00000 | 0.00000 | 1.00000 | 0.00000 | 0.00000 | 0.00000 | 0.00000 | 0.00000 ||
	||  0.25900 | 0.00000 | 0.00000 | 0.00000 | 1.00000 | 0.00000 | 0.00000 | 0.00000 | 0.00000 ||
	||  0.16600 | 0.00000 | 0.00000 | 0.00000 | 0.00000 | 1.00000 | 0.00000 | 0.00000 | 0.00000 ||
	||  0.00300 | 0.00000 | 0.00000 | 0.00000 | 0.00000 | 0.00000 | 1.00000 | 0.00000 | 0.00000 ||
	||  0.03800 | 0.00000 | 0.00000 | 0.00000 | 0.00000 | 0.00000 | 0.00000 | 1.00000 | 0.00000 ||
	||  0.11400 | 0.00000 | 0.00000 | 0.00000 | 0.00000 | 0.00000 | 0.00000 | 0.00000 | 1.00000 ||
	||------------------------------------------------------------------------------------------||

	||------------------------------------------------------------------------------------------||
	||                                    OUTPUT CORRELATION                                    ||
	||------------------------------------------------------------------------------------------||
	||  1.00000 | 0.16295 | 0.24277 | 0.35048 | 0.25957 | 0.17173 |-0.00328 | 0.03274 | 0.11251 ||
	||  0.16295 | 1.00000 |-0.00689 | 0.00261 | 0.00585 | 0.00075 | 0.00429 | 0.00475 | 0.00139 ||
	||  0.24277 |-0.00689 | 1.00000 |-0.00110 | 0.00308 | 0.00692 |-0.00179 |-0.00235 |-0.01039 ||
	||  0.35048 | 0.00261 |-0.00110 | 1.00000 | 0.00025 |-0.00076 | 0.00250 |-0.00056 | 0.00071 ||
	||  0.25957 | 0.00585 | 0.00308 | 0.00025 | 1.00000 |-0.00237 |-0.00462 | 0.00305 | 0.00377 ||
	||  0.17173 | 0.00075 | 0.00692 |-0.00076 |-0.00237 | 1.00000 |-0.00123 |-0.00962 | 0.00656 ||
	|| -0.00328 | 0.00429 |-0.00179 | 0.00250 |-0.00462 |-0.00123 | 1.00000 | 0.00332 | 0.00273 ||
	||  0.03274 | 0.00475 |-0.00235 |-0.00056 | 0.00305 |-0.00962 | 0.00332 | 1.00000 |-0.00267 ||
	||  0.11251 | 0.00139 |-0.01039 | 0.00071 | 0.00377 | 0.00656 | 0.00273 |-0.00267 | 1.00000 ||
	||------------------------------------------------------------------------------------------||

	||------------------------------------------------------------------------------------------||
	||                                    OUTPUT COVARIANCE                                     ||
	||------------------------------------------------------------------------------------------||
	||  0.99997 | 0.16294 | 0.24276 | 0.35047 | 0.25957 | 0.17172 |-0.00328 | 0.03274 | 0.11251 ||
	||  0.16294 | 0.99998 |-0.00689 | 0.00261 | 0.00585 | 0.00075 | 0.00429 | 0.00475 | 0.00139 ||
	||  0.24276 |-0.00689 | 0.99998 |-0.00110 | 0.00308 | 0.00692 |-0.00179 |-0.00235 |-0.01039 ||
	||  0.35047 | 0.00261 |-0.00110 | 0.99993 | 0.00025 |-0.00076 | 0.00250 |-0.00056 | 0.00071 ||
	||  0.25957 | 0.00585 | 0.00308 | 0.00025 | 0.99998 |-0.00237 |-0.00462 | 0.00305 | 0.00377 ||
	||  0.17172 | 0.00075 | 0.00692 |-0.00076 |-0.00237 | 0.99996 |-0.00123 |-0.00962 | 0.00656 ||
	|| -0.00328 | 0.00429 |-0.00179 | 0.00250 |-0.00462 |-0.00123 | 0.99997 | 0.00332 | 0.00273 ||
	||  0.03274 | 0.00475 |-0.00235 |-0.00056 | 0.00305 |-0.00962 | 0.00332 | 0.99995 |-0.00267 ||
	||  0.11251 | 0.00139 |-0.01039 | 0.00071 | 0.00377 | 0.00656 | 0.00273 |-0.00267 | 0.99998 ||
	||------------------------------------------------------------------------------------------||

</pre>
</span>
</div>
</div>
<div id="footer">
<p>
<div>
<label class="hidden" id="label-for-line-wrapping-toggle" for="line-wrapping-toggle">Wrap lines
<input id="line-wrapping-toggle" type="checkbox" autocomplete="off"/>
</label>
</div>Generated by 
<a href="http://www.gradle.org">Gradle 3.5</a> at Nov 6, 2018 2:36:19 AM</p>
</div>
</div>
</body>
</html>
