<!DOCTYPE html>
<html>
<head>
<meta http-equiv="Content-Type" content="text/html; charset=utf-8"/>
<meta http-equiv="x-ua-compatible" content="IE=edge"/>
<title>Test results - Class org.drip.coverage.sequence.Statistics</title>
<link href="../css/base-style.css" rel="stylesheet" type="text/css"/>
<link href="../css/style.css" rel="stylesheet" type="text/css"/>
<script src="../js/report.js" type="text/javascript"></script>
</head>
<body>
<div id="content">
<h1>Class org.drip.coverage.sequence.Statistics</h1>
<div class="breadcrumbs">
<a href="../index.html">all</a> &gt; 
<a href="../packages/org.drip.coverage.sequence.html">org.drip.coverage.sequence</a> &gt; Statistics</div>
<div id="summary">
<table>
<tr>
<td>
<div class="summaryGroup">
<table>
<tr>
<td>
<div class="infoBox" id="tests">
<div class="counter">1</div>
<p>tests</p>
</div>
</td>
<td>
<div class="infoBox" id="failures">
<div class="counter">0</div>
<p>failures</p>
</div>
</td>
<td>
<div class="infoBox" id="ignored">
<div class="counter">0</div>
<p>ignored</p>
</div>
</td>
<td>
<div class="infoBox" id="duration">
<div class="counter">9.623s</div>
<p>duration</p>
</div>
</td>
</tr>
</table>
</div>
</td>
<td>
<div class="infoBox success" id="successRate">
<div class="percent">100%</div>
<p>successful</p>
</div>
</td>
</tr>
</table>
</div>
<div id="tabs">
<ul class="tabLinks">
<li>
<a href="#tab0">Tests</a>
</li>
<li>
<a href="#tab1">Standard output</a>
</li>
</ul>
<div id="tab0" class="tab">
<h2>Tests</h2>
<table>
<thead>
<tr>
<th>Test</th>
<th>Duration</th>
<th>Result</th>
</tr>
</thead>
<tr>
<td class="success">codeCoverageTest</td>
<td>9.623s</td>
<td class="success">passed</td>
</tr>
</table>
</div>
<div id="tab1" class="tab">
<h2>Standard output</h2>
<span class="code">
<pre>
	|-----------------------------------------------------------------|
	|    Copyright (C) 2011-2020 (DRIP, DROP)
	|-----------------------------------------------------------------|
	|    Build Version  =&gt; 4.61.0 multi mode
	|    Build JVM (TM) =&gt; 1.8.0_112
	|    Build Snap     =&gt; Fri Jan 10 20:48:19 EST 2019
	|    Start Time     =&gt; Fri Jan 10 22:33:19 EST 2020
	|    Setup Time     =&gt; Fri Jan 10 22:33:19 EST 2020
	|    Setup Duration =&gt; 1 ms
	|-----------------------------------------------------------------|


	||-------------------------------------------||
	||                R^1 METRICS                ||
	||-------------------------------------------||
	||    L -&gt; R:                                ||
	||            - Mean                         ||
	||            - Error                        ||
	||            - Variance                     ||
	||            - Standard Deviation           ||
	||-------------------------------------------||
	||  0.00211 |  0.79885 |  1.00100 |  1.00050 ||
	|| -0.00158 |  0.80618 |  1.01946 |  1.00968 ||
	|| -0.00295 |  0.80476 |  1.01668 |  1.00830 ||
	|| -0.00500 |  0.79455 |  0.99119 |  0.99558 ||
	||  0.00781 |  0.79899 |  1.00356 |  1.00178 ||
	|| -0.00176 |  0.79726 |  1.00042 |  1.00021 ||
	||  0.00265 |  0.80160 |  1.01064 |  1.00530 ||
	|| -0.00573 |  0.79613 |  0.99460 |  0.99730 ||
	||  0.00922 |  0.80032 |  1.00300 |  1.00150 ||
	||-------------------------------------------||

	||------------------------------------------------------------------------------------------||
	||                                     INPUT CORRELATION                                    ||
	||------------------------------------------------------------------------------------------||
	||  1.00000 | 0.16100 | 0.24500 | 0.35200 | 0.25900 | 0.16600 | 0.00300 | 0.03800 | 0.11400 ||
	||  0.16100 | 1.00000 | 0.00000 | 0.00000 | 0.00000 | 0.00000 | 0.00000 | 0.00000 | 0.00000 ||
	||  0.24500 | 0.00000 | 1.00000 | 0.00000 | 0.00000 | 0.00000 | 0.00000 | 0.00000 | 0.00000 ||
	||  0.35200 | 0.00000 | 0.00000 | 1.00000 | 0.00000 | 0.00000 | 0.00000 | 0.00000 | 0.00000 ||
	||  0.25900 | 0.00000 | 0.00000 | 0.00000 | 1.00000 | 0.00000 | 0.00000 | 0.00000 | 0.00000 ||
	||  0.16600 | 0.00000 | 0.00000 | 0.00000 | 0.00000 | 1.00000 | 0.00000 | 0.00000 | 0.00000 ||
	||  0.00300 | 0.00000 | 0.00000 | 0.00000 | 0.00000 | 0.00000 | 1.00000 | 0.00000 | 0.00000 ||
	||  0.03800 | 0.00000 | 0.00000 | 0.00000 | 0.00000 | 0.00000 | 0.00000 | 1.00000 | 0.00000 ||
	||  0.11400 | 0.00000 | 0.00000 | 0.00000 | 0.00000 | 0.00000 | 0.00000 | 0.00000 | 1.00000 ||
	||------------------------------------------------------------------------------------------||

	||------------------------------------------------------------------------------------------||
	||                                    OUTPUT CORRELATION                                    ||
	||------------------------------------------------------------------------------------------||
	||  1.00000 | 0.15781 | 0.24335 | 0.35667 | 0.25858 | 0.16339 | 0.00692 | 0.03067 | 0.11989 ||
	||  0.15781 | 1.00000 |-0.00560 | 0.00136 | 0.00119 | 0.00254 | 0.00290 | 0.00499 | 0.00051 ||
	||  0.24335 |-0.00560 | 1.00000 | 0.00883 | 0.00067 |-0.00020 |-0.00151 |-0.00192 |-0.00359 ||
	||  0.35667 | 0.00136 | 0.00883 | 1.00000 |-0.00581 |-0.00049 |-0.01056 |-0.00210 | 0.00147 ||
	||  0.25858 | 0.00119 | 0.00067 |-0.00581 | 1.00000 |-0.00701 | 0.00777 |-0.00052 | 0.00388 ||
	||  0.16339 | 0.00254 |-0.00020 |-0.00049 |-0.00701 | 1.00000 |-0.00089 |-0.00642 | 0.00354 ||
	||  0.00692 | 0.00290 |-0.00151 |-0.01056 | 0.00777 |-0.00089 | 1.00000 | 0.00387 |-0.00392 ||
	||  0.03067 | 0.00499 |-0.00192 |-0.00210 |-0.00052 |-0.00642 | 0.00387 | 1.00000 | 0.00276 ||
	||  0.11989 | 0.00051 |-0.00359 | 0.00147 | 0.00388 | 0.00354 |-0.00392 | 0.00276 | 1.00000 ||
	||------------------------------------------------------------------------------------------||

	||------------------------------------------------------------------------------------------||
	||                                    OUTPUT COVARIANCE                                     ||
	||------------------------------------------------------------------------------------------||
	||  1.00100 | 0.15942 | 0.24549 | 0.35527 | 0.25917 | 0.16350 | 0.00696 | 0.03060 | 0.12013 ||
	||  0.15942 | 1.01946 |-0.00570 | 0.00137 | 0.00121 | 0.00256 | 0.00294 | 0.00502 | 0.00051 ||
	||  0.24549 |-0.00570 | 1.01668 | 0.00887 | 0.00067 |-0.00020 |-0.00153 |-0.00193 |-0.00363 ||
	||  0.35527 | 0.00137 | 0.00887 | 0.99119 |-0.00580 |-0.00049 |-0.01057 |-0.00209 | 0.00146 ||
	||  0.25917 | 0.00121 | 0.00067 |-0.00580 | 1.00356 |-0.00702 | 0.00782 |-0.00052 | 0.00389 ||
	||  0.16350 | 0.00256 |-0.00020 |-0.00049 |-0.00702 | 1.00042 |-0.00090 |-0.00640 | 0.00354 ||
	||  0.00696 | 0.00294 |-0.00153 |-0.01057 | 0.00782 |-0.00090 | 1.01064 | 0.00388 |-0.00395 ||
	||  0.03060 | 0.00502 |-0.00193 |-0.00209 |-0.00052 |-0.00640 | 0.00388 | 0.99460 | 0.00276 ||
	||  0.12013 | 0.00051 |-0.00363 | 0.00146 | 0.00389 | 0.00354 |-0.00395 | 0.00276 | 1.00300 ||
	||------------------------------------------------------------------------------------------||


	|-----------------------------------------------------------------|
	|    Copyright (C) 2011-2020 (DRIP, DROP)
	|-----------------------------------------------------------------|
	|    Build Version  =&gt; 4.61.0 multi mode
	|    Build JVM (TM) =&gt; 1.8.0_112
	|    Build Snap     =&gt; Fri Jan 10 20:48:19 EST 2019
	|    Start Time     =&gt; Fri Jan 10 22:33:21 EST 2020
	|    Setup Time     =&gt; Fri Jan 10 22:33:21 EST 2020
	|    Setup Duration =&gt; 0 ms
	|-----------------------------------------------------------------|


	||-------------------------------------------||
	||                R^1 METRICS                ||
	||-------------------------------------------||
	||    L -&gt; R:                                ||
	||            - Mean                         ||
	||            - Error                        ||
	||            - Variance                     ||
	||            - Standard Deviation           ||
	||-------------------------------------------||
	|| -0.00244 |  0.80038 |  1.00478 |  1.00239 ||
	|| -0.00099 |  0.79464 |  0.99428 |  0.99714 ||
	|| -0.00290 |  0.80284 |  1.01232 |  1.00614 ||
	||  0.00072 |  0.80105 |  1.00826 |  1.00412 ||
	|| -0.00062 |  0.79726 |  1.00206 |  1.00103 ||
	||  0.00171 |  0.80025 |  1.00410 |  1.00205 ||
	|| -0.00094 |  0.80040 |  1.00593 |  1.00296 ||
	||  0.00743 |  0.80156 |  1.00948 |  1.00473 ||
	|| -0.00505 |  0.79746 |  0.99847 |  0.99923 ||
	||-------------------------------------------||

	||------------------------------------------------------------------------------------------||
	||                                     INPUT CORRELATION                                    ||
	||------------------------------------------------------------------------------------------||
	||  1.00000 | 0.16100 | 0.24500 | 0.35200 | 0.25900 | 0.16600 | 0.00300 | 0.03800 | 0.11400 ||
	||  0.16100 | 1.00000 | 0.00000 | 0.00000 | 0.00000 | 0.00000 | 0.00000 | 0.00000 | 0.00000 ||
	||  0.24500 | 0.00000 | 1.00000 | 0.00000 | 0.00000 | 0.00000 | 0.00000 | 0.00000 | 0.00000 ||
	||  0.35200 | 0.00000 | 0.00000 | 1.00000 | 0.00000 | 0.00000 | 0.00000 | 0.00000 | 0.00000 ||
	||  0.25900 | 0.00000 | 0.00000 | 0.00000 | 1.00000 | 0.00000 | 0.00000 | 0.00000 | 0.00000 ||
	||  0.16600 | 0.00000 | 0.00000 | 0.00000 | 0.00000 | 1.00000 | 0.00000 | 0.00000 | 0.00000 ||
	||  0.00300 | 0.00000 | 0.00000 | 0.00000 | 0.00000 | 0.00000 | 1.00000 | 0.00000 | 0.00000 ||
	||  0.03800 | 0.00000 | 0.00000 | 0.00000 | 0.00000 | 0.00000 | 0.00000 | 1.00000 | 0.00000 ||
	||  0.11400 | 0.00000 | 0.00000 | 0.00000 | 0.00000 | 0.00000 | 0.00000 | 0.00000 | 1.00000 ||
	||------------------------------------------------------------------------------------------||

	||------------------------------------------------------------------------------------------||
	||                                    OUTPUT CORRELATION                                    ||
	||------------------------------------------------------------------------------------------||
	||  1.00000 | 0.16338 | 0.24559 | 0.34921 | 0.25486 | 0.16936 | 0.00594 | 0.04332 | 0.12091 ||
	||  0.16338 | 1.00000 |-0.00226 | 0.00026 | 0.00329 | 0.00087 |-0.00094 |-0.00076 |-0.00146 ||
	||  0.24559 |-0.00226 | 1.00000 |-0.00071 |-0.00104 | 0.00089 | 0.00026 | 0.00531 | 0.00314 ||
	||  0.34921 | 0.00026 |-0.00071 | 1.00000 | 0.00295 |-0.00130 | 0.00385 |-0.00208 | 0.00574 ||
	||  0.25486 | 0.00329 |-0.00104 | 0.00295 | 1.00000 |-0.00565 | 0.00135 |-0.00103 | 0.00449 ||
	||  0.16936 | 0.00087 | 0.00089 |-0.00130 |-0.00565 | 1.00000 |-0.00222 | 0.00404 | 0.00278 ||
	||  0.00594 |-0.00094 | 0.00026 | 0.00385 | 0.00135 |-0.00222 | 1.00000 | 0.00055 |-0.00956 ||
	||  0.04332 |-0.00076 | 0.00531 |-0.00208 |-0.00103 | 0.00404 | 0.00055 | 1.00000 | 0.00294 ||
	||  0.12091 |-0.00146 | 0.00314 | 0.00574 | 0.00449 | 0.00278 |-0.00956 | 0.00294 | 1.00000 ||
	||------------------------------------------------------------------------------------------||

	||------------------------------------------------------------------------------------------||
	||                                    OUTPUT COVARIANCE                                     ||
	||------------------------------------------------------------------------------------------||
	||  1.00478 | 0.16330 | 0.24769 | 0.35149 | 0.25573 | 0.17012 | 0.00597 | 0.04363 | 0.12110 ||
	||  0.16330 | 0.99428 |-0.00227 | 0.00026 | 0.00328 | 0.00087 |-0.00094 |-0.00076 |-0.00146 ||
	||  0.24769 |-0.00227 | 1.01232 |-0.00071 |-0.00105 | 0.00090 | 0.00027 | 0.00537 | 0.00316 ||
	||  0.35149 | 0.00026 |-0.00071 | 1.00826 | 0.00296 |-0.00131 | 0.00387 |-0.00209 | 0.00575 ||
	||  0.25573 | 0.00328 |-0.00105 | 0.00296 | 1.00206 |-0.00566 | 0.00136 |-0.00103 | 0.00449 ||
	||  0.17012 | 0.00087 | 0.00090 |-0.00131 |-0.00566 | 1.00410 |-0.00224 | 0.00407 | 0.00278 ||
	||  0.00597 |-0.00094 | 0.00027 | 0.00387 | 0.00136 |-0.00224 | 1.00593 | 0.00056 |-0.00958 ||
	||  0.04363 |-0.00076 | 0.00537 |-0.00209 |-0.00103 | 0.00407 | 0.00056 | 1.00948 | 0.00295 ||
	||  0.12110 |-0.00146 | 0.00316 | 0.00575 | 0.00449 | 0.00278 |-0.00958 | 0.00295 | 0.99847 ||
	||------------------------------------------------------------------------------------------||


	|-----------------------------------------------------------------|
	|    Copyright (C) 2011-2020 (DRIP, DROP)
	|-----------------------------------------------------------------|
	|    Build Version  =&gt; 4.61.0 multi mode
	|    Build JVM (TM) =&gt; 1.8.0_112
	|    Build Snap     =&gt; Fri Jan 10 20:48:19 EST 2019
	|    Start Time     =&gt; Fri Jan 10 22:33:23 EST 2020
	|    Setup Time     =&gt; Fri Jan 10 22:33:23 EST 2020
	|    Setup Duration =&gt; 0 ms
	|-----------------------------------------------------------------|


	||-------------------------------------------||
	||                R^1 METRICS                ||
	||-------------------------------------------||
	||    L -&gt; R:                                ||
	||            - Mean                         ||
	||            - Error                        ||
	||            - Variance                     ||
	||            - Standard Deviation           ||
	||-------------------------------------------||
	|| -0.00271 |  0.79776 |  0.99999 |  1.00000 ||
	|| -0.01078 |  0.79851 |  0.99988 |  0.99994 ||
	||  0.00771 |  0.79831 |  0.99994 |  0.99997 ||
	||  0.00212 |  0.79749 |  1.00000 |  1.00000 ||
	||  0.00056 |  0.79694 |  1.00000 |  1.00000 ||
	|| -0.00434 |  0.79686 |  0.99998 |  0.99999 ||
	||  0.00302 |  0.79916 |  0.99999 |  1.00000 ||
	||  0.00027 |  0.79831 |  1.00000 |  1.00000 ||
	|| -0.00517 |  0.79813 |  0.99997 |  0.99999 ||
	||-------------------------------------------||

	||------------------------------------------------------------------------------------------||
	||                                     INPUT CORRELATION                                    ||
	||------------------------------------------------------------------------------------------||
	||  1.00000 | 0.16100 | 0.24500 | 0.35200 | 0.25900 | 0.16600 | 0.00300 | 0.03800 | 0.11400 ||
	||  0.16100 | 1.00000 | 0.00000 | 0.00000 | 0.00000 | 0.00000 | 0.00000 | 0.00000 | 0.00000 ||
	||  0.24500 | 0.00000 | 1.00000 | 0.00000 | 0.00000 | 0.00000 | 0.00000 | 0.00000 | 0.00000 ||
	||  0.35200 | 0.00000 | 0.00000 | 1.00000 | 0.00000 | 0.00000 | 0.00000 | 0.00000 | 0.00000 ||
	||  0.25900 | 0.00000 | 0.00000 | 0.00000 | 1.00000 | 0.00000 | 0.00000 | 0.00000 | 0.00000 ||
	||  0.16600 | 0.00000 | 0.00000 | 0.00000 | 0.00000 | 1.00000 | 0.00000 | 0.00000 | 0.00000 ||
	||  0.00300 | 0.00000 | 0.00000 | 0.00000 | 0.00000 | 0.00000 | 1.00000 | 0.00000 | 0.00000 ||
	||  0.03800 | 0.00000 | 0.00000 | 0.00000 | 0.00000 | 0.00000 | 0.00000 | 1.00000 | 0.00000 ||
	||  0.11400 | 0.00000 | 0.00000 | 0.00000 | 0.00000 | 0.00000 | 0.00000 | 0.00000 | 1.00000 ||
	||------------------------------------------------------------------------------------------||

	||------------------------------------------------------------------------------------------||
	||                                    OUTPUT CORRELATION                                    ||
	||------------------------------------------------------------------------------------------||
	||  1.00000 | 0.15745 | 0.24222 | 0.34202 | 0.25486 | 0.16578 |-0.00209 | 0.03321 | 0.11922 ||
	||  0.15745 | 1.00000 |-0.00629 | 0.00155 |-0.01012 | 0.00566 |-0.00287 | 0.00528 | 0.00232 ||
	||  0.24222 |-0.00629 | 1.00000 | 0.00218 |-0.00587 | 0.00523 |-0.00024 | 0.00397 |-0.00151 ||
	||  0.34202 | 0.00155 | 0.00218 | 1.00000 |-0.01184 |-0.00457 |-0.00094 |-0.01188 |-0.00749 ||
	||  0.25486 |-0.01012 |-0.00587 |-0.01184 | 1.00000 | 0.00252 |-0.00115 |-0.00035 | 0.00341 ||
	||  0.16578 | 0.00566 | 0.00523 |-0.00457 | 0.00252 | 1.00000 |-0.00355 | 0.00507 | 0.00598 ||
	|| -0.00209 |-0.00287 |-0.00024 |-0.00094 |-0.00115 |-0.00355 | 1.00000 | 0.00166 | 0.00451 ||
	||  0.03321 | 0.00528 | 0.00397 |-0.01188 |-0.00035 | 0.00507 | 0.00166 | 1.00000 |-0.00277 ||
	||  0.11922 | 0.00232 |-0.00151 |-0.00749 | 0.00341 | 0.00598 | 0.00451 |-0.00277 | 1.00000 ||
	||------------------------------------------------------------------------------------------||

	||------------------------------------------------------------------------------------------||
	||                                    OUTPUT COVARIANCE                                     ||
	||------------------------------------------------------------------------------------------||
	||  0.99999 | 0.15744 | 0.24221 | 0.34202 | 0.25486 | 0.16578 |-0.00209 | 0.03321 | 0.11922 ||
	||  0.15744 | 0.99988 |-0.00629 | 0.00155 |-0.01012 | 0.00566 |-0.00287 | 0.00528 | 0.00232 ||
	||  0.24221 |-0.00629 | 0.99994 | 0.00218 |-0.00587 | 0.00523 |-0.00024 | 0.00397 |-0.00151 ||
	||  0.34202 | 0.00155 | 0.00218 | 1.00000 |-0.01184 |-0.00457 |-0.00094 |-0.01188 |-0.00749 ||
	||  0.25486 |-0.01012 |-0.00587 |-0.01184 | 1.00000 | 0.00252 |-0.00115 |-0.00035 | 0.00341 ||
	||  0.16578 | 0.00566 | 0.00523 |-0.00457 | 0.00252 | 0.99998 |-0.00355 | 0.00507 | 0.00598 ||
	|| -0.00209 |-0.00287 |-0.00024 |-0.00094 |-0.00115 |-0.00355 | 0.99999 | 0.00166 | 0.00451 ||
	||  0.03321 | 0.00528 | 0.00397 |-0.01188 |-0.00035 | 0.00507 | 0.00166 | 1.00000 |-0.00277 ||
	||  0.11922 | 0.00232 |-0.00151 |-0.00749 | 0.00341 | 0.00598 | 0.00451 |-0.00277 | 0.99997 ||
	||------------------------------------------------------------------------------------------||


	|-----------------------------------------------------------------|
	|    Copyright (C) 2011-2020 (DRIP, DROP)
	|-----------------------------------------------------------------|
	|    Build Version  =&gt; 4.61.0 multi mode
	|    Build JVM (TM) =&gt; 1.8.0_112
	|    Build Snap     =&gt; Fri Jan 10 20:48:19 EST 2019
	|    Start Time     =&gt; Fri Jan 10 22:33:26 EST 2020
	|    Setup Time     =&gt; Fri Jan 10 22:33:26 EST 2020
	|    Setup Duration =&gt; 1 ms
	|-----------------------------------------------------------------|


	||-------------------------------------------||
	||                R^1 METRICS                ||
	||-------------------------------------------||
	||    L -&gt; R:                                ||
	||            - Mean                         ||
	||            - Error                        ||
	||            - Variance                     ||
	||            - Standard Deviation           ||
	||-------------------------------------------||
	|| -0.00149 |  0.79810 |  0.99998 |  0.99999 ||
	||  0.00051 |  0.79791 |  0.99998 |  0.99999 ||
	||  0.00086 |  0.79696 |  0.99998 |  0.99999 ||
	||  0.00641 |  0.79855 |  0.99994 |  0.99997 ||
	||  0.00338 |  0.79793 |  0.99997 |  0.99998 ||
	|| -0.00314 |  0.79634 |  0.99997 |  0.99999 ||
	||  0.00428 |  0.79737 |  0.99996 |  0.99998 ||
	||  0.00222 |  0.79983 |  0.99998 |  0.99999 ||
	|| -0.00010 |  0.79803 |  0.99998 |  0.99999 ||
	||-------------------------------------------||

	||------------------------------------------------------------------------------------------||
	||                                     INPUT CORRELATION                                    ||
	||------------------------------------------------------------------------------------------||
	||  1.00000 | 0.16100 | 0.24500 | 0.35200 | 0.25900 | 0.16600 | 0.00300 | 0.03800 | 0.11400 ||
	||  0.16100 | 1.00000 | 0.00000 | 0.00000 | 0.00000 | 0.00000 | 0.00000 | 0.00000 | 0.00000 ||
	||  0.24500 | 0.00000 | 1.00000 | 0.00000 | 0.00000 | 0.00000 | 0.00000 | 0.00000 | 0.00000 ||
	||  0.35200 | 0.00000 | 0.00000 | 1.00000 | 0.00000 | 0.00000 | 0.00000 | 0.00000 | 0.00000 ||
	||  0.25900 | 0.00000 | 0.00000 | 0.00000 | 1.00000 | 0.00000 | 0.00000 | 0.00000 | 0.00000 ||
	||  0.16600 | 0.00000 | 0.00000 | 0.00000 | 0.00000 | 1.00000 | 0.00000 | 0.00000 | 0.00000 ||
	||  0.00300 | 0.00000 | 0.00000 | 0.00000 | 0.00000 | 0.00000 | 1.00000 | 0.00000 | 0.00000 ||
	||  0.03800 | 0.00000 | 0.00000 | 0.00000 | 0.00000 | 0.00000 | 0.00000 | 1.00000 | 0.00000 ||
	||  0.11400 | 0.00000 | 0.00000 | 0.00000 | 0.00000 | 0.00000 | 0.00000 | 0.00000 | 1.00000 ||
	||------------------------------------------------------------------------------------------||

	||------------------------------------------------------------------------------------------||
	||                                    OUTPUT CORRELATION                                    ||
	||------------------------------------------------------------------------------------------||
	||  1.00000 | 0.15876 | 0.25195 | 0.35255 | 0.25807 | 0.16308 | 0.00245 | 0.03599 | 0.11027 ||
	||  0.15876 | 1.00000 | 0.00426 |-0.00299 |-0.00593 |-0.00330 | 0.00050 | 0.00218 |-0.00822 ||
	||  0.25195 | 0.00426 | 1.00000 | 0.00052 |-0.00151 | 0.00285 | 0.00249 |-0.00286 | 0.00299 ||
	||  0.35255 |-0.00299 | 0.00052 | 1.00000 | 0.00082 |-0.00698 | 0.00410 | 0.00856 |-0.00557 ||
	||  0.25807 |-0.00593 |-0.00151 | 0.00082 | 1.00000 |-0.00300 |-0.00155 | 0.00182 |-0.01022 ||
	||  0.16308 |-0.00330 | 0.00285 |-0.00698 |-0.00300 | 1.00000 | 0.00390 |-0.00782 | 0.00385 ||
	||  0.00245 | 0.00050 | 0.00249 | 0.00410 |-0.00155 | 0.00390 | 1.00000 |-0.00650 |-0.00482 ||
	||  0.03599 | 0.00218 |-0.00286 | 0.00856 | 0.00182 |-0.00782 |-0.00650 | 1.00000 |-0.00023 ||
	||  0.11027 |-0.00822 | 0.00299 |-0.00557 |-0.01022 | 0.00385 |-0.00482 |-0.00023 | 1.00000 ||
	||------------------------------------------------------------------------------------------||

	||------------------------------------------------------------------------------------------||
	||                                    OUTPUT COVARIANCE                                     ||
	||------------------------------------------------------------------------------------------||
	||  0.99998 | 0.15876 | 0.25195 | 0.35254 | 0.25807 | 0.16307 | 0.00245 | 0.03598 | 0.11027 ||
	||  0.15876 | 0.99998 | 0.00426 |-0.00299 |-0.00593 |-0.00330 | 0.00050 | 0.00218 |-0.00822 ||
	||  0.25195 | 0.00426 | 0.99998 | 0.00052 |-0.00151 | 0.00285 | 0.00249 |-0.00286 | 0.00299 ||
	||  0.35254 |-0.00299 | 0.00052 | 0.99994 | 0.00082 |-0.00698 | 0.00410 | 0.00856 |-0.00557 ||
	||  0.25807 |-0.00593 |-0.00151 | 0.00082 | 0.99997 |-0.00300 |-0.00155 | 0.00182 |-0.01022 ||
	||  0.16307 |-0.00330 | 0.00285 |-0.00698 |-0.00300 | 0.99997 | 0.00390 |-0.00782 | 0.00385 ||
	||  0.00245 | 0.00050 | 0.00249 | 0.00410 |-0.00155 | 0.00390 | 0.99996 |-0.00650 |-0.00482 ||
	||  0.03598 | 0.00218 |-0.00286 | 0.00856 | 0.00182 |-0.00782 |-0.00650 | 0.99998 |-0.00023 ||
	||  0.11027 |-0.00822 | 0.00299 |-0.00557 |-0.01022 | 0.00385 |-0.00482 |-0.00023 | 0.99998 ||
	||------------------------------------------------------------------------------------------||

</pre>
</span>
</div>
</div>
<div id="footer">
<p>
<div>
<label class="hidden" id="label-for-line-wrapping-toggle" for="line-wrapping-toggle">Wrap lines
<input id="line-wrapping-toggle" type="checkbox" autocomplete="off"/>
</label>
</div>Generated by 
<a href="http://www.gradle.org">Gradle 3.5</a> at Jan 10, 2020 11:09:58 PM</p>
</div>
</div>
</body>
</html>
