<!DOCTYPE html>
<html>
<head>
<meta http-equiv="Content-Type" content="text/html; charset=utf-8"/>
<meta http-equiv="x-ua-compatible" content="IE=edge"/>
<title>Test results - Class org.drip.coverage.sequence.Statistics</title>
<link href="../css/base-style.css" rel="stylesheet" type="text/css"/>
<link href="../css/style.css" rel="stylesheet" type="text/css"/>
<script src="../js/report.js" type="text/javascript"></script>
</head>
<body>
<div id="content">
<h1>Class org.drip.coverage.sequence.Statistics</h1>
<div class="breadcrumbs">
<a href="../index.html">all</a> &gt; 
<a href="../packages/org.drip.coverage.sequence.html">org.drip.coverage.sequence</a> &gt; Statistics</div>
<div id="summary">
<table>
<tr>
<td>
<div class="summaryGroup">
<table>
<tr>
<td>
<div class="infoBox" id="tests">
<div class="counter">1</div>
<p>tests</p>
</div>
</td>
<td>
<div class="infoBox" id="failures">
<div class="counter">0</div>
<p>failures</p>
</div>
</td>
<td>
<div class="infoBox" id="ignored">
<div class="counter">0</div>
<p>ignored</p>
</div>
</td>
<td>
<div class="infoBox" id="duration">
<div class="counter">9.654s</div>
<p>duration</p>
</div>
</td>
</tr>
</table>
</div>
</td>
<td>
<div class="infoBox success" id="successRate">
<div class="percent">100%</div>
<p>successful</p>
</div>
</td>
</tr>
</table>
</div>
<div id="tabs">
<ul class="tabLinks">
<li>
<a href="#tab0">Tests</a>
</li>
<li>
<a href="#tab1">Standard output</a>
</li>
</ul>
<div id="tab0" class="tab">
<h2>Tests</h2>
<table>
<thead>
<tr>
<th>Test</th>
<th>Duration</th>
<th>Result</th>
</tr>
</thead>
<tr>
<td class="success">codeCoverageTest</td>
<td>9.654s</td>
<td class="success">passed</td>
</tr>
</table>
</div>
<div id="tab1" class="tab">
<h2>Standard output</h2>
<span class="code">
<pre>
	|-----------------------------------------------------------------|
	|    Copyright (C) 2011-2019 (DRIP, DROP)
	|-----------------------------------------------------------------|
	|    Build Version  =&gt; 4.14.0 multi mode
	|    Build JVM (TM) =&gt; 1.8.0_112
	|    Build Snap     =&gt; Wed Apr 17 11:54:38 EST 2019
	|    Start Time     =&gt; Wed Apr 17 13:23:21 EDT 2019
	|    Setup Time     =&gt; Wed Apr 17 13:23:21 EDT 2019
	|    Setup Duration =&gt; 0 ms
	|-----------------------------------------------------------------|


	||-------------------------------------------||
	||                R^1 METRICS                ||
	||-------------------------------------------||
	||    L -&gt; R:                                ||
	||            - Mean                         ||
	||            - Error                        ||
	||            - Variance                     ||
	||            - Standard Deviation           ||
	||-------------------------------------------||
	|| -0.00213 |  0.79847 |  1.00285 |  1.00142 ||
	|| -0.00090 |  0.79692 |  1.00086 |  1.00043 ||
	||  0.00309 |  0.79651 |  0.99780 |  0.99890 ||
	||  0.00197 |  0.79398 |  0.99112 |  0.99555 ||
	|| -0.00060 |  0.79798 |  0.99852 |  0.99926 ||
	|| -0.00011 |  0.79555 |  0.99655 |  0.99828 ||
	|| -0.00305 |  0.79447 |  0.99146 |  0.99572 ||
	|| -0.00761 |  0.79791 |  0.99884 |  0.99942 ||
	|| -0.00410 |  0.79730 |  0.99606 |  0.99803 ||
	||-------------------------------------------||

	||------------------------------------------------------------------------------------------||
	||                                     INPUT CORRELATION                                    ||
	||------------------------------------------------------------------------------------------||
	||  1.00000 | 0.16100 | 0.24500 | 0.35200 | 0.25900 | 0.16600 | 0.00300 | 0.03800 | 0.11400 ||
	||  0.16100 | 1.00000 | 0.00000 | 0.00000 | 0.00000 | 0.00000 | 0.00000 | 0.00000 | 0.00000 ||
	||  0.24500 | 0.00000 | 1.00000 | 0.00000 | 0.00000 | 0.00000 | 0.00000 | 0.00000 | 0.00000 ||
	||  0.35200 | 0.00000 | 0.00000 | 1.00000 | 0.00000 | 0.00000 | 0.00000 | 0.00000 | 0.00000 ||
	||  0.25900 | 0.00000 | 0.00000 | 0.00000 | 1.00000 | 0.00000 | 0.00000 | 0.00000 | 0.00000 ||
	||  0.16600 | 0.00000 | 0.00000 | 0.00000 | 0.00000 | 1.00000 | 0.00000 | 0.00000 | 0.00000 ||
	||  0.00300 | 0.00000 | 0.00000 | 0.00000 | 0.00000 | 0.00000 | 1.00000 | 0.00000 | 0.00000 ||
	||  0.03800 | 0.00000 | 0.00000 | 0.00000 | 0.00000 | 0.00000 | 0.00000 | 1.00000 | 0.00000 ||
	||  0.11400 | 0.00000 | 0.00000 | 0.00000 | 0.00000 | 0.00000 | 0.00000 | 0.00000 | 1.00000 ||
	||------------------------------------------------------------------------------------------||

	||------------------------------------------------------------------------------------------||
	||                                    OUTPUT CORRELATION                                    ||
	||------------------------------------------------------------------------------------------||
	||  1.00000 | 0.16087 | 0.24812 | 0.34964 | 0.25561 | 0.16648 | 0.00562 | 0.04222 | 0.11281 ||
	||  0.16087 | 1.00000 | 0.00406 |-0.00310 |-0.00445 | 0.00087 | 0.00235 | 0.00412 | 0.00337 ||
	||  0.24812 | 0.00406 | 1.00000 |-0.00159 | 0.00753 | 0.00459 | 0.00750 |-0.00160 | 0.00075 ||
	||  0.34964 |-0.00310 |-0.00159 | 1.00000 |-0.00482 |-0.00310 | 0.00580 |-0.00101 | 0.00584 ||
	||  0.25561 |-0.00445 | 0.00753 |-0.00482 | 1.00000 | 0.00038 | 0.00606 |-0.00131 |-0.00364 ||
	||  0.16648 | 0.00087 | 0.00459 |-0.00310 | 0.00038 | 1.00000 |-0.00392 | 0.00704 |-0.00549 ||
	||  0.00562 | 0.00235 | 0.00750 | 0.00580 | 0.00606 |-0.00392 | 1.00000 |-0.00286 | 0.00454 ||
	||  0.04222 | 0.00412 |-0.00160 |-0.00101 |-0.00131 | 0.00704 |-0.00286 | 1.00000 | 0.00084 ||
	||  0.11281 | 0.00337 | 0.00075 | 0.00584 |-0.00364 |-0.00549 | 0.00454 | 0.00084 | 1.00000 ||
	||------------------------------------------------------------------------------------------||

	||------------------------------------------------------------------------------------------||
	||                                    OUTPUT COVARIANCE                                     ||
	||------------------------------------------------------------------------------------------||
	||  1.00285 | 0.16117 | 0.24820 | 0.34858 | 0.25579 | 0.16643 | 0.00560 | 0.04226 | 0.11275 ||
	||  0.16117 | 1.00086 | 0.00406 |-0.00308 |-0.00444 | 0.00086 | 0.00234 | 0.00412 | 0.00336 ||
	||  0.24820 | 0.00406 | 0.99780 |-0.00158 | 0.00752 | 0.00458 | 0.00746 |-0.00160 | 0.00075 ||
	||  0.34858 |-0.00308 |-0.00158 | 0.99112 |-0.00479 |-0.00309 | 0.00575 |-0.00100 | 0.00580 ||
	||  0.25579 |-0.00444 | 0.00752 |-0.00479 | 0.99852 | 0.00038 | 0.00603 |-0.00131 |-0.00363 ||
	||  0.16643 | 0.00086 | 0.00458 |-0.00309 | 0.00038 | 0.99655 |-0.00390 | 0.00703 |-0.00547 ||
	||  0.00560 | 0.00234 | 0.00746 | 0.00575 | 0.00603 |-0.00390 | 0.99146 |-0.00285 | 0.00451 ||
	||  0.04226 | 0.00412 |-0.00160 |-0.00100 |-0.00131 | 0.00703 |-0.00285 | 0.99884 | 0.00084 ||
	||  0.11275 | 0.00336 | 0.00075 | 0.00580 |-0.00363 |-0.00547 | 0.00451 | 0.00084 | 0.99606 ||
	||------------------------------------------------------------------------------------------||


	|-----------------------------------------------------------------|
	|    Copyright (C) 2011-2019 (DRIP, DROP)
	|-----------------------------------------------------------------|
	|    Build Version  =&gt; 4.14.0 multi mode
	|    Build JVM (TM) =&gt; 1.8.0_112
	|    Build Snap     =&gt; Wed Apr 17 11:54:38 EST 2019
	|    Start Time     =&gt; Wed Apr 17 13:23:23 EDT 2019
	|    Setup Time     =&gt; Wed Apr 17 13:23:23 EDT 2019
	|    Setup Duration =&gt; 0 ms
	|-----------------------------------------------------------------|


	||-------------------------------------------||
	||                R^1 METRICS                ||
	||-------------------------------------------||
	||    L -&gt; R:                                ||
	||            - Mean                         ||
	||            - Error                        ||
	||            - Variance                     ||
	||            - Standard Deviation           ||
	||-------------------------------------------||
	||  0.00286 |  0.79723 |  0.99964 |  0.99982 ||
	||  0.00211 |  0.79538 |  0.99724 |  0.99862 ||
	|| -0.00414 |  0.79863 |  1.00009 |  1.00004 ||
	|| -0.00207 |  0.80020 |  1.00590 |  1.00294 ||
	||  0.00464 |  0.79877 |  1.00220 |  1.00110 ||
	||  0.00344 |  0.79185 |  0.98859 |  0.99428 ||
	||  0.00451 |  0.79776 |  0.99889 |  0.99945 ||
	|| -0.00025 |  0.79829 |  0.99984 |  0.99992 ||
	|| -0.00063 |  0.79472 |  0.99322 |  0.99660 ||
	||-------------------------------------------||

	||------------------------------------------------------------------------------------------||
	||                                     INPUT CORRELATION                                    ||
	||------------------------------------------------------------------------------------------||
	||  1.00000 | 0.16100 | 0.24500 | 0.35200 | 0.25900 | 0.16600 | 0.00300 | 0.03800 | 0.11400 ||
	||  0.16100 | 1.00000 | 0.00000 | 0.00000 | 0.00000 | 0.00000 | 0.00000 | 0.00000 | 0.00000 ||
	||  0.24500 | 0.00000 | 1.00000 | 0.00000 | 0.00000 | 0.00000 | 0.00000 | 0.00000 | 0.00000 ||
	||  0.35200 | 0.00000 | 0.00000 | 1.00000 | 0.00000 | 0.00000 | 0.00000 | 0.00000 | 0.00000 ||
	||  0.25900 | 0.00000 | 0.00000 | 0.00000 | 1.00000 | 0.00000 | 0.00000 | 0.00000 | 0.00000 ||
	||  0.16600 | 0.00000 | 0.00000 | 0.00000 | 0.00000 | 1.00000 | 0.00000 | 0.00000 | 0.00000 ||
	||  0.00300 | 0.00000 | 0.00000 | 0.00000 | 0.00000 | 0.00000 | 1.00000 | 0.00000 | 0.00000 ||
	||  0.03800 | 0.00000 | 0.00000 | 0.00000 | 0.00000 | 0.00000 | 0.00000 | 1.00000 | 0.00000 ||
	||  0.11400 | 0.00000 | 0.00000 | 0.00000 | 0.00000 | 0.00000 | 0.00000 | 0.00000 | 1.00000 ||
	||------------------------------------------------------------------------------------------||

	||------------------------------------------------------------------------------------------||
	||                                    OUTPUT CORRELATION                                    ||
	||------------------------------------------------------------------------------------------||
	||  1.00000 | 0.15554 | 0.24618 | 0.35477 | 0.25539 | 0.16543 |-0.00124 | 0.03895 | 0.11221 ||
	||  0.15554 | 1.00000 |-0.00847 |-0.00623 |-0.00302 | 0.00282 |-0.00117 | 0.00167 |-0.00167 ||
	||  0.24618 |-0.00847 | 1.00000 | 0.00552 |-0.00338 | 0.00135 | 0.00059 |-0.00046 |-0.00131 ||
	||  0.35477 |-0.00623 | 0.00552 | 1.00000 | 0.00070 |-0.00026 |-0.00201 |-0.00407 | 0.00264 ||
	||  0.25539 |-0.00302 |-0.00338 | 0.00070 | 1.00000 |-0.00086 |-0.00392 | 0.00614 | 0.00049 ||
	||  0.16543 | 0.00282 | 0.00135 |-0.00026 |-0.00086 | 1.00000 |-0.01019 |-0.00584 |-0.00204 ||
	|| -0.00124 |-0.00117 | 0.00059 |-0.00201 |-0.00392 |-0.01019 | 1.00000 |-0.00150 | 0.00158 ||
	||  0.03895 | 0.00167 |-0.00046 |-0.00407 | 0.00614 |-0.00584 |-0.00150 | 1.00000 | 0.00368 ||
	||  0.11221 |-0.00167 |-0.00131 | 0.00264 | 0.00049 |-0.00204 | 0.00158 | 0.00368 | 1.00000 ||
	||------------------------------------------------------------------------------------------||

	||------------------------------------------------------------------------------------------||
	||                                    OUTPUT COVARIANCE                                     ||
	||------------------------------------------------------------------------------------------||
	||  0.99964 | 0.15529 | 0.24615 | 0.35575 | 0.25562 | 0.16445 |-0.00124 | 0.03894 | 0.11181 ||
	||  0.15529 | 0.99724 |-0.00846 |-0.00624 |-0.00302 | 0.00280 |-0.00117 | 0.00166 |-0.00166 ||
	||  0.24615 |-0.00846 | 1.00009 | 0.00553 |-0.00339 | 0.00134 | 0.00059 |-0.00046 |-0.00130 ||
	||  0.35575 |-0.00624 | 0.00553 | 1.00590 | 0.00071 |-0.00026 |-0.00202 |-0.00409 | 0.00264 ||
	||  0.25562 |-0.00302 |-0.00339 | 0.00071 | 1.00220 |-0.00086 |-0.00392 | 0.00615 | 0.00049 ||
	||  0.16445 | 0.00280 | 0.00134 |-0.00026 |-0.00086 | 0.98859 |-0.01013 |-0.00580 |-0.00202 ||
	|| -0.00124 |-0.00117 | 0.00059 |-0.00202 |-0.00392 |-0.01013 | 0.99889 |-0.00149 | 0.00158 ||
	||  0.03894 | 0.00166 |-0.00046 |-0.00409 | 0.00615 |-0.00580 |-0.00149 | 0.99984 | 0.00367 ||
	||  0.11181 |-0.00166 |-0.00130 | 0.00264 | 0.00049 |-0.00202 | 0.00158 | 0.00367 | 0.99322 ||
	||------------------------------------------------------------------------------------------||


	|-----------------------------------------------------------------|
	|    Copyright (C) 2011-2019 (DRIP, DROP)
	|-----------------------------------------------------------------|
	|    Build Version  =&gt; 4.14.0 multi mode
	|    Build JVM (TM) =&gt; 1.8.0_112
	|    Build Snap     =&gt; Wed Apr 17 11:54:38 EST 2019
	|    Start Time     =&gt; Wed Apr 17 13:23:26 EDT 2019
	|    Setup Time     =&gt; Wed Apr 17 13:23:26 EDT 2019
	|    Setup Duration =&gt; 0 ms
	|-----------------------------------------------------------------|


	||-------------------------------------------||
	||                R^1 METRICS                ||
	||-------------------------------------------||
	||    L -&gt; R:                                ||
	||            - Mean                         ||
	||            - Error                        ||
	||            - Variance                     ||
	||            - Standard Deviation           ||
	||-------------------------------------------||
	|| -0.00102 |  0.79803 |  1.00000 |  1.00000 ||
	||  0.00161 |  0.79662 |  1.00000 |  1.00000 ||
	|| -0.00189 |  0.79779 |  1.00000 |  1.00000 ||
	|| -0.00963 |  0.79581 |  0.99991 |  0.99995 ||
	||  0.00212 |  0.79920 |  1.00000 |  1.00000 ||
	||  0.00094 |  0.79884 |  1.00000 |  1.00000 ||
	||  0.00114 |  0.79941 |  1.00000 |  1.00000 ||
	|| -0.00252 |  0.79878 |  0.99999 |  1.00000 ||
	||  0.00107 |  0.79833 |  1.00000 |  1.00000 ||
	||-------------------------------------------||

	||------------------------------------------------------------------------------------------||
	||                                     INPUT CORRELATION                                    ||
	||------------------------------------------------------------------------------------------||
	||  1.00000 | 0.16100 | 0.24500 | 0.35200 | 0.25900 | 0.16600 | 0.00300 | 0.03800 | 0.11400 ||
	||  0.16100 | 1.00000 | 0.00000 | 0.00000 | 0.00000 | 0.00000 | 0.00000 | 0.00000 | 0.00000 ||
	||  0.24500 | 0.00000 | 1.00000 | 0.00000 | 0.00000 | 0.00000 | 0.00000 | 0.00000 | 0.00000 ||
	||  0.35200 | 0.00000 | 0.00000 | 1.00000 | 0.00000 | 0.00000 | 0.00000 | 0.00000 | 0.00000 ||
	||  0.25900 | 0.00000 | 0.00000 | 0.00000 | 1.00000 | 0.00000 | 0.00000 | 0.00000 | 0.00000 ||
	||  0.16600 | 0.00000 | 0.00000 | 0.00000 | 0.00000 | 1.00000 | 0.00000 | 0.00000 | 0.00000 ||
	||  0.00300 | 0.00000 | 0.00000 | 0.00000 | 0.00000 | 0.00000 | 1.00000 | 0.00000 | 0.00000 ||
	||  0.03800 | 0.00000 | 0.00000 | 0.00000 | 0.00000 | 0.00000 | 0.00000 | 1.00000 | 0.00000 ||
	||  0.11400 | 0.00000 | 0.00000 | 0.00000 | 0.00000 | 0.00000 | 0.00000 | 0.00000 | 1.00000 ||
	||------------------------------------------------------------------------------------------||

	||------------------------------------------------------------------------------------------||
	||                                    OUTPUT CORRELATION                                    ||
	||------------------------------------------------------------------------------------------||
	||  1.00000 | 0.16477 | 0.24857 | 0.35889 | 0.25797 | 0.16732 | 0.00451 | 0.03231 | 0.11866 ||
	||  0.16477 | 1.00000 |-0.00199 | 0.00947 |-0.00071 |-0.00395 | 0.00514 |-0.00096 |-0.00112 ||
	||  0.24857 |-0.00199 | 1.00000 | 0.00201 | 0.00305 | 0.00548 | 0.00473 | 0.00059 |-0.00234 ||
	||  0.35889 | 0.00947 | 0.00201 | 1.00000 |-0.00615 | 0.00229 | 0.00247 |-0.00118 | 0.01144 ||
	||  0.25797 |-0.00071 | 0.00305 |-0.00615 | 1.00000 | 0.00003 |-0.00212 |-0.00686 |-0.00768 ||
	||  0.16732 |-0.00395 | 0.00548 | 0.00229 | 0.00003 | 1.00000 | 0.00745 | 0.00488 |-0.00367 ||
	||  0.00451 | 0.00514 | 0.00473 | 0.00247 |-0.00212 | 0.00745 | 1.00000 |-0.00651 | 0.00069 ||
	||  0.03231 |-0.00096 | 0.00059 |-0.00118 |-0.00686 | 0.00488 |-0.00651 | 1.00000 |-0.00117 ||
	||  0.11866 |-0.00112 |-0.00234 | 0.01144 |-0.00768 |-0.00367 | 0.00069 |-0.00117 | 1.00000 ||
	||------------------------------------------------------------------------------------------||

	||------------------------------------------------------------------------------------------||
	||                                    OUTPUT COVARIANCE                                     ||
	||------------------------------------------------------------------------------------------||
	||  1.00000 | 0.16477 | 0.24857 | 0.35888 | 0.25797 | 0.16732 | 0.00451 | 0.03231 | 0.11866 ||
	||  0.16477 | 1.00000 |-0.00199 | 0.00947 |-0.00071 |-0.00395 | 0.00514 |-0.00096 |-0.00112 ||
	||  0.24857 |-0.00199 | 1.00000 | 0.00201 | 0.00305 | 0.00548 | 0.00473 | 0.00059 |-0.00234 ||
	||  0.35888 | 0.00947 | 0.00201 | 0.99991 |-0.00615 | 0.00229 | 0.00247 |-0.00118 | 0.01144 ||
	||  0.25797 |-0.00071 | 0.00305 |-0.00615 | 1.00000 | 0.00003 |-0.00212 |-0.00686 |-0.00768 ||
	||  0.16732 |-0.00395 | 0.00548 | 0.00229 | 0.00003 | 1.00000 | 0.00745 | 0.00488 |-0.00367 ||
	||  0.00451 | 0.00514 | 0.00473 | 0.00247 |-0.00212 | 0.00745 | 1.00000 |-0.00651 | 0.00069 ||
	||  0.03231 |-0.00096 | 0.00059 |-0.00118 |-0.00686 | 0.00488 |-0.00651 | 0.99999 |-0.00117 ||
	||  0.11866 |-0.00112 |-0.00234 | 0.01144 |-0.00768 |-0.00367 | 0.00069 |-0.00117 | 1.00000 ||
	||------------------------------------------------------------------------------------------||


	|-----------------------------------------------------------------|
	|    Copyright (C) 2011-2019 (DRIP, DROP)
	|-----------------------------------------------------------------|
	|    Build Version  =&gt; 4.14.0 multi mode
	|    Build JVM (TM) =&gt; 1.8.0_112
	|    Build Snap     =&gt; Wed Apr 17 11:54:38 EST 2019
	|    Start Time     =&gt; Wed Apr 17 13:23:28 EDT 2019
	|    Setup Time     =&gt; Wed Apr 17 13:23:28 EDT 2019
	|    Setup Duration =&gt; 0 ms
	|-----------------------------------------------------------------|


	||-------------------------------------------||
	||                R^1 METRICS                ||
	||-------------------------------------------||
	||    L -&gt; R:                                ||
	||            - Mean                         ||
	||            - Error                        ||
	||            - Variance                     ||
	||            - Standard Deviation           ||
	||-------------------------------------------||
	||  0.00147 |  0.79790 |  0.99998 |  0.99999 ||
	||  0.00430 |  0.79557 |  0.99996 |  0.99998 ||
	|| -0.00276 |  0.79818 |  0.99997 |  0.99999 ||
	||  0.00269 |  0.79890 |  0.99997 |  0.99999 ||
	||  0.00805 |  0.79580 |  0.99992 |  0.99996 ||
	|| -0.00256 |  0.79691 |  0.99997 |  0.99999 ||
	||  0.00552 |  0.79935 |  0.99995 |  0.99997 ||
	||  0.00691 |  0.79912 |  0.99993 |  0.99997 ||
	|| -0.00141 |  0.79770 |  0.99998 |  0.99999 ||
	||-------------------------------------------||

	||------------------------------------------------------------------------------------------||
	||                                     INPUT CORRELATION                                    ||
	||------------------------------------------------------------------------------------------||
	||  1.00000 | 0.16100 | 0.24500 | 0.35200 | 0.25900 | 0.16600 | 0.00300 | 0.03800 | 0.11400 ||
	||  0.16100 | 1.00000 | 0.00000 | 0.00000 | 0.00000 | 0.00000 | 0.00000 | 0.00000 | 0.00000 ||
	||  0.24500 | 0.00000 | 1.00000 | 0.00000 | 0.00000 | 0.00000 | 0.00000 | 0.00000 | 0.00000 ||
	||  0.35200 | 0.00000 | 0.00000 | 1.00000 | 0.00000 | 0.00000 | 0.00000 | 0.00000 | 0.00000 ||
	||  0.25900 | 0.00000 | 0.00000 | 0.00000 | 1.00000 | 0.00000 | 0.00000 | 0.00000 | 0.00000 ||
	||  0.16600 | 0.00000 | 0.00000 | 0.00000 | 0.00000 | 1.00000 | 0.00000 | 0.00000 | 0.00000 ||
	||  0.00300 | 0.00000 | 0.00000 | 0.00000 | 0.00000 | 0.00000 | 1.00000 | 0.00000 | 0.00000 ||
	||  0.03800 | 0.00000 | 0.00000 | 0.00000 | 0.00000 | 0.00000 | 0.00000 | 1.00000 | 0.00000 ||
	||  0.11400 | 0.00000 | 0.00000 | 0.00000 | 0.00000 | 0.00000 | 0.00000 | 0.00000 | 1.00000 ||
	||------------------------------------------------------------------------------------------||

	||------------------------------------------------------------------------------------------||
	||                                    OUTPUT CORRELATION                                    ||
	||------------------------------------------------------------------------------------------||
	||  1.00000 | 0.16465 | 0.23593 | 0.34755 | 0.26848 | 0.15940 | 0.00053 | 0.03714 | 0.11491 ||
	||  0.16465 | 1.00000 |-0.00327 | 0.00241 | 0.00262 | 0.00177 |-0.00215 | 0.01207 | 0.00303 ||
	||  0.23593 |-0.00327 | 1.00000 |-0.00856 | 0.00297 |-0.01150 | 0.00106 |-0.00659 | 0.00072 ||
	||  0.34755 | 0.00241 |-0.00856 | 1.00000 | 0.00042 | 0.00221 | 0.00001 |-0.00469 |-0.00127 ||
	||  0.26848 | 0.00262 | 0.00297 | 0.00042 | 1.00000 |-0.00394 |-0.00311 | 0.00525 | 0.00292 ||
	||  0.15940 | 0.00177 |-0.01150 | 0.00221 |-0.00394 | 1.00000 |-0.00271 | 0.00209 |-0.00529 ||
	||  0.00053 |-0.00215 | 0.00106 | 0.00001 |-0.00311 |-0.00271 | 1.00000 | 0.00314 | 0.00061 ||
	||  0.03714 | 0.01207 |-0.00659 |-0.00469 | 0.00525 | 0.00209 | 0.00314 | 1.00000 |-0.00730 ||
	||  0.11491 | 0.00303 | 0.00072 |-0.00127 | 0.00292 |-0.00529 | 0.00061 |-0.00730 | 1.00000 ||
	||------------------------------------------------------------------------------------------||

	||------------------------------------------------------------------------------------------||
	||                                    OUTPUT COVARIANCE                                     ||
	||------------------------------------------------------------------------------------------||
	||  0.99998 | 0.16465 | 0.23593 | 0.34754 | 0.26847 | 0.15939 | 0.00053 | 0.03714 | 0.11490 ||
	||  0.16465 | 0.99996 |-0.00327 | 0.00241 | 0.00262 | 0.00177 |-0.00215 | 0.01207 | 0.00303 ||
	||  0.23593 |-0.00327 | 0.99997 |-0.00855 | 0.00297 |-0.01150 | 0.00106 |-0.00659 | 0.00072 ||
	||  0.34754 | 0.00241 |-0.00855 | 0.99997 | 0.00042 | 0.00221 | 0.00001 |-0.00469 |-0.00127 ||
	||  0.26847 | 0.00262 | 0.00297 | 0.00042 | 0.99992 |-0.00394 |-0.00311 | 0.00525 | 0.00292 ||
	||  0.15939 | 0.00177 |-0.01150 | 0.00221 |-0.00394 | 0.99997 |-0.00271 | 0.00209 |-0.00529 ||
	||  0.00053 |-0.00215 | 0.00106 | 0.00001 |-0.00311 |-0.00271 | 0.99995 | 0.00314 | 0.00061 ||
	||  0.03714 | 0.01207 |-0.00659 |-0.00469 | 0.00525 | 0.00209 | 0.00314 | 0.99993 |-0.00730 ||
	||  0.11490 | 0.00303 | 0.00072 |-0.00127 | 0.00292 |-0.00529 | 0.00061 |-0.00730 | 0.99998 ||
	||------------------------------------------------------------------------------------------||

</pre>
</span>
</div>
</div>
<div id="footer">
<p>
<div>
<label class="hidden" id="label-for-line-wrapping-toggle" for="line-wrapping-toggle">Wrap lines
<input id="line-wrapping-toggle" type="checkbox" autocomplete="off"/>
</label>
</div>Generated by 
<a href="http://www.gradle.org">Gradle 3.5</a> at Apr 17, 2019 2:36:53 PM</p>
</div>
</div>
</body>
</html>
