<!DOCTYPE html>
<html>
<head>
<meta http-equiv="Content-Type" content="text/html; charset=utf-8"/>
<meta http-equiv="x-ua-compatible" content="IE=edge"/>
<title>Test results - Class org.drip.coverage.sequence.Statistics</title>
<link href="../css/base-style.css" rel="stylesheet" type="text/css"/>
<link href="../css/style.css" rel="stylesheet" type="text/css"/>
<script src="../js/report.js" type="text/javascript"></script>
</head>
<body>
<div id="content">
<h1>Class org.drip.coverage.sequence.Statistics</h1>
<div class="breadcrumbs">
<a href="../index.html">all</a> &gt; 
<a href="../packages/org.drip.coverage.sequence.html">org.drip.coverage.sequence</a> &gt; Statistics</div>
<div id="summary">
<table>
<tr>
<td>
<div class="summaryGroup">
<table>
<tr>
<td>
<div class="infoBox" id="tests">
<div class="counter">1</div>
<p>tests</p>
</div>
</td>
<td>
<div class="infoBox" id="failures">
<div class="counter">0</div>
<p>failures</p>
</div>
</td>
<td>
<div class="infoBox" id="ignored">
<div class="counter">0</div>
<p>ignored</p>
</div>
</td>
<td>
<div class="infoBox" id="duration">
<div class="counter">9.607s</div>
<p>duration</p>
</div>
</td>
</tr>
</table>
</div>
</td>
<td>
<div class="infoBox success" id="successRate">
<div class="percent">100%</div>
<p>successful</p>
</div>
</td>
</tr>
</table>
</div>
<div id="tabs">
<ul class="tabLinks">
<li>
<a href="#tab0">Tests</a>
</li>
<li>
<a href="#tab1">Standard output</a>
</li>
</ul>
<div id="tab0" class="tab">
<h2>Tests</h2>
<table>
<thead>
<tr>
<th>Test</th>
<th>Duration</th>
<th>Result</th>
</tr>
</thead>
<tr>
<td class="success">codeCoverageTest</td>
<td>9.607s</td>
<td class="success">passed</td>
</tr>
</table>
</div>
<div id="tab1" class="tab">
<h2>Standard output</h2>
<span class="code">
<pre>
	|-----------------------------------------------------------------|
	|    Copyright (C) 2011-2018 (DRIP)
	|-----------------------------------------------------------------|
	|    Build Version  =&gt; 3.84.0 multi mode
	|    Build JVM (TM) =&gt; 1.8.0_112
	|    Build Snap     =&gt; Mon Nov 19 18:01:46 EST 2018
	|    Start Time     =&gt; Mon Nov 19 20:48:28 EST 2018
	|    Setup Time     =&gt; Mon Nov 19 20:48:28 EST 2018
	|    Setup Duration =&gt; 0 ms
	|-----------------------------------------------------------------|


	||-------------------------------------------||
	||                R^1 METRICS                ||
	||-------------------------------------------||
	||    L -&gt; R:                                ||
	||            - Mean                         ||
	||            - Error                        ||
	||            - Variance                     ||
	||            - Standard Deviation           ||
	||-------------------------------------------||
	|| -0.00208 |  0.79792 |  0.99855 |  0.99928 ||
	|| -0.00070 |  0.79426 |  0.99458 |  0.99729 ||
	||  0.00430 |  0.79302 |  0.98935 |  0.99466 ||
	|| -0.00230 |  0.79387 |  0.99278 |  0.99638 ||
	||  0.00340 |  0.79579 |  0.99606 |  0.99803 ||
	|| -0.00158 |  0.79980 |  1.00191 |  1.00096 ||
	|| -0.00041 |  0.79644 |  0.99851 |  0.99925 ||
	|| -0.00414 |  0.79435 |  0.99241 |  0.99620 ||
	|| -0.00073 |  0.79830 |  1.00115 |  1.00057 ||
	||-------------------------------------------||

	||------------------------------------------------------------------------------------------||
	||                                     INPUT CORRELATION                                    ||
	||------------------------------------------------------------------------------------------||
	||  1.00000 | 0.16100 | 0.24500 | 0.35200 | 0.25900 | 0.16600 | 0.00300 | 0.03800 | 0.11400 ||
	||  0.16100 | 1.00000 | 0.00000 | 0.00000 | 0.00000 | 0.00000 | 0.00000 | 0.00000 | 0.00000 ||
	||  0.24500 | 0.00000 | 1.00000 | 0.00000 | 0.00000 | 0.00000 | 0.00000 | 0.00000 | 0.00000 ||
	||  0.35200 | 0.00000 | 0.00000 | 1.00000 | 0.00000 | 0.00000 | 0.00000 | 0.00000 | 0.00000 ||
	||  0.25900 | 0.00000 | 0.00000 | 0.00000 | 1.00000 | 0.00000 | 0.00000 | 0.00000 | 0.00000 ||
	||  0.16600 | 0.00000 | 0.00000 | 0.00000 | 0.00000 | 1.00000 | 0.00000 | 0.00000 | 0.00000 ||
	||  0.00300 | 0.00000 | 0.00000 | 0.00000 | 0.00000 | 0.00000 | 1.00000 | 0.00000 | 0.00000 ||
	||  0.03800 | 0.00000 | 0.00000 | 0.00000 | 0.00000 | 0.00000 | 0.00000 | 1.00000 | 0.00000 ||
	||  0.11400 | 0.00000 | 0.00000 | 0.00000 | 0.00000 | 0.00000 | 0.00000 | 0.00000 | 1.00000 ||
	||------------------------------------------------------------------------------------------||

	||------------------------------------------------------------------------------------------||
	||                                    OUTPUT CORRELATION                                    ||
	||------------------------------------------------------------------------------------------||
	||  1.00000 | 0.15824 | 0.24771 | 0.35435 | 0.25920 | 0.16542 | 0.01010 | 0.03644 | 0.11439 ||
	||  0.15824 | 1.00000 | 0.00253 | 0.00165 |-0.00423 |-0.00182 |-0.00318 |-0.00366 | 0.00472 ||
	||  0.24771 | 0.00253 | 1.00000 |-0.00026 |-0.00037 |-0.00307 |-0.00028 |-0.00394 |-0.00310 ||
	||  0.35435 | 0.00165 |-0.00026 | 1.00000 |-0.00817 | 0.00145 | 0.00110 |-0.00540 |-0.00081 ||
	||  0.25920 |-0.00423 |-0.00037 |-0.00817 | 1.00000 |-0.00565 | 0.00174 | 0.00569 |-0.00156 ||
	||  0.16542 |-0.00182 |-0.00307 | 0.00145 |-0.00565 | 1.00000 | 0.00492 |-0.00350 |-0.00212 ||
	||  0.01010 |-0.00318 |-0.00028 | 0.00110 | 0.00174 | 0.00492 | 1.00000 |-0.01000 | 0.00632 ||
	||  0.03644 |-0.00366 |-0.00394 |-0.00540 | 0.00569 |-0.00350 |-0.01000 | 1.00000 | 0.00066 ||
	||  0.11439 | 0.00472 |-0.00310 |-0.00081 |-0.00156 |-0.00212 | 0.00632 | 0.00066 | 1.00000 ||
	||------------------------------------------------------------------------------------------||

	||------------------------------------------------------------------------------------------||
	||                                    OUTPUT COVARIANCE                                     ||
	||------------------------------------------------------------------------------------------||
	||  0.99855 | 0.15770 | 0.24621 | 0.35282 | 0.25850 | 0.16546 | 0.01008 | 0.03627 | 0.11437 ||
	||  0.15770 | 0.99458 | 0.00251 | 0.00164 |-0.00421 |-0.00182 |-0.00317 |-0.00363 | 0.00471 ||
	||  0.24621 | 0.00251 | 0.98935 |-0.00026 |-0.00036 |-0.00306 |-0.00028 |-0.00390 |-0.00309 ||
	||  0.35282 | 0.00164 |-0.00026 | 0.99278 |-0.00812 | 0.00145 | 0.00110 |-0.00536 |-0.00081 ||
	||  0.25850 |-0.00421 |-0.00036 |-0.00812 | 0.99606 |-0.00564 | 0.00174 | 0.00565 |-0.00155 ||
	||  0.16546 |-0.00182 |-0.00306 | 0.00145 |-0.00564 | 1.00191 | 0.00492 |-0.00349 |-0.00212 ||
	||  0.01008 |-0.00317 |-0.00028 | 0.00110 | 0.00174 | 0.00492 | 0.99851 |-0.00995 | 0.00632 ||
	||  0.03627 |-0.00363 |-0.00390 |-0.00536 | 0.00565 |-0.00349 |-0.00995 | 0.99241 | 0.00066 ||
	||  0.11437 | 0.00471 |-0.00309 |-0.00081 |-0.00155 |-0.00212 | 0.00632 | 0.00066 | 1.00115 ||
	||------------------------------------------------------------------------------------------||


	|-----------------------------------------------------------------|
	|    Copyright (C) 2011-2018 (DRIP)
	|-----------------------------------------------------------------|
	|    Build Version  =&gt; 3.84.0 multi mode
	|    Build JVM (TM) =&gt; 1.8.0_112
	|    Build Snap     =&gt; Mon Nov 19 18:01:46 EST 2018
	|    Start Time     =&gt; Mon Nov 19 20:48:31 EST 2018
	|    Setup Time     =&gt; Mon Nov 19 20:48:31 EST 2018
	|    Setup Duration =&gt; 0 ms
	|-----------------------------------------------------------------|


	||-------------------------------------------||
	||                R^1 METRICS                ||
	||-------------------------------------------||
	||    L -&gt; R:                                ||
	||            - Mean                         ||
	||            - Error                        ||
	||            - Variance                     ||
	||            - Standard Deviation           ||
	||-------------------------------------------||
	||  0.00278 |  0.80036 |  1.00896 |  1.00447 ||
	|| -0.00602 |  0.79666 |  0.99537 |  0.99768 ||
	||  0.00648 |  0.79862 |  1.00075 |  1.00037 ||
	||  0.00144 |  0.80043 |  1.00521 |  1.00260 ||
	|| -0.00100 |  0.80342 |  1.01239 |  1.00617 ||
	|| -0.00276 |  0.80078 |  1.00305 |  1.00152 ||
	||  0.00446 |  0.79518 |  0.99517 |  0.99758 ||
	||  0.00223 |  0.79422 |  0.99209 |  0.99604 ||
	|| -0.01028 |  0.79557 |  0.99366 |  0.99682 ||
	||-------------------------------------------||

	||------------------------------------------------------------------------------------------||
	||                                     INPUT CORRELATION                                    ||
	||------------------------------------------------------------------------------------------||
	||  1.00000 | 0.16100 | 0.24500 | 0.35200 | 0.25900 | 0.16600 | 0.00300 | 0.03800 | 0.11400 ||
	||  0.16100 | 1.00000 | 0.00000 | 0.00000 | 0.00000 | 0.00000 | 0.00000 | 0.00000 | 0.00000 ||
	||  0.24500 | 0.00000 | 1.00000 | 0.00000 | 0.00000 | 0.00000 | 0.00000 | 0.00000 | 0.00000 ||
	||  0.35200 | 0.00000 | 0.00000 | 1.00000 | 0.00000 | 0.00000 | 0.00000 | 0.00000 | 0.00000 ||
	||  0.25900 | 0.00000 | 0.00000 | 0.00000 | 1.00000 | 0.00000 | 0.00000 | 0.00000 | 0.00000 ||
	||  0.16600 | 0.00000 | 0.00000 | 0.00000 | 0.00000 | 1.00000 | 0.00000 | 0.00000 | 0.00000 ||
	||  0.00300 | 0.00000 | 0.00000 | 0.00000 | 0.00000 | 0.00000 | 1.00000 | 0.00000 | 0.00000 ||
	||  0.03800 | 0.00000 | 0.00000 | 0.00000 | 0.00000 | 0.00000 | 0.00000 | 1.00000 | 0.00000 ||
	||  0.11400 | 0.00000 | 0.00000 | 0.00000 | 0.00000 | 0.00000 | 0.00000 | 0.00000 | 1.00000 ||
	||------------------------------------------------------------------------------------------||

	||------------------------------------------------------------------------------------------||
	||                                    OUTPUT CORRELATION                                    ||
	||------------------------------------------------------------------------------------------||
	||  1.00000 | 0.15987 | 0.24365 | 0.35283 | 0.26491 | 0.16839 |-0.00001 | 0.03413 | 0.11198 ||
	||  0.15987 | 1.00000 |-0.00563 |-0.00365 | 0.00289 | 0.00756 |-0.00156 | 0.01001 |-0.00425 ||
	||  0.24365 |-0.00563 | 1.00000 |-0.00418 |-0.00205 | 0.00398 |-0.00478 |-0.00233 |-0.00250 ||
	||  0.35283 |-0.00365 |-0.00418 | 1.00000 | 0.00946 |-0.00253 |-0.00250 | 0.00128 |-0.00189 ||
	||  0.26491 | 0.00289 |-0.00205 | 0.00946 | 1.00000 |-0.00572 |-0.00252 | 0.00324 |-0.00566 ||
	||  0.16839 | 0.00756 | 0.00398 |-0.00253 |-0.00572 | 1.00000 | 0.00566 |-0.00444 | 0.00725 ||
	|| -0.00001 |-0.00156 |-0.00478 |-0.00250 |-0.00252 | 0.00566 | 1.00000 |-0.00224 |-0.00567 ||
	||  0.03413 | 0.01001 |-0.00233 | 0.00128 | 0.00324 |-0.00444 |-0.00224 | 1.00000 |-0.00578 ||
	||  0.11198 |-0.00425 |-0.00250 |-0.00189 |-0.00566 | 0.00725 |-0.00567 |-0.00578 | 1.00000 ||
	||------------------------------------------------------------------------------------------||

	||------------------------------------------------------------------------------------------||
	||                                    OUTPUT COVARIANCE                                     ||
	||------------------------------------------------------------------------------------------||
	||  1.00896 | 0.16022 | 0.24483 | 0.35533 | 0.26774 | 0.16940 |-0.00001 | 0.03415 | 0.11212 ||
	||  0.16022 | 0.99537 |-0.00562 |-0.00365 | 0.00290 | 0.00756 |-0.00155 | 0.00994 |-0.00423 ||
	||  0.24483 |-0.00562 | 1.00075 |-0.00419 |-0.00207 | 0.00399 |-0.00477 |-0.00232 |-0.00250 ||
	||  0.35533 |-0.00365 |-0.00419 | 1.00521 | 0.00954 |-0.00254 |-0.00250 | 0.00128 |-0.00189 ||
	||  0.26774 | 0.00290 |-0.00207 | 0.00954 | 1.01239 |-0.00576 |-0.00253 | 0.00324 |-0.00567 ||
	||  0.16940 | 0.00756 | 0.00399 |-0.00254 |-0.00576 | 1.00305 | 0.00566 |-0.00443 | 0.00724 ||
	|| -0.00001 |-0.00155 |-0.00477 |-0.00250 |-0.00253 | 0.00566 | 0.99517 |-0.00223 |-0.00564 ||
	||  0.03415 | 0.00994 |-0.00232 | 0.00128 | 0.00324 |-0.00443 |-0.00223 | 0.99209 |-0.00573 ||
	||  0.11212 |-0.00423 |-0.00250 |-0.00189 |-0.00567 | 0.00724 |-0.00564 |-0.00573 | 0.99366 ||
	||------------------------------------------------------------------------------------------||


	|-----------------------------------------------------------------|
	|    Copyright (C) 2011-2018 (DRIP)
	|-----------------------------------------------------------------|
	|    Build Version  =&gt; 3.84.0 multi mode
	|    Build JVM (TM) =&gt; 1.8.0_112
	|    Build Snap     =&gt; Mon Nov 19 18:01:46 EST 2018
	|    Start Time     =&gt; Mon Nov 19 20:48:33 EST 2018
	|    Setup Time     =&gt; Mon Nov 19 20:48:33 EST 2018
	|    Setup Duration =&gt; 0 ms
	|-----------------------------------------------------------------|


	||-------------------------------------------||
	||                R^1 METRICS                ||
	||-------------------------------------------||
	||    L -&gt; R:                                ||
	||            - Mean                         ||
	||            - Error                        ||
	||            - Variance                     ||
	||            - Standard Deviation           ||
	||-------------------------------------------||
	|| -0.00489 |  0.79803 |  0.99998 |  0.99999 ||
	||  0.00286 |  0.79878 |  0.99999 |  1.00000 ||
	|| -0.00970 |  0.79840 |  0.99991 |  0.99995 ||
	||  0.00262 |  0.79770 |  0.99999 |  1.00000 ||
	||  0.00321 |  0.79460 |  0.99999 |  0.99999 ||
	||  0.00467 |  0.79808 |  0.99998 |  0.99999 ||
	||  0.00409 |  0.79685 |  0.99998 |  0.99999 ||
	|| -0.00142 |  0.79760 |  1.00000 |  1.00000 ||
	|| -0.00023 |  0.79935 |  1.00000 |  1.00000 ||
	||-------------------------------------------||

	||------------------------------------------------------------------------------------------||
	||                                     INPUT CORRELATION                                    ||
	||------------------------------------------------------------------------------------------||
	||  1.00000 | 0.16100 | 0.24500 | 0.35200 | 0.25900 | 0.16600 | 0.00300 | 0.03800 | 0.11400 ||
	||  0.16100 | 1.00000 | 0.00000 | 0.00000 | 0.00000 | 0.00000 | 0.00000 | 0.00000 | 0.00000 ||
	||  0.24500 | 0.00000 | 1.00000 | 0.00000 | 0.00000 | 0.00000 | 0.00000 | 0.00000 | 0.00000 ||
	||  0.35200 | 0.00000 | 0.00000 | 1.00000 | 0.00000 | 0.00000 | 0.00000 | 0.00000 | 0.00000 ||
	||  0.25900 | 0.00000 | 0.00000 | 0.00000 | 1.00000 | 0.00000 | 0.00000 | 0.00000 | 0.00000 ||
	||  0.16600 | 0.00000 | 0.00000 | 0.00000 | 0.00000 | 1.00000 | 0.00000 | 0.00000 | 0.00000 ||
	||  0.00300 | 0.00000 | 0.00000 | 0.00000 | 0.00000 | 0.00000 | 1.00000 | 0.00000 | 0.00000 ||
	||  0.03800 | 0.00000 | 0.00000 | 0.00000 | 0.00000 | 0.00000 | 0.00000 | 1.00000 | 0.00000 ||
	||  0.11400 | 0.00000 | 0.00000 | 0.00000 | 0.00000 | 0.00000 | 0.00000 | 0.00000 | 1.00000 ||
	||------------------------------------------------------------------------------------------||

	||------------------------------------------------------------------------------------------||
	||                                    OUTPUT CORRELATION                                    ||
	||------------------------------------------------------------------------------------------||
	||  1.00000 | 0.14721 | 0.24463 | 0.35995 | 0.25778 | 0.16656 | 0.00121 | 0.04014 | 0.11348 ||
	||  0.14721 | 1.00000 |-0.00681 |-0.00458 |-0.00829 | 0.00207 | 0.01085 |-0.00613 |-0.00299 ||
	||  0.24463 |-0.00681 | 1.00000 | 0.00269 | 0.00359 |-0.00220 |-0.00723 | 0.00025 | 0.00397 ||
	||  0.35995 |-0.00458 | 0.00269 | 1.00000 | 0.00334 |-0.00571 | 0.00215 |-0.00448 |-0.00094 ||
	||  0.25778 |-0.00829 | 0.00359 | 0.00334 | 1.00000 | 0.00027 |-0.00079 | 0.00406 |-0.00033 ||
	||  0.16656 | 0.00207 |-0.00220 |-0.00571 | 0.00027 | 1.00000 | 0.00015 | 0.00520 | 0.00626 ||
	||  0.00121 | 0.01085 |-0.00723 | 0.00215 |-0.00079 | 0.00015 | 1.00000 | 0.00112 |-0.00206 ||
	||  0.04014 |-0.00613 | 0.00025 |-0.00448 | 0.00406 | 0.00520 | 0.00112 | 1.00000 |-0.00230 ||
	||  0.11348 |-0.00299 | 0.00397 |-0.00094 |-0.00033 | 0.00626 |-0.00206 |-0.00230 | 1.00000 ||
	||------------------------------------------------------------------------------------------||

	||------------------------------------------------------------------------------------------||
	||                                    OUTPUT COVARIANCE                                     ||
	||------------------------------------------------------------------------------------------||
	||  0.99998 | 0.14720 | 0.24461 | 0.35994 | 0.25777 | 0.16656 | 0.00121 | 0.04014 | 0.11348 ||
	||  0.14720 | 0.99999 |-0.00681 |-0.00458 |-0.00829 | 0.00207 | 0.01085 |-0.00613 |-0.00299 ||
	||  0.24461 |-0.00681 | 0.99991 | 0.00269 | 0.00359 |-0.00220 |-0.00723 | 0.00025 | 0.00397 ||
	||  0.35994 |-0.00458 | 0.00269 | 0.99999 | 0.00334 |-0.00571 | 0.00215 |-0.00448 |-0.00094 ||
	||  0.25777 |-0.00829 | 0.00359 | 0.00334 | 0.99999 | 0.00027 |-0.00079 | 0.00406 |-0.00033 ||
	||  0.16656 | 0.00207 |-0.00220 |-0.00571 | 0.00027 | 0.99998 | 0.00015 | 0.00520 | 0.00626 ||
	||  0.00121 | 0.01085 |-0.00723 | 0.00215 |-0.00079 | 0.00015 | 0.99998 | 0.00112 |-0.00206 ||
	||  0.04014 |-0.00613 | 0.00025 |-0.00448 | 0.00406 | 0.00520 | 0.00112 | 1.00000 |-0.00230 ||
	||  0.11348 |-0.00299 | 0.00397 |-0.00094 |-0.00033 | 0.00626 |-0.00206 |-0.00230 | 1.00000 ||
	||------------------------------------------------------------------------------------------||


	|-----------------------------------------------------------------|
	|    Copyright (C) 2011-2018 (DRIP)
	|-----------------------------------------------------------------|
	|    Build Version  =&gt; 3.84.0 multi mode
	|    Build JVM (TM) =&gt; 1.8.0_112
	|    Build Snap     =&gt; Mon Nov 19 18:01:46 EST 2018
	|    Start Time     =&gt; Mon Nov 19 20:48:36 EST 2018
	|    Setup Time     =&gt; Mon Nov 19 20:48:36 EST 2018
	|    Setup Duration =&gt; 0 ms
	|-----------------------------------------------------------------|


	||-------------------------------------------||
	||                R^1 METRICS                ||
	||-------------------------------------------||
	||    L -&gt; R:                                ||
	||            - Mean                         ||
	||            - Error                        ||
	||            - Variance                     ||
	||            - Standard Deviation           ||
	||-------------------------------------------||
	|| -0.00410 |  0.79780 |  0.99996 |  0.99998 ||
	|| -0.00024 |  0.79702 |  0.99998 |  0.99999 ||
	|| -0.00285 |  0.79806 |  0.99997 |  0.99999 ||
	|| -0.00129 |  0.79605 |  0.99998 |  0.99999 ||
	||  0.00148 |  0.79704 |  0.99998 |  0.99999 ||
	||  0.00816 |  0.79767 |  0.99991 |  0.99996 ||
	|| -0.00632 |  0.79793 |  0.99994 |  0.99997 ||
	|| -0.00728 |  0.79791 |  0.99993 |  0.99996 ||
	|| -0.00315 |  0.79756 |  0.99997 |  0.99999 ||
	||-------------------------------------------||

	||------------------------------------------------------------------------------------------||
	||                                     INPUT CORRELATION                                    ||
	||------------------------------------------------------------------------------------------||
	||  1.00000 | 0.16100 | 0.24500 | 0.35200 | 0.25900 | 0.16600 | 0.00300 | 0.03800 | 0.11400 ||
	||  0.16100 | 1.00000 | 0.00000 | 0.00000 | 0.00000 | 0.00000 | 0.00000 | 0.00000 | 0.00000 ||
	||  0.24500 | 0.00000 | 1.00000 | 0.00000 | 0.00000 | 0.00000 | 0.00000 | 0.00000 | 0.00000 ||
	||  0.35200 | 0.00000 | 0.00000 | 1.00000 | 0.00000 | 0.00000 | 0.00000 | 0.00000 | 0.00000 ||
	||  0.25900 | 0.00000 | 0.00000 | 0.00000 | 1.00000 | 0.00000 | 0.00000 | 0.00000 | 0.00000 ||
	||  0.16600 | 0.00000 | 0.00000 | 0.00000 | 0.00000 | 1.00000 | 0.00000 | 0.00000 | 0.00000 ||
	||  0.00300 | 0.00000 | 0.00000 | 0.00000 | 0.00000 | 0.00000 | 1.00000 | 0.00000 | 0.00000 ||
	||  0.03800 | 0.00000 | 0.00000 | 0.00000 | 0.00000 | 0.00000 | 0.00000 | 1.00000 | 0.00000 ||
	||  0.11400 | 0.00000 | 0.00000 | 0.00000 | 0.00000 | 0.00000 | 0.00000 | 0.00000 | 1.00000 ||
	||------------------------------------------------------------------------------------------||

	||------------------------------------------------------------------------------------------||
	||                                    OUTPUT CORRELATION                                    ||
	||------------------------------------------------------------------------------------------||
	||  1.00000 | 0.15354 | 0.24379 | 0.35475 | 0.26020 | 0.17086 | 0.00040 | 0.04032 | 0.11357 ||
	||  0.15354 | 1.00000 |-0.00600 |-0.01627 | 0.00156 |-0.00303 | 0.00554 |-0.00017 | 0.00116 ||
	||  0.24379 |-0.00600 | 1.00000 | 0.00468 |-0.00193 | 0.00481 | 0.00436 |-0.00677 |-0.00649 ||
	||  0.35475 |-0.01627 | 0.00468 | 1.00000 | 0.00128 | 0.00230 |-0.00134 | 0.00250 | 0.00348 ||
	||  0.26020 | 0.00156 |-0.00193 | 0.00128 | 1.00000 |-0.00081 | 0.00151 | 0.00070 | 0.00033 ||
	||  0.17086 |-0.00303 | 0.00481 | 0.00230 |-0.00081 | 1.00000 |-0.00454 | 0.00396 | 0.00648 ||
	||  0.00040 | 0.00554 | 0.00436 |-0.00134 | 0.00151 |-0.00454 | 1.00000 | 0.01396 |-0.00820 ||
	||  0.04032 |-0.00017 |-0.00677 | 0.00250 | 0.00070 | 0.00396 | 0.01396 | 1.00000 |-0.00730 ||
	||  0.11357 | 0.00116 |-0.00649 | 0.00348 | 0.00033 | 0.00648 |-0.00820 |-0.00730 | 1.00000 ||
	||------------------------------------------------------------------------------------------||

	||------------------------------------------------------------------------------------------||
	||                                    OUTPUT COVARIANCE                                     ||
	||------------------------------------------------------------------------------------------||
	||  0.99996 | 0.15354 | 0.24379 | 0.35474 | 0.26019 | 0.17085 | 0.00040 | 0.04031 | 0.11357 ||
	||  0.15354 | 0.99998 |-0.00600 |-0.01627 | 0.00156 |-0.00303 | 0.00553 |-0.00017 | 0.00116 ||
	||  0.24379 |-0.00600 | 0.99997 | 0.00467 |-0.00193 | 0.00481 | 0.00436 |-0.00677 |-0.00649 ||
	||  0.35474 |-0.01627 | 0.00467 | 0.99998 | 0.00128 | 0.00230 |-0.00134 | 0.00249 | 0.00348 ||
	||  0.26019 | 0.00156 |-0.00193 | 0.00128 | 0.99998 |-0.00081 | 0.00151 | 0.00070 | 0.00033 ||
	||  0.17085 |-0.00303 | 0.00481 | 0.00230 |-0.00081 | 0.99991 |-0.00454 | 0.00396 | 0.00648 ||
	||  0.00040 | 0.00553 | 0.00436 |-0.00134 | 0.00151 |-0.00454 | 0.99994 | 0.01396 |-0.00820 ||
	||  0.04031 |-0.00017 |-0.00677 | 0.00249 | 0.00070 | 0.00396 | 0.01396 | 0.99993 |-0.00730 ||
	||  0.11357 | 0.00116 |-0.00649 | 0.00348 | 0.00033 | 0.00648 |-0.00820 |-0.00730 | 0.99997 ||
	||------------------------------------------------------------------------------------------||

</pre>
</span>
</div>
</div>
<div id="footer">
<p>
<div>
<label class="hidden" id="label-for-line-wrapping-toggle" for="line-wrapping-toggle">Wrap lines
<input id="line-wrapping-toggle" type="checkbox" autocomplete="off"/>
</label>
</div>Generated by 
<a href="http://www.gradle.org">Gradle 3.5</a> at Nov 19, 2018 9:17:10 PM</p>
</div>
</div>
</body>
</html>
