<!DOCTYPE html>
<html>
<head>
<meta http-equiv="Content-Type" content="text/html; charset=utf-8"/>
<meta http-equiv="x-ua-compatible" content="IE=edge"/>
<title>Test results - Class org.drip.coverage.sequence.Statistics</title>
<link href="../css/base-style.css" rel="stylesheet" type="text/css"/>
<link href="../css/style.css" rel="stylesheet" type="text/css"/>
<script src="../js/report.js" type="text/javascript"></script>
</head>
<body>
<div id="content">
<h1>Class org.drip.coverage.sequence.Statistics</h1>
<div class="breadcrumbs">
<a href="../index.html">all</a> &gt; 
<a href="../packages/org.drip.coverage.sequence.html">org.drip.coverage.sequence</a> &gt; Statistics</div>
<div id="summary">
<table>
<tr>
<td>
<div class="summaryGroup">
<table>
<tr>
<td>
<div class="infoBox" id="tests">
<div class="counter">1</div>
<p>tests</p>
</div>
</td>
<td>
<div class="infoBox" id="failures">
<div class="counter">0</div>
<p>failures</p>
</div>
</td>
<td>
<div class="infoBox" id="ignored">
<div class="counter">0</div>
<p>ignored</p>
</div>
</td>
<td>
<div class="infoBox" id="duration">
<div class="counter">9.680s</div>
<p>duration</p>
</div>
</td>
</tr>
</table>
</div>
</td>
<td>
<div class="infoBox success" id="successRate">
<div class="percent">100%</div>
<p>successful</p>
</div>
</td>
</tr>
</table>
</div>
<div id="tabs">
<ul class="tabLinks">
<li>
<a href="#tab0">Tests</a>
</li>
<li>
<a href="#tab1">Standard output</a>
</li>
</ul>
<div id="tab0" class="tab">
<h2>Tests</h2>
<table>
<thead>
<tr>
<th>Test</th>
<th>Duration</th>
<th>Result</th>
</tr>
</thead>
<tr>
<td class="success">codeCoverageTest</td>
<td>9.680s</td>
<td class="success">passed</td>
</tr>
</table>
</div>
<div id="tab1" class="tab">
<h2>Standard output</h2>
<span class="code">
<pre>
	|-----------------------------------------------------------------|
	|    Copyright (C) 2011-2018 (DRIP)
	|-----------------------------------------------------------------|
	|    Build Version  =&gt; 3.70.0 multi mode
	|    Build JVM (TM) =&gt; 1.8.0_112
	|    Build Snap     =&gt; Mon Aug 13 20:18:11 EST 2018
	|    Start Time     =&gt; Mon Aug 13 20:55:58 EDT 2018
	|    Setup Time     =&gt; Mon Aug 13 20:55:58 EDT 2018
	|    Setup Duration =&gt; 0 ms
	|-----------------------------------------------------------------|


	||-------------------------------------------||
	||                R^1 METRICS                ||
	||-------------------------------------------||
	||    L -&gt; R:                                ||
	||            - Mean                         ||
	||            - Error                        ||
	||            - Variance                     ||
	||            - Standard Deviation           ||
	||-------------------------------------------||
	|| -0.00176 |  0.79846 |  1.00333 |  1.00166 ||
	|| -0.00355 |  0.79837 |  1.00218 |  1.00109 ||
	|| -0.00046 |  0.79731 |  0.99901 |  0.99951 ||
	|| -0.00140 |  0.80016 |  1.00650 |  1.00325 ||
	|| -0.00400 |  0.79249 |  0.98823 |  0.99410 ||
	||  0.00122 |  0.79730 |  0.99866 |  0.99933 ||
	|| -0.00450 |  0.79931 |  1.00345 |  1.00172 ||
	|| -0.00408 |  0.79891 |  1.00288 |  1.00144 ||
	|| -0.00209 |  0.80075 |  1.00593 |  1.00296 ||
	||-------------------------------------------||

	||------------------------------------------------------------------------------------------||
	||                                     INPUT CORRELATION                                    ||
	||------------------------------------------------------------------------------------------||
	||  1.00000 | 0.16100 | 0.24500 | 0.35200 | 0.25900 | 0.16600 | 0.00300 | 0.03800 | 0.11400 ||
	||  0.16100 | 1.00000 | 0.00000 | 0.00000 | 0.00000 | 0.00000 | 0.00000 | 0.00000 | 0.00000 ||
	||  0.24500 | 0.00000 | 1.00000 | 0.00000 | 0.00000 | 0.00000 | 0.00000 | 0.00000 | 0.00000 ||
	||  0.35200 | 0.00000 | 0.00000 | 1.00000 | 0.00000 | 0.00000 | 0.00000 | 0.00000 | 0.00000 ||
	||  0.25900 | 0.00000 | 0.00000 | 0.00000 | 1.00000 | 0.00000 | 0.00000 | 0.00000 | 0.00000 ||
	||  0.16600 | 0.00000 | 0.00000 | 0.00000 | 0.00000 | 1.00000 | 0.00000 | 0.00000 | 0.00000 ||
	||  0.00300 | 0.00000 | 0.00000 | 0.00000 | 0.00000 | 0.00000 | 1.00000 | 0.00000 | 0.00000 ||
	||  0.03800 | 0.00000 | 0.00000 | 0.00000 | 0.00000 | 0.00000 | 0.00000 | 1.00000 | 0.00000 ||
	||  0.11400 | 0.00000 | 0.00000 | 0.00000 | 0.00000 | 0.00000 | 0.00000 | 0.00000 | 1.00000 ||
	||------------------------------------------------------------------------------------------||

	||------------------------------------------------------------------------------------------||
	||                                    OUTPUT CORRELATION                                    ||
	||------------------------------------------------------------------------------------------||
	||  1.00000 | 0.15753 | 0.23896 | 0.35188 | 0.25710 | 0.17064 | 0.00393 | 0.04178 | 0.11552 ||
	||  0.15753 | 1.00000 |-0.00634 | 0.00060 |-0.00375 | 0.00200 | 0.00436 |-0.00330 | 0.00815 ||
	||  0.23896 |-0.00634 | 1.00000 | 0.00266 |-0.00017 |-0.00009 | 0.00302 | 0.00522 |-0.00269 ||
	||  0.35188 | 0.00060 | 0.00266 | 1.00000 | 0.00348 |-0.00488 |-0.00012 |-0.00314 |-0.00068 ||
	||  0.25710 |-0.00375 |-0.00017 | 0.00348 | 1.00000 | 0.00303 |-0.00197 | 0.00394 | 0.00689 ||
	||  0.17064 | 0.00200 |-0.00009 |-0.00488 | 0.00303 | 1.00000 | 0.00432 |-0.00107 |-0.00222 ||
	||  0.00393 | 0.00436 | 0.00302 |-0.00012 |-0.00197 | 0.00432 | 1.00000 | 0.00695 | 0.00532 ||
	||  0.04178 |-0.00330 | 0.00522 |-0.00314 | 0.00394 |-0.00107 | 0.00695 | 1.00000 | 0.00206 ||
	||  0.11552 | 0.00815 |-0.00269 |-0.00068 | 0.00689 |-0.00222 | 0.00532 | 0.00206 | 1.00000 ||
	||------------------------------------------------------------------------------------------||

	||------------------------------------------------------------------------------------------||
	||                                    OUTPUT COVARIANCE                                     ||
	||------------------------------------------------------------------------------------------||
	||  1.00333 | 0.15796 | 0.23923 | 0.35361 | 0.25601 | 0.17081 | 0.00394 | 0.04191 | 0.11606 ||
	||  0.15796 | 1.00218 |-0.00635 | 0.00060 |-0.00373 | 0.00200 | 0.00437 |-0.00331 | 0.00819 ||
	||  0.23923 |-0.00635 | 0.99901 | 0.00267 |-0.00017 |-0.00009 | 0.00303 | 0.00523 |-0.00270 ||
	||  0.35361 | 0.00060 | 0.00267 | 1.00650 | 0.00347 |-0.00489 |-0.00012 |-0.00316 |-0.00069 ||
	||  0.25601 |-0.00373 |-0.00017 | 0.00347 | 0.98823 | 0.00301 |-0.00196 | 0.00392 | 0.00687 ||
	||  0.17081 | 0.00200 |-0.00009 |-0.00489 | 0.00301 | 0.99866 | 0.00433 |-0.00107 |-0.00222 ||
	||  0.00394 | 0.00437 | 0.00303 |-0.00012 |-0.00196 | 0.00433 | 1.00345 | 0.00697 | 0.00534 ||
	||  0.04191 |-0.00331 | 0.00523 |-0.00316 | 0.00392 |-0.00107 | 0.00697 | 1.00288 | 0.00207 ||
	||  0.11606 | 0.00819 |-0.00270 |-0.00069 | 0.00687 |-0.00222 | 0.00534 | 0.00207 | 1.00593 ||
	||------------------------------------------------------------------------------------------||


	|-----------------------------------------------------------------|
	|    Copyright (C) 2011-2018 (DRIP)
	|-----------------------------------------------------------------|
	|    Build Version  =&gt; 3.70.0 multi mode
	|    Build JVM (TM) =&gt; 1.8.0_112
	|    Build Snap     =&gt; Mon Aug 13 20:18:11 EST 2018
	|    Start Time     =&gt; Mon Aug 13 20:56:00 EDT 2018
	|    Setup Time     =&gt; Mon Aug 13 20:56:00 EDT 2018
	|    Setup Duration =&gt; 0 ms
	|-----------------------------------------------------------------|


	||-------------------------------------------||
	||                R^1 METRICS                ||
	||-------------------------------------------||
	||    L -&gt; R:                                ||
	||            - Mean                         ||
	||            - Error                        ||
	||            - Variance                     ||
	||            - Standard Deviation           ||
	||-------------------------------------------||
	||  0.00115 |  0.79718 |  0.99979 |  0.99989 ||
	||  0.00440 |  0.80225 |  1.01199 |  1.00598 ||
	||  0.00274 |  0.79987 |  1.00234 |  1.00117 ||
	|| -0.00598 |  0.79939 |  1.00895 |  1.00446 ||
	||  0.00534 |  0.79909 |  1.00340 |  1.00170 ||
	|| -0.00370 |  0.79840 |  1.00167 |  1.00083 ||
	|| -0.00751 |  0.79876 |  1.00154 |  1.00077 ||
	|| -0.00462 |  0.79811 |  1.00012 |  1.00006 ||
	||  0.00795 |  0.79702 |  0.99395 |  0.99697 ||
	||-------------------------------------------||

	||------------------------------------------------------------------------------------------||
	||                                     INPUT CORRELATION                                    ||
	||------------------------------------------------------------------------------------------||
	||  1.00000 | 0.16100 | 0.24500 | 0.35200 | 0.25900 | 0.16600 | 0.00300 | 0.03800 | 0.11400 ||
	||  0.16100 | 1.00000 | 0.00000 | 0.00000 | 0.00000 | 0.00000 | 0.00000 | 0.00000 | 0.00000 ||
	||  0.24500 | 0.00000 | 1.00000 | 0.00000 | 0.00000 | 0.00000 | 0.00000 | 0.00000 | 0.00000 ||
	||  0.35200 | 0.00000 | 0.00000 | 1.00000 | 0.00000 | 0.00000 | 0.00000 | 0.00000 | 0.00000 ||
	||  0.25900 | 0.00000 | 0.00000 | 0.00000 | 1.00000 | 0.00000 | 0.00000 | 0.00000 | 0.00000 ||
	||  0.16600 | 0.00000 | 0.00000 | 0.00000 | 0.00000 | 1.00000 | 0.00000 | 0.00000 | 0.00000 ||
	||  0.00300 | 0.00000 | 0.00000 | 0.00000 | 0.00000 | 0.00000 | 1.00000 | 0.00000 | 0.00000 ||
	||  0.03800 | 0.00000 | 0.00000 | 0.00000 | 0.00000 | 0.00000 | 0.00000 | 1.00000 | 0.00000 ||
	||  0.11400 | 0.00000 | 0.00000 | 0.00000 | 0.00000 | 0.00000 | 0.00000 | 0.00000 | 1.00000 ||
	||------------------------------------------------------------------------------------------||

	||------------------------------------------------------------------------------------------||
	||                                    OUTPUT CORRELATION                                    ||
	||------------------------------------------------------------------------------------------||
	||  1.00000 | 0.16851 | 0.24116 | 0.35150 | 0.25970 | 0.16567 |-0.00304 | 0.03047 | 0.11792 ||
	||  0.16851 | 1.00000 |-0.00331 |-0.00336 | 0.00778 | 0.00049 |-0.01250 | 0.00491 |-0.00266 ||
	||  0.24116 |-0.00331 | 1.00000 |-0.00376 | 0.00364 |-0.00171 |-0.00387 | 0.00356 |-0.00379 ||
	||  0.35150 |-0.00336 |-0.00376 | 1.00000 | 0.00242 | 0.01003 |-0.00053 |-0.00887 |-0.00618 ||
	||  0.25970 | 0.00778 | 0.00364 | 0.00242 | 1.00000 |-0.00110 | 0.00438 |-0.00017 | 0.00488 ||
	||  0.16567 | 0.00049 |-0.00171 | 0.01003 |-0.00110 | 1.00000 | 0.00087 |-0.01003 |-0.00219 ||
	|| -0.00304 |-0.01250 |-0.00387 |-0.00053 | 0.00438 | 0.00087 | 1.00000 | 0.00174 |-0.00144 ||
	||  0.03047 | 0.00491 | 0.00356 |-0.00887 |-0.00017 |-0.01003 | 0.00174 | 1.00000 |-0.00626 ||
	||  0.11792 |-0.00266 |-0.00379 |-0.00618 | 0.00488 |-0.00219 |-0.00144 |-0.00626 | 1.00000 ||
	||------------------------------------------------------------------------------------------||

	||------------------------------------------------------------------------------------------||
	||                                    OUTPUT COVARIANCE                                     ||
	||------------------------------------------------------------------------------------------||
	||  0.99979 | 0.16950 | 0.24142 | 0.35303 | 0.26011 | 0.16579 |-0.00304 | 0.03047 | 0.11755 ||
	||  0.16950 | 1.01199 |-0.00333 |-0.00340 | 0.00784 | 0.00050 |-0.01258 | 0.00494 |-0.00267 ||
	||  0.24142 |-0.00333 | 1.00234 |-0.00378 | 0.00365 |-0.00171 |-0.00388 | 0.00357 |-0.00378 ||
	||  0.35303 |-0.00340 |-0.00378 | 1.00895 | 0.00243 | 0.01008 |-0.00053 |-0.00891 |-0.00619 ||
	||  0.26011 | 0.00784 | 0.00365 | 0.00243 | 1.00340 |-0.00110 | 0.00439 |-0.00017 | 0.00487 ||
	||  0.16579 | 0.00050 |-0.00171 | 0.01008 |-0.00110 | 1.00167 | 0.00088 |-0.01004 |-0.00218 ||
	|| -0.00304 |-0.01258 |-0.00388 |-0.00053 | 0.00439 | 0.00088 | 1.00154 | 0.00174 |-0.00143 ||
	||  0.03047 | 0.00494 | 0.00357 |-0.00891 |-0.00017 |-0.01004 | 0.00174 | 1.00012 |-0.00624 ||
	||  0.11755 |-0.00267 |-0.00378 |-0.00619 | 0.00487 |-0.00218 |-0.00143 |-0.00624 | 0.99395 ||
	||------------------------------------------------------------------------------------------||


	|-----------------------------------------------------------------|
	|    Copyright (C) 2011-2018 (DRIP)
	|-----------------------------------------------------------------|
	|    Build Version  =&gt; 3.70.0 multi mode
	|    Build JVM (TM) =&gt; 1.8.0_112
	|    Build Snap     =&gt; Mon Aug 13 20:18:11 EST 2018
	|    Start Time     =&gt; Mon Aug 13 20:56:03 EDT 2018
	|    Setup Time     =&gt; Mon Aug 13 20:56:03 EDT 2018
	|    Setup Duration =&gt; 0 ms
	|-----------------------------------------------------------------|


	||-------------------------------------------||
	||                R^1 METRICS                ||
	||-------------------------------------------||
	||    L -&gt; R:                                ||
	||            - Mean                         ||
	||            - Error                        ||
	||            - Variance                     ||
	||            - Standard Deviation           ||
	||-------------------------------------------||
	|| -0.00259 |  0.79734 |  0.99999 |  1.00000 ||
	|| -0.00148 |  0.79854 |  1.00000 |  1.00000 ||
	|| -0.00153 |  0.79977 |  1.00000 |  1.00000 ||
	|| -0.00087 |  0.79969 |  1.00000 |  1.00000 ||
	|| -0.00504 |  0.79869 |  0.99997 |  0.99999 ||
	||  0.00279 |  0.79578 |  0.99999 |  1.00000 ||
	|| -0.00778 |  0.79834 |  0.99994 |  0.99997 ||
	|| -0.00270 |  0.79780 |  0.99999 |  1.00000 ||
	||  0.00347 |  0.79754 |  0.99999 |  0.99999 ||
	||-------------------------------------------||

	||------------------------------------------------------------------------------------------||
	||                                     INPUT CORRELATION                                    ||
	||------------------------------------------------------------------------------------------||
	||  1.00000 | 0.16100 | 0.24500 | 0.35200 | 0.25900 | 0.16600 | 0.00300 | 0.03800 | 0.11400 ||
	||  0.16100 | 1.00000 | 0.00000 | 0.00000 | 0.00000 | 0.00000 | 0.00000 | 0.00000 | 0.00000 ||
	||  0.24500 | 0.00000 | 1.00000 | 0.00000 | 0.00000 | 0.00000 | 0.00000 | 0.00000 | 0.00000 ||
	||  0.35200 | 0.00000 | 0.00000 | 1.00000 | 0.00000 | 0.00000 | 0.00000 | 0.00000 | 0.00000 ||
	||  0.25900 | 0.00000 | 0.00000 | 0.00000 | 1.00000 | 0.00000 | 0.00000 | 0.00000 | 0.00000 ||
	||  0.16600 | 0.00000 | 0.00000 | 0.00000 | 0.00000 | 1.00000 | 0.00000 | 0.00000 | 0.00000 ||
	||  0.00300 | 0.00000 | 0.00000 | 0.00000 | 0.00000 | 0.00000 | 1.00000 | 0.00000 | 0.00000 ||
	||  0.03800 | 0.00000 | 0.00000 | 0.00000 | 0.00000 | 0.00000 | 0.00000 | 1.00000 | 0.00000 ||
	||  0.11400 | 0.00000 | 0.00000 | 0.00000 | 0.00000 | 0.00000 | 0.00000 | 0.00000 | 1.00000 ||
	||------------------------------------------------------------------------------------------||

	||------------------------------------------------------------------------------------------||
	||                                    OUTPUT CORRELATION                                    ||
	||------------------------------------------------------------------------------------------||
	||  1.00000 | 0.16116 | 0.25114 | 0.34515 | 0.26372 | 0.16373 | 0.00317 | 0.04626 | 0.11056 ||
	||  0.16116 | 1.00000 | 0.01190 | 0.00039 |-0.00201 |-0.00648 | 0.00011 | 0.00547 |-0.00321 ||
	||  0.25114 | 0.01190 | 1.00000 |-0.00072 | 0.01086 |-0.00397 |-0.00313 | 0.00421 |-0.00153 ||
	||  0.34515 | 0.00039 |-0.00072 | 1.00000 | 0.00134 |-0.00626 |-0.00456 | 0.00116 | 0.00437 ||
	||  0.26372 |-0.00201 | 0.01086 | 0.00134 | 1.00000 | 0.00483 | 0.00200 |-0.00014 |-0.00220 ||
	||  0.16373 |-0.00648 |-0.00397 |-0.00626 | 0.00483 | 1.00000 |-0.00144 | 0.00117 |-0.00067 ||
	||  0.00317 | 0.00011 |-0.00313 |-0.00456 | 0.00200 |-0.00144 | 1.00000 |-0.00207 |-0.00501 ||
	||  0.04626 | 0.00547 | 0.00421 | 0.00116 |-0.00014 | 0.00117 |-0.00207 | 1.00000 | 0.00743 ||
	||  0.11056 |-0.00321 |-0.00153 | 0.00437 |-0.00220 |-0.00067 |-0.00501 | 0.00743 | 1.00000 ||
	||------------------------------------------------------------------------------------------||

	||------------------------------------------------------------------------------------------||
	||                                    OUTPUT COVARIANCE                                     ||
	||------------------------------------------------------------------------------------------||
	||  0.99999 | 0.16116 | 0.25114 | 0.34515 | 0.26371 | 0.16373 | 0.00317 | 0.04626 | 0.11056 ||
	||  0.16116 | 1.00000 | 0.01190 | 0.00039 |-0.00201 |-0.00648 | 0.00011 | 0.00547 |-0.00321 ||
	||  0.25114 | 0.01190 | 1.00000 |-0.00072 | 0.01086 |-0.00397 |-0.00313 | 0.00421 |-0.00153 ||
	||  0.34515 | 0.00039 |-0.00072 | 1.00000 | 0.00134 |-0.00626 |-0.00456 | 0.00116 | 0.00437 ||
	||  0.26371 |-0.00201 | 0.01086 | 0.00134 | 0.99997 | 0.00483 | 0.00200 |-0.00014 |-0.00220 ||
	||  0.16373 |-0.00648 |-0.00397 |-0.00626 | 0.00483 | 0.99999 |-0.00144 | 0.00117 |-0.00067 ||
	||  0.00317 | 0.00011 |-0.00313 |-0.00456 | 0.00200 |-0.00144 | 0.99994 |-0.00207 |-0.00501 ||
	||  0.04626 | 0.00547 | 0.00421 | 0.00116 |-0.00014 | 0.00117 |-0.00207 | 0.99999 | 0.00743 ||
	||  0.11056 |-0.00321 |-0.00153 | 0.00437 |-0.00220 |-0.00067 |-0.00501 | 0.00743 | 0.99999 ||
	||------------------------------------------------------------------------------------------||


	|-----------------------------------------------------------------|
	|    Copyright (C) 2011-2018 (DRIP)
	|-----------------------------------------------------------------|
	|    Build Version  =&gt; 3.70.0 multi mode
	|    Build JVM (TM) =&gt; 1.8.0_112
	|    Build Snap     =&gt; Mon Aug 13 20:18:11 EST 2018
	|    Start Time     =&gt; Mon Aug 13 20:56:05 EDT 2018
	|    Setup Time     =&gt; Mon Aug 13 20:56:05 EDT 2018
	|    Setup Duration =&gt; 0 ms
	|-----------------------------------------------------------------|


	||-------------------------------------------||
	||                R^1 METRICS                ||
	||-------------------------------------------||
	||    L -&gt; R:                                ||
	||            - Mean                         ||
	||            - Error                        ||
	||            - Variance                     ||
	||            - Standard Deviation           ||
	||-------------------------------------------||
	||  0.00166 |  0.79795 |  0.99998 |  0.99999 ||
	||  0.00301 |  0.79854 |  0.99997 |  0.99999 ||
	|| -0.00603 |  0.79775 |  0.99994 |  0.99997 ||
	|| -0.00847 |  0.79779 |  0.99991 |  0.99995 ||
	||  0.00873 |  0.79762 |  0.99990 |  0.99995 ||
	||  0.00009 |  0.79788 |  0.99998 |  0.99999 ||
	||  0.00161 |  0.79843 |  0.99998 |  0.99999 ||
	||  0.00004 |  0.79821 |  0.99998 |  0.99999 ||
	||  0.00675 |  0.79724 |  0.99993 |  0.99997 ||
	||-------------------------------------------||

	||------------------------------------------------------------------------------------------||
	||                                     INPUT CORRELATION                                    ||
	||------------------------------------------------------------------------------------------||
	||  1.00000 | 0.16100 | 0.24500 | 0.35200 | 0.25900 | 0.16600 | 0.00300 | 0.03800 | 0.11400 ||
	||  0.16100 | 1.00000 | 0.00000 | 0.00000 | 0.00000 | 0.00000 | 0.00000 | 0.00000 | 0.00000 ||
	||  0.24500 | 0.00000 | 1.00000 | 0.00000 | 0.00000 | 0.00000 | 0.00000 | 0.00000 | 0.00000 ||
	||  0.35200 | 0.00000 | 0.00000 | 1.00000 | 0.00000 | 0.00000 | 0.00000 | 0.00000 | 0.00000 ||
	||  0.25900 | 0.00000 | 0.00000 | 0.00000 | 1.00000 | 0.00000 | 0.00000 | 0.00000 | 0.00000 ||
	||  0.16600 | 0.00000 | 0.00000 | 0.00000 | 0.00000 | 1.00000 | 0.00000 | 0.00000 | 0.00000 ||
	||  0.00300 | 0.00000 | 0.00000 | 0.00000 | 0.00000 | 0.00000 | 1.00000 | 0.00000 | 0.00000 ||
	||  0.03800 | 0.00000 | 0.00000 | 0.00000 | 0.00000 | 0.00000 | 0.00000 | 1.00000 | 0.00000 ||
	||  0.11400 | 0.00000 | 0.00000 | 0.00000 | 0.00000 | 0.00000 | 0.00000 | 0.00000 | 1.00000 ||
	||------------------------------------------------------------------------------------------||

	||------------------------------------------------------------------------------------------||
	||                                    OUTPUT CORRELATION                                    ||
	||------------------------------------------------------------------------------------------||
	||  1.00000 | 0.15986 | 0.23873 | 0.34867 | 0.26171 | 0.16652 | 0.00715 | 0.02989 | 0.12138 ||
	||  0.15986 | 1.00000 | 0.00106 | 0.00396 |-0.00042 | 0.00281 | 0.01058 |-0.01323 | 0.00691 ||
	||  0.23873 | 0.00106 | 1.00000 |-0.00596 | 0.00224 |-0.00745 | 0.01189 | 0.00214 | 0.00541 ||
	||  0.34867 | 0.00396 |-0.00596 | 1.00000 | 0.00125 |-0.00022 | 0.00771 | 0.00074 | 0.00127 ||
	||  0.26171 |-0.00042 | 0.00224 | 0.00125 | 1.00000 |-0.00893 |-0.00640 | 0.00149 | 0.00107 ||
	||  0.16652 | 0.00281 |-0.00745 |-0.00022 |-0.00893 | 1.00000 | 0.00083 | 0.00317 |-0.00535 ||
	||  0.00715 | 0.01058 | 0.01189 | 0.00771 |-0.00640 | 0.00083 | 1.00000 |-0.00373 |-0.00836 ||
	||  0.02989 |-0.01323 | 0.00214 | 0.00074 | 0.00149 | 0.00317 |-0.00373 | 1.00000 |-0.00178 ||
	||  0.12138 | 0.00691 | 0.00541 | 0.00127 | 0.00107 |-0.00535 |-0.00836 |-0.00178 | 1.00000 ||
	||------------------------------------------------------------------------------------------||

	||------------------------------------------------------------------------------------------||
	||                                    OUTPUT COVARIANCE                                     ||
	||------------------------------------------------------------------------------------------||
	||  0.99998 | 0.15986 | 0.23872 | 0.34865 | 0.26169 | 0.16652 | 0.00715 | 0.02989 | 0.12137 ||
	||  0.15986 | 0.99997 | 0.00106 | 0.00396 |-0.00042 | 0.00281 | 0.01058 |-0.01323 | 0.00691 ||
	||  0.23872 | 0.00106 | 0.99994 |-0.00596 | 0.00224 |-0.00745 | 0.01188 | 0.00214 | 0.00540 ||
	||  0.34865 | 0.00396 |-0.00596 | 0.99991 | 0.00125 |-0.00022 | 0.00771 | 0.00074 | 0.00127 ||
	||  0.26169 |-0.00042 | 0.00224 | 0.00125 | 0.99990 |-0.00893 |-0.00640 | 0.00149 | 0.00107 ||
	||  0.16652 | 0.00281 |-0.00745 |-0.00022 |-0.00893 | 0.99998 | 0.00083 | 0.00317 |-0.00535 ||
	||  0.00715 | 0.01058 | 0.01188 | 0.00771 |-0.00640 | 0.00083 | 0.99998 |-0.00373 |-0.00836 ||
	||  0.02989 |-0.01323 | 0.00214 | 0.00074 | 0.00149 | 0.00317 |-0.00373 | 0.99998 |-0.00178 ||
	||  0.12137 | 0.00691 | 0.00540 | 0.00127 | 0.00107 |-0.00535 |-0.00836 |-0.00178 | 0.99993 ||
	||------------------------------------------------------------------------------------------||

</pre>
</span>
</div>
</div>
<div id="footer">
<p>
<div>
<label class="hidden" id="label-for-line-wrapping-toggle" for="line-wrapping-toggle">Wrap lines
<input id="line-wrapping-toggle" type="checkbox" autocomplete="off"/>
</label>
</div>Generated by 
<a href="http://www.gradle.org">Gradle 3.5</a> at Aug 13, 2018 9:22:18 PM</p>
</div>
</div>
</body>
</html>
