<!DOCTYPE html>
<html>
<head>
<meta http-equiv="Content-Type" content="text/html; charset=utf-8"/>
<meta http-equiv="x-ua-compatible" content="IE=edge"/>
<title>Test results - Class org.drip.coverage.sequence.Statistics</title>
<link href="../css/base-style.css" rel="stylesheet" type="text/css"/>
<link href="../css/style.css" rel="stylesheet" type="text/css"/>
<script src="../js/report.js" type="text/javascript"></script>
</head>
<body>
<div id="content">
<h1>Class org.drip.coverage.sequence.Statistics</h1>
<div class="breadcrumbs">
<a href="../index.html">all</a> &gt; 
<a href="../packages/org.drip.coverage.sequence.html">org.drip.coverage.sequence</a> &gt; Statistics</div>
<div id="summary">
<table>
<tr>
<td>
<div class="summaryGroup">
<table>
<tr>
<td>
<div class="infoBox" id="tests">
<div class="counter">1</div>
<p>tests</p>
</div>
</td>
<td>
<div class="infoBox" id="failures">
<div class="counter">0</div>
<p>failures</p>
</div>
</td>
<td>
<div class="infoBox" id="ignored">
<div class="counter">0</div>
<p>ignored</p>
</div>
</td>
<td>
<div class="infoBox" id="duration">
<div class="counter">9.607s</div>
<p>duration</p>
</div>
</td>
</tr>
</table>
</div>
</td>
<td>
<div class="infoBox success" id="successRate">
<div class="percent">100%</div>
<p>successful</p>
</div>
</td>
</tr>
</table>
</div>
<div id="tabs">
<ul class="tabLinks">
<li>
<a href="#tab0">Tests</a>
</li>
<li>
<a href="#tab1">Standard output</a>
</li>
</ul>
<div id="tab0" class="tab">
<h2>Tests</h2>
<table>
<thead>
<tr>
<th>Test</th>
<th>Duration</th>
<th>Result</th>
</tr>
</thead>
<tr>
<td class="success">codeCoverageTest</td>
<td>9.607s</td>
<td class="success">passed</td>
</tr>
</table>
</div>
<div id="tab1" class="tab">
<h2>Standard output</h2>
<span class="code">
<pre>
	|-----------------------------------------------------------------|
	|    Copyright (C) 2011-2019 (DRIP, DROP)
	|-----------------------------------------------------------------|
	|    Build Version  =&gt; 4.40.0 multi mode
	|    Build JVM (TM) =&gt; 1.8.0_112
	|    Build Snap     =&gt; Sun Oct 27 17:37:08 EST 2019
	|    Start Time     =&gt; Sun Oct 27 19:06:58 EDT 2019
	|    Setup Time     =&gt; Sun Oct 27 19:06:58 EDT 2019
	|    Setup Duration =&gt; 0 ms
	|-----------------------------------------------------------------|


	||-------------------------------------------||
	||                R^1 METRICS                ||
	||-------------------------------------------||
	||    L -&gt; R:                                ||
	||            - Mean                         ||
	||            - Error                        ||
	||            - Variance                     ||
	||            - Standard Deviation           ||
	||-------------------------------------------||
	||  0.00174 |  0.80025 |  1.00703 |  1.00351 ||
	||  0.00492 |  0.79765 |  1.00278 |  1.00139 ||
	||  0.00023 |  0.79753 |  1.00091 |  1.00045 ||
	||  0.00041 |  0.79337 |  0.98955 |  0.99476 ||
	||  0.00570 |  0.79843 |  0.99842 |  0.99921 ||
	||  0.00642 |  0.79778 |  0.99869 |  0.99935 ||
	||  0.00700 |  0.79475 |  0.99539 |  0.99769 ||
	||  0.00061 |  0.79462 |  0.99255 |  0.99627 ||
	|| -0.00116 |  0.79450 |  0.99396 |  0.99697 ||
	||-------------------------------------------||

	||------------------------------------------------------------------------------------------||
	||                                     INPUT CORRELATION                                    ||
	||------------------------------------------------------------------------------------------||
	||  1.00000 | 0.16100 | 0.24500 | 0.35200 | 0.25900 | 0.16600 | 0.00300 | 0.03800 | 0.11400 ||
	||  0.16100 | 1.00000 | 0.00000 | 0.00000 | 0.00000 | 0.00000 | 0.00000 | 0.00000 | 0.00000 ||
	||  0.24500 | 0.00000 | 1.00000 | 0.00000 | 0.00000 | 0.00000 | 0.00000 | 0.00000 | 0.00000 ||
	||  0.35200 | 0.00000 | 0.00000 | 1.00000 | 0.00000 | 0.00000 | 0.00000 | 0.00000 | 0.00000 ||
	||  0.25900 | 0.00000 | 0.00000 | 0.00000 | 1.00000 | 0.00000 | 0.00000 | 0.00000 | 0.00000 ||
	||  0.16600 | 0.00000 | 0.00000 | 0.00000 | 0.00000 | 1.00000 | 0.00000 | 0.00000 | 0.00000 ||
	||  0.00300 | 0.00000 | 0.00000 | 0.00000 | 0.00000 | 0.00000 | 1.00000 | 0.00000 | 0.00000 ||
	||  0.03800 | 0.00000 | 0.00000 | 0.00000 | 0.00000 | 0.00000 | 0.00000 | 1.00000 | 0.00000 ||
	||  0.11400 | 0.00000 | 0.00000 | 0.00000 | 0.00000 | 0.00000 | 0.00000 | 0.00000 | 1.00000 ||
	||------------------------------------------------------------------------------------------||

	||------------------------------------------------------------------------------------------||
	||                                    OUTPUT CORRELATION                                    ||
	||------------------------------------------------------------------------------------------||
	||  1.00000 | 0.16152 | 0.24975 | 0.35172 | 0.25402 | 0.16762 |-0.00004 | 0.04377 | 0.11294 ||
	||  0.16152 | 1.00000 |-0.00273 |-0.00297 |-0.00291 |-0.00381 |-0.00177 | 0.00598 |-0.00630 ||
	||  0.24975 |-0.00273 | 1.00000 |-0.00043 | 0.00594 |-0.00397 |-0.00227 |-0.00294 | 0.00348 ||
	||  0.35172 |-0.00297 |-0.00043 | 1.00000 | 0.00184 | 0.00075 | 0.00072 | 0.00550 |-0.00135 ||
	||  0.25402 |-0.00291 | 0.00594 | 0.00184 | 1.00000 |-0.00161 |-0.00355 | 0.00057 | 0.00135 ||
	||  0.16762 |-0.00381 |-0.00397 | 0.00075 |-0.00161 | 1.00000 | 0.00360 | 0.00496 |-0.00886 ||
	|| -0.00004 |-0.00177 |-0.00227 | 0.00072 |-0.00355 | 0.00360 | 1.00000 | 0.00452 |-0.00017 ||
	||  0.04377 | 0.00598 |-0.00294 | 0.00550 | 0.00057 | 0.00496 | 0.00452 | 1.00000 | 0.00969 ||
	||  0.11294 |-0.00630 | 0.00348 |-0.00135 | 0.00135 |-0.00886 |-0.00017 | 0.00969 | 1.00000 ||
	||------------------------------------------------------------------------------------------||

	||------------------------------------------------------------------------------------------||
	||                                    OUTPUT COVARIANCE                                     ||
	||------------------------------------------------------------------------------------------||
	||  1.00703 | 0.16231 | 0.25074 | 0.35110 | 0.25471 | 0.16809 |-0.00004 | 0.04376 | 0.11299 ||
	||  0.16231 | 1.00278 |-0.00274 |-0.00296 |-0.00292 |-0.00381 |-0.00177 | 0.00596 |-0.00629 ||
	||  0.25074 |-0.00274 | 1.00091 |-0.00043 | 0.00593 |-0.00397 |-0.00227 |-0.00293 | 0.00347 ||
	||  0.35110 |-0.00296 |-0.00043 | 0.98955 | 0.00183 | 0.00075 | 0.00071 | 0.00545 |-0.00134 ||
	||  0.25471 |-0.00292 | 0.00593 | 0.00183 | 0.99842 |-0.00161 |-0.00354 | 0.00057 | 0.00135 ||
	||  0.16809 |-0.00381 |-0.00397 | 0.00075 |-0.00161 | 0.99869 | 0.00359 | 0.00494 |-0.00883 ||
	|| -0.00004 |-0.00177 |-0.00227 | 0.00071 |-0.00354 | 0.00359 | 0.99539 | 0.00450 |-0.00017 ||
	||  0.04376 | 0.00596 |-0.00293 | 0.00545 | 0.00057 | 0.00494 | 0.00450 | 0.99255 | 0.00963 ||
	||  0.11299 |-0.00629 | 0.00347 |-0.00134 | 0.00135 |-0.00883 |-0.00017 | 0.00963 | 0.99396 ||
	||------------------------------------------------------------------------------------------||


	|-----------------------------------------------------------------|
	|    Copyright (C) 2011-2019 (DRIP, DROP)
	|-----------------------------------------------------------------|
	|    Build Version  =&gt; 4.40.0 multi mode
	|    Build JVM (TM) =&gt; 1.8.0_112
	|    Build Snap     =&gt; Sun Oct 27 17:37:08 EST 2019
	|    Start Time     =&gt; Sun Oct 27 19:07:01 EDT 2019
	|    Setup Time     =&gt; Sun Oct 27 19:07:01 EDT 2019
	|    Setup Duration =&gt; 0 ms
	|-----------------------------------------------------------------|


	||-------------------------------------------||
	||                R^1 METRICS                ||
	||-------------------------------------------||
	||    L -&gt; R:                                ||
	||            - Mean                         ||
	||            - Error                        ||
	||            - Variance                     ||
	||            - Standard Deviation           ||
	||-------------------------------------------||
	||  0.00802 |  0.79559 |  0.99488 |  0.99744 ||
	||  0.00560 |  0.79544 |  0.99468 |  0.99733 ||
	||  0.00329 |  0.79630 |  0.99932 |  0.99966 ||
	||  0.00297 |  0.79613 |  0.99634 |  0.99817 ||
	||  0.00531 |  0.80001 |  1.00546 |  1.00273 ||
	|| -0.01197 |  0.79989 |  1.00511 |  1.00255 ||
	|| -0.00313 |  0.79617 |  0.99818 |  0.99909 ||
	|| -0.00229 |  0.80003 |  1.00490 |  1.00245 ||
	||  0.00248 |  0.79763 |  0.99723 |  0.99861 ||
	||-------------------------------------------||

	||------------------------------------------------------------------------------------------||
	||                                     INPUT CORRELATION                                    ||
	||------------------------------------------------------------------------------------------||
	||  1.00000 | 0.16100 | 0.24500 | 0.35200 | 0.25900 | 0.16600 | 0.00300 | 0.03800 | 0.11400 ||
	||  0.16100 | 1.00000 | 0.00000 | 0.00000 | 0.00000 | 0.00000 | 0.00000 | 0.00000 | 0.00000 ||
	||  0.24500 | 0.00000 | 1.00000 | 0.00000 | 0.00000 | 0.00000 | 0.00000 | 0.00000 | 0.00000 ||
	||  0.35200 | 0.00000 | 0.00000 | 1.00000 | 0.00000 | 0.00000 | 0.00000 | 0.00000 | 0.00000 ||
	||  0.25900 | 0.00000 | 0.00000 | 0.00000 | 1.00000 | 0.00000 | 0.00000 | 0.00000 | 0.00000 ||
	||  0.16600 | 0.00000 | 0.00000 | 0.00000 | 0.00000 | 1.00000 | 0.00000 | 0.00000 | 0.00000 ||
	||  0.00300 | 0.00000 | 0.00000 | 0.00000 | 0.00000 | 0.00000 | 1.00000 | 0.00000 | 0.00000 ||
	||  0.03800 | 0.00000 | 0.00000 | 0.00000 | 0.00000 | 0.00000 | 0.00000 | 1.00000 | 0.00000 ||
	||  0.11400 | 0.00000 | 0.00000 | 0.00000 | 0.00000 | 0.00000 | 0.00000 | 0.00000 | 1.00000 ||
	||------------------------------------------------------------------------------------------||

	||------------------------------------------------------------------------------------------||
	||                                    OUTPUT CORRELATION                                    ||
	||------------------------------------------------------------------------------------------||
	||  1.00000 | 0.16156 | 0.23717 | 0.35443 | 0.25936 | 0.16583 |-0.00258 | 0.03544 | 0.11473 ||
	||  0.16156 | 1.00000 |-0.00202 |-0.00120 |-0.00177 |-0.00086 | 0.00578 |-0.00275 |-0.00459 ||
	||  0.23717 |-0.00202 | 1.00000 |-0.00317 |-0.00087 |-0.00906 |-0.00531 |-0.00177 |-0.00109 ||
	||  0.35443 |-0.00120 |-0.00317 | 1.00000 | 0.00471 |-0.00036 |-0.00082 | 0.00096 |-0.00127 ||
	||  0.25936 |-0.00177 |-0.00087 | 0.00471 | 1.00000 |-0.00383 |-0.00132 | 0.00244 |-0.00219 ||
	||  0.16583 |-0.00086 |-0.00906 |-0.00036 |-0.00383 | 1.00000 | 0.00580 |-0.00095 | 0.00065 ||
	|| -0.00258 | 0.00578 |-0.00531 |-0.00082 |-0.00132 | 0.00580 | 1.00000 |-0.00593 | 0.00088 ||
	||  0.03544 |-0.00275 |-0.00177 | 0.00096 | 0.00244 |-0.00095 |-0.00593 | 1.00000 |-0.00317 ||
	||  0.11473 |-0.00459 |-0.00109 |-0.00127 |-0.00219 | 0.00065 | 0.00088 |-0.00317 | 1.00000 ||
	||------------------------------------------------------------------------------------------||

	||------------------------------------------------------------------------------------------||
	||                                    OUTPUT COVARIANCE                                     ||
	||------------------------------------------------------------------------------------------||
	||  0.99488 | 0.16071 | 0.23648 | 0.35287 | 0.25940 | 0.16583 |-0.00257 | 0.03543 | 0.11428 ||
	||  0.16071 | 0.99468 |-0.00202 |-0.00120 |-0.00177 |-0.00086 | 0.00576 |-0.00274 |-0.00457 ||
	||  0.23648 |-0.00202 | 0.99932 |-0.00316 |-0.00087 |-0.00908 |-0.00530 |-0.00178 |-0.00109 ||
	||  0.35287 |-0.00120 |-0.00316 | 0.99634 | 0.00471 |-0.00036 |-0.00082 | 0.00096 |-0.00127 ||
	||  0.25940 |-0.00177 |-0.00087 | 0.00471 | 1.00546 |-0.00385 |-0.00132 | 0.00246 |-0.00219 ||
	||  0.16583 |-0.00086 |-0.00908 |-0.00036 |-0.00385 | 1.00511 | 0.00581 |-0.00096 | 0.00065 ||
	|| -0.00257 | 0.00576 |-0.00530 |-0.00082 |-0.00132 | 0.00581 | 0.99818 |-0.00594 | 0.00088 ||
	||  0.03543 |-0.00274 |-0.00178 | 0.00096 | 0.00246 |-0.00096 |-0.00594 | 1.00490 |-0.00318 ||
	||  0.11428 |-0.00457 |-0.00109 |-0.00127 |-0.00219 | 0.00065 | 0.00088 |-0.00318 | 0.99723 ||
	||------------------------------------------------------------------------------------------||


	|-----------------------------------------------------------------|
	|    Copyright (C) 2011-2019 (DRIP, DROP)
	|-----------------------------------------------------------------|
	|    Build Version  =&gt; 4.40.0 multi mode
	|    Build JVM (TM) =&gt; 1.8.0_112
	|    Build Snap     =&gt; Sun Oct 27 17:37:08 EST 2019
	|    Start Time     =&gt; Sun Oct 27 19:07:03 EDT 2019
	|    Setup Time     =&gt; Sun Oct 27 19:07:03 EDT 2019
	|    Setup Duration =&gt; 0 ms
	|-----------------------------------------------------------------|


	||-------------------------------------------||
	||                R^1 METRICS                ||
	||-------------------------------------------||
	||    L -&gt; R:                                ||
	||            - Mean                         ||
	||            - Error                        ||
	||            - Variance                     ||
	||            - Standard Deviation           ||
	||-------------------------------------------||
	||  0.00472 |  0.79668 |  0.99998 |  0.99999 ||
	||  0.00132 |  0.79772 |  1.00000 |  1.00000 ||
	|| -0.00102 |  0.79730 |  1.00000 |  1.00000 ||
	||  0.00955 |  0.79841 |  0.99991 |  0.99995 ||
	|| -0.00400 |  0.79618 |  0.99998 |  0.99999 ||
	||  0.00183 |  0.79909 |  1.00000 |  1.00000 ||
	|| -0.00409 |  0.79798 |  0.99998 |  0.99999 ||
	|| -0.00242 |  0.79801 |  0.99999 |  1.00000 ||
	|| -0.00285 |  0.79904 |  0.99999 |  1.00000 ||
	||-------------------------------------------||

	||------------------------------------------------------------------------------------------||
	||                                     INPUT CORRELATION                                    ||
	||------------------------------------------------------------------------------------------||
	||  1.00000 | 0.16100 | 0.24500 | 0.35200 | 0.25900 | 0.16600 | 0.00300 | 0.03800 | 0.11400 ||
	||  0.16100 | 1.00000 | 0.00000 | 0.00000 | 0.00000 | 0.00000 | 0.00000 | 0.00000 | 0.00000 ||
	||  0.24500 | 0.00000 | 1.00000 | 0.00000 | 0.00000 | 0.00000 | 0.00000 | 0.00000 | 0.00000 ||
	||  0.35200 | 0.00000 | 0.00000 | 1.00000 | 0.00000 | 0.00000 | 0.00000 | 0.00000 | 0.00000 ||
	||  0.25900 | 0.00000 | 0.00000 | 0.00000 | 1.00000 | 0.00000 | 0.00000 | 0.00000 | 0.00000 ||
	||  0.16600 | 0.00000 | 0.00000 | 0.00000 | 0.00000 | 1.00000 | 0.00000 | 0.00000 | 0.00000 ||
	||  0.00300 | 0.00000 | 0.00000 | 0.00000 | 0.00000 | 0.00000 | 1.00000 | 0.00000 | 0.00000 ||
	||  0.03800 | 0.00000 | 0.00000 | 0.00000 | 0.00000 | 0.00000 | 0.00000 | 1.00000 | 0.00000 ||
	||  0.11400 | 0.00000 | 0.00000 | 0.00000 | 0.00000 | 0.00000 | 0.00000 | 0.00000 | 1.00000 ||
	||------------------------------------------------------------------------------------------||

	||------------------------------------------------------------------------------------------||
	||                                    OUTPUT CORRELATION                                    ||
	||------------------------------------------------------------------------------------------||
	||  1.00000 | 0.15778 | 0.24957 | 0.34935 | 0.26203 | 0.16343 | 0.00076 | 0.02855 | 0.11076 ||
	||  0.15778 | 1.00000 | 0.00218 |-0.00888 | 0.00248 | 0.00556 |-0.01094 | 0.00585 | 0.00125 ||
	||  0.24957 | 0.00218 | 1.00000 | 0.00336 | 0.00443 | 0.00451 |-0.00026 |-0.01547 |-0.00673 ||
	||  0.34935 |-0.00888 | 0.00336 | 1.00000 | 0.00590 |-0.00568 |-0.00089 |-0.00260 | 0.00148 ||
	||  0.26203 | 0.00248 | 0.00443 | 0.00590 | 1.00000 |-0.00722 |-0.00434 |-0.00401 | 0.00154 ||
	||  0.16343 | 0.00556 | 0.00451 |-0.00568 |-0.00722 | 1.00000 |-0.00466 |-0.00217 |-0.00291 ||
	||  0.00076 |-0.01094 |-0.00026 |-0.00089 |-0.00434 |-0.00466 | 1.00000 |-0.00195 | 0.00111 ||
	||  0.02855 | 0.00585 |-0.01547 |-0.00260 |-0.00401 |-0.00217 |-0.00195 | 1.00000 |-0.00117 ||
	||  0.11076 | 0.00125 |-0.00673 | 0.00148 | 0.00154 |-0.00291 | 0.00111 |-0.00117 | 1.00000 ||
	||------------------------------------------------------------------------------------------||

	||------------------------------------------------------------------------------------------||
	||                                    OUTPUT COVARIANCE                                     ||
	||------------------------------------------------------------------------------------------||
	||  0.99998 | 0.15778 | 0.24957 | 0.34933 | 0.26203 | 0.16343 | 0.00076 | 0.02855 | 0.11075 ||
	||  0.15778 | 1.00000 | 0.00218 |-0.00888 | 0.00248 | 0.00556 |-0.01094 | 0.00585 | 0.00125 ||
	||  0.24957 | 0.00218 | 1.00000 | 0.00336 | 0.00443 | 0.00451 |-0.00026 |-0.01547 |-0.00673 ||
	||  0.34933 |-0.00888 | 0.00336 | 0.99991 | 0.00590 |-0.00568 |-0.00089 |-0.00260 | 0.00148 ||
	||  0.26203 | 0.00248 | 0.00443 | 0.00590 | 0.99998 |-0.00722 |-0.00434 |-0.00401 | 0.00154 ||
	||  0.16343 | 0.00556 | 0.00451 |-0.00568 |-0.00722 | 1.00000 |-0.00466 |-0.00217 |-0.00291 ||
	||  0.00076 |-0.01094 |-0.00026 |-0.00089 |-0.00434 |-0.00466 | 0.99998 |-0.00195 | 0.00111 ||
	||  0.02855 | 0.00585 |-0.01547 |-0.00260 |-0.00401 |-0.00217 |-0.00195 | 0.99999 |-0.00117 ||
	||  0.11075 | 0.00125 |-0.00673 | 0.00148 | 0.00154 |-0.00291 | 0.00111 |-0.00117 | 0.99999 ||
	||------------------------------------------------------------------------------------------||


	|-----------------------------------------------------------------|
	|    Copyright (C) 2011-2019 (DRIP, DROP)
	|-----------------------------------------------------------------|
	|    Build Version  =&gt; 4.40.0 multi mode
	|    Build JVM (TM) =&gt; 1.8.0_112
	|    Build Snap     =&gt; Sun Oct 27 17:37:08 EST 2019
	|    Start Time     =&gt; Sun Oct 27 19:07:06 EDT 2019
	|    Setup Time     =&gt; Sun Oct 27 19:07:06 EDT 2019
	|    Setup Duration =&gt; 0 ms
	|-----------------------------------------------------------------|


	||-------------------------------------------||
	||                R^1 METRICS                ||
	||-------------------------------------------||
	||    L -&gt; R:                                ||
	||            - Mean                         ||
	||            - Error                        ||
	||            - Variance                     ||
	||            - Standard Deviation           ||
	||-------------------------------------------||
	||  0.00196 |  0.79864 |  0.99998 |  0.99999 ||
	|| -0.00409 |  0.79749 |  0.99996 |  0.99998 ||
	|| -0.00225 |  0.79489 |  0.99997 |  0.99999 ||
	||  0.00020 |  0.79746 |  0.99998 |  0.99999 ||
	|| -0.00452 |  0.79700 |  0.99996 |  0.99998 ||
	||  0.00417 |  0.79741 |  0.99996 |  0.99998 ||
	||  0.00668 |  0.79657 |  0.99994 |  0.99997 ||
	||  0.00194 |  0.79903 |  0.99998 |  0.99999 ||
	||  0.01197 |  0.79951 |  0.99984 |  0.99992 ||
	||-------------------------------------------||

	||------------------------------------------------------------------------------------------||
	||                                     INPUT CORRELATION                                    ||
	||------------------------------------------------------------------------------------------||
	||  1.00000 | 0.16100 | 0.24500 | 0.35200 | 0.25900 | 0.16600 | 0.00300 | 0.03800 | 0.11400 ||
	||  0.16100 | 1.00000 | 0.00000 | 0.00000 | 0.00000 | 0.00000 | 0.00000 | 0.00000 | 0.00000 ||
	||  0.24500 | 0.00000 | 1.00000 | 0.00000 | 0.00000 | 0.00000 | 0.00000 | 0.00000 | 0.00000 ||
	||  0.35200 | 0.00000 | 0.00000 | 1.00000 | 0.00000 | 0.00000 | 0.00000 | 0.00000 | 0.00000 ||
	||  0.25900 | 0.00000 | 0.00000 | 0.00000 | 1.00000 | 0.00000 | 0.00000 | 0.00000 | 0.00000 ||
	||  0.16600 | 0.00000 | 0.00000 | 0.00000 | 0.00000 | 1.00000 | 0.00000 | 0.00000 | 0.00000 ||
	||  0.00300 | 0.00000 | 0.00000 | 0.00000 | 0.00000 | 0.00000 | 1.00000 | 0.00000 | 0.00000 ||
	||  0.03800 | 0.00000 | 0.00000 | 0.00000 | 0.00000 | 0.00000 | 0.00000 | 1.00000 | 0.00000 ||
	||  0.11400 | 0.00000 | 0.00000 | 0.00000 | 0.00000 | 0.00000 | 0.00000 | 0.00000 | 1.00000 ||
	||------------------------------------------------------------------------------------------||

	||------------------------------------------------------------------------------------------||
	||                                    OUTPUT CORRELATION                                    ||
	||------------------------------------------------------------------------------------------||
	||  1.00000 | 0.15613 | 0.24304 | 0.34656 | 0.25864 | 0.16446 | 0.00891 | 0.03374 | 0.11810 ||
	||  0.15613 | 1.00000 | 0.01103 |-0.00366 | 0.00068 |-0.01102 | 0.00547 | 0.00336 |-0.00116 ||
	||  0.24304 | 0.01103 | 1.00000 |-0.00527 |-0.00246 |-0.00396 | 0.00377 | 0.00219 | 0.00099 ||
	||  0.34656 |-0.00366 |-0.00527 | 1.00000 | 0.00032 | 0.00219 |-0.00379 | 0.00137 |-0.00720 ||
	||  0.25864 | 0.00068 |-0.00246 | 0.00032 | 1.00000 |-0.01063 |-0.00208 |-0.00011 |-0.00272 ||
	||  0.16446 |-0.01102 |-0.00396 | 0.00219 |-0.01063 | 1.00000 |-0.00288 |-0.00688 | 0.00146 ||
	||  0.00891 | 0.00547 | 0.00377 |-0.00379 |-0.00208 |-0.00288 | 1.00000 |-0.00216 |-0.00192 ||
	||  0.03374 | 0.00336 | 0.00219 | 0.00137 |-0.00011 |-0.00688 |-0.00216 | 1.00000 | 0.00270 ||
	||  0.11810 |-0.00116 | 0.00099 |-0.00720 |-0.00272 | 0.00146 |-0.00192 | 0.00270 | 1.00000 ||
	||------------------------------------------------------------------------------------------||

	||------------------------------------------------------------------------------------------||
	||                                    OUTPUT COVARIANCE                                     ||
	||------------------------------------------------------------------------------------------||
	||  0.99998 | 0.15612 | 0.24304 | 0.34656 | 0.25863 | 0.16446 | 0.00891 | 0.03374 | 0.11808 ||
	||  0.15612 | 0.99996 | 0.01103 |-0.00366 | 0.00068 |-0.01102 | 0.00547 | 0.00336 |-0.00116 ||
	||  0.24304 | 0.01103 | 0.99997 |-0.00527 |-0.00246 |-0.00396 | 0.00377 | 0.00219 | 0.00099 ||
	||  0.34656 |-0.00366 |-0.00527 | 0.99998 | 0.00032 | 0.00219 |-0.00379 | 0.00137 |-0.00720 ||
	||  0.25863 | 0.00068 |-0.00246 | 0.00032 | 0.99996 |-0.01063 |-0.00208 |-0.00011 |-0.00272 ||
	||  0.16446 |-0.01102 |-0.00396 | 0.00219 |-0.01063 | 0.99996 |-0.00288 |-0.00688 | 0.00146 ||
	||  0.00891 | 0.00547 | 0.00377 |-0.00379 |-0.00208 |-0.00288 | 0.99994 |-0.00216 |-0.00192 ||
	||  0.03374 | 0.00336 | 0.00219 | 0.00137 |-0.00011 |-0.00688 |-0.00216 | 0.99998 | 0.00270 ||
	||  0.11808 |-0.00116 | 0.00099 |-0.00720 |-0.00272 | 0.00146 |-0.00192 | 0.00270 | 0.99984 ||
	||------------------------------------------------------------------------------------------||

</pre>
</span>
</div>
</div>
<div id="footer">
<p>
<div>
<label class="hidden" id="label-for-line-wrapping-toggle" for="line-wrapping-toggle">Wrap lines
<input id="line-wrapping-toggle" type="checkbox" autocomplete="off"/>
</label>
</div>Generated by 
<a href="http://www.gradle.org">Gradle 3.5</a> at Oct 27, 2019 7:33:31 PM</p>
</div>
</div>
</body>
</html>
