<!DOCTYPE html>
<html>
<head>
<meta http-equiv="Content-Type" content="text/html; charset=utf-8"/>
<meta http-equiv="x-ua-compatible" content="IE=edge"/>
<title>Test results - Class org.drip.coverage.sequence.Statistics</title>
<link href="../css/base-style.css" rel="stylesheet" type="text/css"/>
<link href="../css/style.css" rel="stylesheet" type="text/css"/>
<script src="../js/report.js" type="text/javascript"></script>
</head>
<body>
<div id="content">
<h1>Class org.drip.coverage.sequence.Statistics</h1>
<div class="breadcrumbs">
<a href="../index.html">all</a> &gt; 
<a href="../packages/org.drip.coverage.sequence.html">org.drip.coverage.sequence</a> &gt; Statistics</div>
<div id="summary">
<table>
<tr>
<td>
<div class="summaryGroup">
<table>
<tr>
<td>
<div class="infoBox" id="tests">
<div class="counter">1</div>
<p>tests</p>
</div>
</td>
<td>
<div class="infoBox" id="failures">
<div class="counter">0</div>
<p>failures</p>
</div>
</td>
<td>
<div class="infoBox" id="ignored">
<div class="counter">0</div>
<p>ignored</p>
</div>
</td>
<td>
<div class="infoBox" id="duration">
<div class="counter">9.826s</div>
<p>duration</p>
</div>
</td>
</tr>
</table>
</div>
</td>
<td>
<div class="infoBox success" id="successRate">
<div class="percent">100%</div>
<p>successful</p>
</div>
</td>
</tr>
</table>
</div>
<div id="tabs">
<ul class="tabLinks">
<li>
<a href="#tab0">Tests</a>
</li>
<li>
<a href="#tab1">Standard output</a>
</li>
</ul>
<div id="tab0" class="tab">
<h2>Tests</h2>
<table>
<thead>
<tr>
<th>Test</th>
<th>Duration</th>
<th>Result</th>
</tr>
</thead>
<tr>
<td class="success">codeCoverageTest</td>
<td>9.826s</td>
<td class="success">passed</td>
</tr>
</table>
</div>
<div id="tab1" class="tab">
<h2>Standard output</h2>
<span class="code">
<pre>
	|-----------------------------------------------------------------|
	|    Copyright (C) 2011-2019 (DRIP, DROP)
	|-----------------------------------------------------------------|
	|    Build Version  =&gt; 4.18.0 multi mode
	|    Build JVM (TM) =&gt; 1.8.0_112
	|    Build Snap     =&gt; Mon May 27 19:47:55 EST 2019
	|    Start Time     =&gt; Tue May 28 20:46:36 EDT 2019
	|    Setup Time     =&gt; Tue May 28 20:46:36 EDT 2019
	|    Setup Duration =&gt; 0 ms
	|-----------------------------------------------------------------|


	||-------------------------------------------||
	||                R^1 METRICS                ||
	||-------------------------------------------||
	||    L -&gt; R:                                ||
	||            - Mean                         ||
	||            - Error                        ||
	||            - Variance                     ||
	||            - Standard Deviation           ||
	||-------------------------------------------||
	|| -0.00519 |  0.79655 |  0.99350 |  0.99674 ||
	||  0.00342 |  0.80385 |  1.01130 |  1.00564 ||
	|| -0.00217 |  0.79824 |  1.00710 |  1.00354 ||
	||  0.00603 |  0.80048 |  1.00634 |  1.00317 ||
	||  0.00192 |  0.80238 |  1.00856 |  1.00427 ||
	|| -0.00851 |  0.79493 |  0.99801 |  0.99901 ||
	||  0.00452 |  0.79355 |  0.98685 |  0.99340 ||
	||  0.00408 |  0.79778 |  1.00398 |  1.00199 ||
	|| -0.00061 |  0.79651 |  0.99719 |  0.99859 ||
	||-------------------------------------------||

	||------------------------------------------------------------------------------------------||
	||                                     INPUT CORRELATION                                    ||
	||------------------------------------------------------------------------------------------||
	||  1.00000 | 0.16100 | 0.24500 | 0.35200 | 0.25900 | 0.16600 | 0.00300 | 0.03800 | 0.11400 ||
	||  0.16100 | 1.00000 | 0.00000 | 0.00000 | 0.00000 | 0.00000 | 0.00000 | 0.00000 | 0.00000 ||
	||  0.24500 | 0.00000 | 1.00000 | 0.00000 | 0.00000 | 0.00000 | 0.00000 | 0.00000 | 0.00000 ||
	||  0.35200 | 0.00000 | 0.00000 | 1.00000 | 0.00000 | 0.00000 | 0.00000 | 0.00000 | 0.00000 ||
	||  0.25900 | 0.00000 | 0.00000 | 0.00000 | 1.00000 | 0.00000 | 0.00000 | 0.00000 | 0.00000 ||
	||  0.16600 | 0.00000 | 0.00000 | 0.00000 | 0.00000 | 1.00000 | 0.00000 | 0.00000 | 0.00000 ||
	||  0.00300 | 0.00000 | 0.00000 | 0.00000 | 0.00000 | 0.00000 | 1.00000 | 0.00000 | 0.00000 ||
	||  0.03800 | 0.00000 | 0.00000 | 0.00000 | 0.00000 | 0.00000 | 0.00000 | 1.00000 | 0.00000 ||
	||  0.11400 | 0.00000 | 0.00000 | 0.00000 | 0.00000 | 0.00000 | 0.00000 | 0.00000 | 1.00000 ||
	||------------------------------------------------------------------------------------------||

	||------------------------------------------------------------------------------------------||
	||                                    OUTPUT CORRELATION                                    ||
	||------------------------------------------------------------------------------------------||
	||  1.00000 | 0.15985 | 0.24540 | 0.34665 | 0.26524 | 0.16668 | 0.00143 | 0.03738 | 0.11982 ||
	||  0.15985 | 1.00000 | 0.00087 |-0.00451 | 0.00954 | 0.00335 |-0.00137 | 0.00180 |-0.00008 ||
	||  0.24540 | 0.00087 | 1.00000 | 0.00043 | 0.00264 |-0.00245 |-0.00350 | 0.00331 | 0.00448 ||
	||  0.34665 |-0.00451 | 0.00043 | 1.00000 |-0.00102 | 0.00239 | 0.00508 | 0.00676 | 0.00616 ||
	||  0.26524 | 0.00954 | 0.00264 |-0.00102 | 1.00000 |-0.00273 | 0.00404 |-0.00220 |-0.00186 ||
	||  0.16668 | 0.00335 |-0.00245 | 0.00239 |-0.00273 | 1.00000 |-0.00022 |-0.00582 |-0.00327 ||
	||  0.00143 |-0.00137 |-0.00350 | 0.00508 | 0.00404 |-0.00022 | 1.00000 | 0.00074 | 0.00548 ||
	||  0.03738 | 0.00180 | 0.00331 | 0.00676 |-0.00220 |-0.00582 | 0.00074 | 1.00000 |-0.00660 ||
	||  0.11982 |-0.00008 | 0.00448 | 0.00616 |-0.00186 |-0.00327 | 0.00548 |-0.00660 | 1.00000 ||
	||------------------------------------------------------------------------------------------||

	||------------------------------------------------------------------------------------------||
	||                                    OUTPUT COVARIANCE                                     ||
	||------------------------------------------------------------------------------------------||
	||  0.99350 | 0.16023 | 0.24547 | 0.34661 | 0.26550 | 0.16597 | 0.00142 | 0.03733 | 0.11926 ||
	||  0.16023 | 1.01130 | 0.00087 |-0.00455 | 0.00964 | 0.00337 |-0.00137 | 0.00181 |-0.00008 ||
	||  0.24547 | 0.00087 | 1.00710 | 0.00043 | 0.00266 |-0.00245 |-0.00349 | 0.00333 | 0.00449 ||
	||  0.34661 |-0.00455 | 0.00043 | 1.00634 |-0.00103 | 0.00239 | 0.00506 | 0.00679 | 0.00617 ||
	||  0.26550 | 0.00964 | 0.00266 |-0.00103 | 1.00856 |-0.00274 | 0.00403 |-0.00221 |-0.00187 ||
	||  0.16597 | 0.00337 |-0.00245 | 0.00239 |-0.00274 | 0.99801 |-0.00022 |-0.00582 |-0.00326 ||
	||  0.00142 |-0.00137 |-0.00349 | 0.00506 | 0.00403 |-0.00022 | 0.98685 | 0.00073 | 0.00544 ||
	||  0.03733 | 0.00181 | 0.00333 | 0.00679 |-0.00221 |-0.00582 | 0.00073 | 1.00398 |-0.00660 ||
	||  0.11926 |-0.00008 | 0.00449 | 0.00617 |-0.00187 |-0.00326 | 0.00544 |-0.00660 | 0.99719 ||
	||------------------------------------------------------------------------------------------||


	|-----------------------------------------------------------------|
	|    Copyright (C) 2011-2019 (DRIP, DROP)
	|-----------------------------------------------------------------|
	|    Build Version  =&gt; 4.18.0 multi mode
	|    Build JVM (TM) =&gt; 1.8.0_112
	|    Build Snap     =&gt; Mon May 27 19:47:55 EST 2019
	|    Start Time     =&gt; Tue May 28 20:46:39 EDT 2019
	|    Setup Time     =&gt; Tue May 28 20:46:39 EDT 2019
	|    Setup Duration =&gt; 0 ms
	|-----------------------------------------------------------------|


	||-------------------------------------------||
	||                R^1 METRICS                ||
	||-------------------------------------------||
	||    L -&gt; R:                                ||
	||            - Mean                         ||
	||            - Error                        ||
	||            - Variance                     ||
	||            - Standard Deviation           ||
	||-------------------------------------------||
	||  0.00033 |  0.79617 |  0.99804 |  0.99902 ||
	|| -0.00200 |  0.79827 |  0.99650 |  0.99825 ||
	||  0.00535 |  0.79531 |  0.99616 |  0.99808 ||
	|| -0.00254 |  0.79983 |  1.00409 |  1.00204 ||
	|| -0.00588 |  0.79791 |  1.00049 |  1.00024 ||
	||  0.00687 |  0.79804 |  1.00197 |  1.00098 ||
	||  0.00033 |  0.79802 |  0.99904 |  0.99952 ||
	|| -0.00503 |  0.79925 |  1.00506 |  1.00253 ||
	|| -0.00595 |  0.79964 |  1.00033 |  1.00017 ||
	||-------------------------------------------||

	||------------------------------------------------------------------------------------------||
	||                                     INPUT CORRELATION                                    ||
	||------------------------------------------------------------------------------------------||
	||  1.00000 | 0.16100 | 0.24500 | 0.35200 | 0.25900 | 0.16600 | 0.00300 | 0.03800 | 0.11400 ||
	||  0.16100 | 1.00000 | 0.00000 | 0.00000 | 0.00000 | 0.00000 | 0.00000 | 0.00000 | 0.00000 ||
	||  0.24500 | 0.00000 | 1.00000 | 0.00000 | 0.00000 | 0.00000 | 0.00000 | 0.00000 | 0.00000 ||
	||  0.35200 | 0.00000 | 0.00000 | 1.00000 | 0.00000 | 0.00000 | 0.00000 | 0.00000 | 0.00000 ||
	||  0.25900 | 0.00000 | 0.00000 | 0.00000 | 1.00000 | 0.00000 | 0.00000 | 0.00000 | 0.00000 ||
	||  0.16600 | 0.00000 | 0.00000 | 0.00000 | 0.00000 | 1.00000 | 0.00000 | 0.00000 | 0.00000 ||
	||  0.00300 | 0.00000 | 0.00000 | 0.00000 | 0.00000 | 0.00000 | 1.00000 | 0.00000 | 0.00000 ||
	||  0.03800 | 0.00000 | 0.00000 | 0.00000 | 0.00000 | 0.00000 | 0.00000 | 1.00000 | 0.00000 ||
	||  0.11400 | 0.00000 | 0.00000 | 0.00000 | 0.00000 | 0.00000 | 0.00000 | 0.00000 | 1.00000 ||
	||------------------------------------------------------------------------------------------||

	||------------------------------------------------------------------------------------------||
	||                                    OUTPUT CORRELATION                                    ||
	||------------------------------------------------------------------------------------------||
	||  1.00000 | 0.16345 | 0.24864 | 0.35520 | 0.26505 | 0.16515 | 0.00947 | 0.03550 | 0.11607 ||
	||  0.16345 | 1.00000 | 0.00389 | 0.00070 |-0.00079 | 0.00219 | 0.00745 | 0.00382 | 0.00361 ||
	||  0.24864 | 0.00389 | 1.00000 | 0.00029 | 0.00052 | 0.00087 | 0.00551 | 0.00632 |-0.00573 ||
	||  0.35520 | 0.00070 | 0.00029 | 1.00000 | 0.00273 | 0.00149 | 0.00724 |-0.00247 | 0.00356 ||
	||  0.26505 |-0.00079 | 0.00052 | 0.00273 | 1.00000 |-0.00154 | 0.00437 |-0.00415 | 0.00313 ||
	||  0.16515 | 0.00219 | 0.00087 | 0.00149 |-0.00154 | 1.00000 | 0.00218 |-0.00473 | 0.00784 ||
	||  0.00947 | 0.00745 | 0.00551 | 0.00724 | 0.00437 | 0.00218 | 1.00000 | 0.00112 |-0.00224 ||
	||  0.03550 | 0.00382 | 0.00632 |-0.00247 |-0.00415 |-0.00473 | 0.00112 | 1.00000 |-0.00305 ||
	||  0.11607 | 0.00361 |-0.00573 | 0.00356 | 0.00313 | 0.00784 |-0.00224 |-0.00305 | 1.00000 ||
	||------------------------------------------------------------------------------------------||

	||------------------------------------------------------------------------------------------||
	||                                    OUTPUT COVARIANCE                                     ||
	||------------------------------------------------------------------------------------------||
	||  0.99804 | 0.16301 | 0.24792 | 0.35557 | 0.26486 | 0.16515 | 0.00945 | 0.03555 | 0.11597 ||
	||  0.16301 | 0.99650 | 0.00387 | 0.00070 |-0.00079 | 0.00219 | 0.00743 | 0.00382 | 0.00360 ||
	||  0.24792 | 0.00387 | 0.99616 | 0.00029 | 0.00052 | 0.00087 | 0.00550 | 0.00633 |-0.00572 ||
	||  0.35557 | 0.00070 | 0.00029 | 1.00409 | 0.00273 | 0.00149 | 0.00725 |-0.00248 | 0.00357 ||
	||  0.26486 |-0.00079 | 0.00052 | 0.00273 | 1.00049 |-0.00154 | 0.00436 |-0.00416 | 0.00313 ||
	||  0.16515 | 0.00219 | 0.00087 | 0.00149 |-0.00154 | 1.00197 | 0.00218 |-0.00475 | 0.00785 ||
	||  0.00945 | 0.00743 | 0.00550 | 0.00725 | 0.00436 | 0.00218 | 0.99904 | 0.00112 |-0.00224 ||
	||  0.03555 | 0.00382 | 0.00633 |-0.00248 |-0.00416 |-0.00475 | 0.00112 | 1.00506 |-0.00306 ||
	||  0.11597 | 0.00360 |-0.00572 | 0.00357 | 0.00313 | 0.00785 |-0.00224 |-0.00306 | 1.00033 ||
	||------------------------------------------------------------------------------------------||


	|-----------------------------------------------------------------|
	|    Copyright (C) 2011-2019 (DRIP, DROP)
	|-----------------------------------------------------------------|
	|    Build Version  =&gt; 4.18.0 multi mode
	|    Build JVM (TM) =&gt; 1.8.0_112
	|    Build Snap     =&gt; Mon May 27 19:47:55 EST 2019
	|    Start Time     =&gt; Tue May 28 20:46:41 EDT 2019
	|    Setup Time     =&gt; Tue May 28 20:46:41 EDT 2019
	|    Setup Duration =&gt; 0 ms
	|-----------------------------------------------------------------|


	||-------------------------------------------||
	||                R^1 METRICS                ||
	||-------------------------------------------||
	||    L -&gt; R:                                ||
	||            - Mean                         ||
	||            - Error                        ||
	||            - Variance                     ||
	||            - Standard Deviation           ||
	||-------------------------------------------||
	||  0.00586 |  0.79768 |  0.99997 |  0.99998 ||
	|| -0.00423 |  0.79866 |  0.99998 |  0.99999 ||
	|| -0.00530 |  0.79693 |  0.99997 |  0.99999 ||
	|| -0.00102 |  0.79734 |  1.00000 |  1.00000 ||
	|| -0.00224 |  0.79802 |  1.00000 |  1.00000 ||
	||  0.00119 |  0.79856 |  1.00000 |  1.00000 ||
	||  0.00899 |  0.79859 |  0.99992 |  0.99996 ||
	|| -0.00467 |  0.79733 |  0.99998 |  0.99999 ||
	|| -0.00057 |  0.79623 |  1.00000 |  1.00000 ||
	||-------------------------------------------||

	||------------------------------------------------------------------------------------------||
	||                                     INPUT CORRELATION                                    ||
	||------------------------------------------------------------------------------------------||
	||  1.00000 | 0.16100 | 0.24500 | 0.35200 | 0.25900 | 0.16600 | 0.00300 | 0.03800 | 0.11400 ||
	||  0.16100 | 1.00000 | 0.00000 | 0.00000 | 0.00000 | 0.00000 | 0.00000 | 0.00000 | 0.00000 ||
	||  0.24500 | 0.00000 | 1.00000 | 0.00000 | 0.00000 | 0.00000 | 0.00000 | 0.00000 | 0.00000 ||
	||  0.35200 | 0.00000 | 0.00000 | 1.00000 | 0.00000 | 0.00000 | 0.00000 | 0.00000 | 0.00000 ||
	||  0.25900 | 0.00000 | 0.00000 | 0.00000 | 1.00000 | 0.00000 | 0.00000 | 0.00000 | 0.00000 ||
	||  0.16600 | 0.00000 | 0.00000 | 0.00000 | 0.00000 | 1.00000 | 0.00000 | 0.00000 | 0.00000 ||
	||  0.00300 | 0.00000 | 0.00000 | 0.00000 | 0.00000 | 0.00000 | 1.00000 | 0.00000 | 0.00000 ||
	||  0.03800 | 0.00000 | 0.00000 | 0.00000 | 0.00000 | 0.00000 | 0.00000 | 1.00000 | 0.00000 ||
	||  0.11400 | 0.00000 | 0.00000 | 0.00000 | 0.00000 | 0.00000 | 0.00000 | 0.00000 | 1.00000 ||
	||------------------------------------------------------------------------------------------||

	||------------------------------------------------------------------------------------------||
	||                                    OUTPUT CORRELATION                                    ||
	||------------------------------------------------------------------------------------------||
	||  1.00000 | 0.15908 | 0.24638 | 0.35160 | 0.25111 | 0.16182 | 0.00652 | 0.04431 | 0.11877 ||
	||  0.15908 | 1.00000 | 0.00021 |-0.00415 |-0.00087 |-0.00031 |-0.00270 |-0.00544 |-0.00127 ||
	||  0.24638 | 0.00021 | 1.00000 |-0.00055 |-0.00698 |-0.00296 | 0.00539 | 0.00028 |-0.00210 ||
	||  0.35160 |-0.00415 |-0.00055 | 1.00000 |-0.00075 |-0.00394 | 0.00069 |-0.00111 | 0.00499 ||
	||  0.25111 |-0.00087 |-0.00698 |-0.00075 | 1.00000 | 0.00004 |-0.00091 |-0.00020 | 0.00091 ||
	||  0.16182 |-0.00031 |-0.00296 |-0.00394 | 0.00004 | 1.00000 | 0.00090 | 0.00545 | 0.00067 ||
	||  0.00652 |-0.00270 | 0.00539 | 0.00069 |-0.00091 | 0.00090 | 1.00000 | 0.00451 | 0.00385 ||
	||  0.04431 |-0.00544 | 0.00028 |-0.00111 |-0.00020 | 0.00545 | 0.00451 | 1.00000 | 0.00405 ||
	||  0.11877 |-0.00127 |-0.00210 | 0.00499 | 0.00091 | 0.00067 | 0.00385 | 0.00405 | 1.00000 ||
	||------------------------------------------------------------------------------------------||

	||------------------------------------------------------------------------------------------||
	||                                    OUTPUT COVARIANCE                                     ||
	||------------------------------------------------------------------------------------------||
	||  0.99997 | 0.15908 | 0.24637 | 0.35159 | 0.25111 | 0.16181 | 0.00652 | 0.04430 | 0.11877 ||
	||  0.15908 | 0.99998 | 0.00021 |-0.00415 |-0.00087 |-0.00031 |-0.00270 |-0.00544 |-0.00127 ||
	||  0.24637 | 0.00021 | 0.99997 |-0.00055 |-0.00698 |-0.00296 | 0.00539 | 0.00028 |-0.00210 ||
	||  0.35159 |-0.00415 |-0.00055 | 1.00000 |-0.00075 |-0.00394 | 0.00069 |-0.00111 | 0.00499 ||
	||  0.25111 |-0.00087 |-0.00698 |-0.00075 | 1.00000 | 0.00004 |-0.00091 |-0.00020 | 0.00091 ||
	||  0.16181 |-0.00031 |-0.00296 |-0.00394 | 0.00004 | 1.00000 | 0.00090 | 0.00545 | 0.00067 ||
	||  0.00652 |-0.00270 | 0.00539 | 0.00069 |-0.00091 | 0.00090 | 0.99992 | 0.00451 | 0.00385 ||
	||  0.04430 |-0.00544 | 0.00028 |-0.00111 |-0.00020 | 0.00545 | 0.00451 | 0.99998 | 0.00405 ||
	||  0.11877 |-0.00127 |-0.00210 | 0.00499 | 0.00091 | 0.00067 | 0.00385 | 0.00405 | 1.00000 ||
	||------------------------------------------------------------------------------------------||


	|-----------------------------------------------------------------|
	|    Copyright (C) 2011-2019 (DRIP, DROP)
	|-----------------------------------------------------------------|
	|    Build Version  =&gt; 4.18.0 multi mode
	|    Build JVM (TM) =&gt; 1.8.0_112
	|    Build Snap     =&gt; Mon May 27 19:47:55 EST 2019
	|    Start Time     =&gt; Tue May 28 20:46:44 EDT 2019
	|    Setup Time     =&gt; Tue May 28 20:46:44 EDT 2019
	|    Setup Duration =&gt; 0 ms
	|-----------------------------------------------------------------|


	||-------------------------------------------||
	||                R^1 METRICS                ||
	||-------------------------------------------||
	||    L -&gt; R:                                ||
	||            - Mean                         ||
	||            - Error                        ||
	||            - Variance                     ||
	||            - Standard Deviation           ||
	||-------------------------------------------||
	||  0.00529 |  0.79850 |  0.99995 |  0.99998 ||
	||  0.00391 |  0.79921 |  0.99996 |  0.99998 ||
	|| -0.00597 |  0.79709 |  0.99994 |  0.99997 ||
	||  0.00101 |  0.79708 |  0.99998 |  0.99999 ||
	||  0.00259 |  0.79783 |  0.99997 |  0.99999 ||
	||  0.00068 |  0.79870 |  0.99998 |  0.99999 ||
	||  0.00019 |  0.79788 |  0.99998 |  0.99999 ||
	|| -0.00800 |  0.79782 |  0.99992 |  0.99996 ||
	|| -0.00404 |  0.79820 |  0.99996 |  0.99998 ||
	||-------------------------------------------||

	||------------------------------------------------------------------------------------------||
	||                                     INPUT CORRELATION                                    ||
	||------------------------------------------------------------------------------------------||
	||  1.00000 | 0.16100 | 0.24500 | 0.35200 | 0.25900 | 0.16600 | 0.00300 | 0.03800 | 0.11400 ||
	||  0.16100 | 1.00000 | 0.00000 | 0.00000 | 0.00000 | 0.00000 | 0.00000 | 0.00000 | 0.00000 ||
	||  0.24500 | 0.00000 | 1.00000 | 0.00000 | 0.00000 | 0.00000 | 0.00000 | 0.00000 | 0.00000 ||
	||  0.35200 | 0.00000 | 0.00000 | 1.00000 | 0.00000 | 0.00000 | 0.00000 | 0.00000 | 0.00000 ||
	||  0.25900 | 0.00000 | 0.00000 | 0.00000 | 1.00000 | 0.00000 | 0.00000 | 0.00000 | 0.00000 ||
	||  0.16600 | 0.00000 | 0.00000 | 0.00000 | 0.00000 | 1.00000 | 0.00000 | 0.00000 | 0.00000 ||
	||  0.00300 | 0.00000 | 0.00000 | 0.00000 | 0.00000 | 0.00000 | 1.00000 | 0.00000 | 0.00000 ||
	||  0.03800 | 0.00000 | 0.00000 | 0.00000 | 0.00000 | 0.00000 | 0.00000 | 1.00000 | 0.00000 ||
	||  0.11400 | 0.00000 | 0.00000 | 0.00000 | 0.00000 | 0.00000 | 0.00000 | 0.00000 | 1.00000 ||
	||------------------------------------------------------------------------------------------||

	||------------------------------------------------------------------------------------------||
	||                                    OUTPUT CORRELATION                                    ||
	||------------------------------------------------------------------------------------------||
	||  1.00000 | 0.16029 | 0.25004 | 0.35343 | 0.26016 | 0.16394 |-0.00342 | 0.03945 | 0.11430 ||
	||  0.16029 | 1.00000 | 0.00139 |-0.00111 |-0.00056 | 0.00466 |-0.00012 | 0.00056 |-0.00523 ||
	||  0.25004 | 0.00139 | 1.00000 |-0.00021 |-0.00852 | 0.00053 |-0.01190 |-0.00018 |-0.00515 ||
	||  0.35343 |-0.00111 |-0.00021 | 1.00000 | 0.00309 |-0.00829 | 0.00396 | 0.00173 | 0.00385 ||
	||  0.26016 |-0.00056 |-0.00852 | 0.00309 | 1.00000 |-0.01000 |-0.00092 | 0.00119 |-0.00057 ||
	||  0.16394 | 0.00466 | 0.00053 |-0.00829 |-0.01000 | 1.00000 | 0.00389 | 0.00410 | 0.00025 ||
	|| -0.00342 |-0.00012 |-0.01190 | 0.00396 |-0.00092 | 0.00389 | 1.00000 |-0.00115 |-0.00669 ||
	||  0.03945 | 0.00056 |-0.00018 | 0.00173 | 0.00119 | 0.00410 |-0.00115 | 1.00000 | 0.00239 ||
	||  0.11430 |-0.00523 |-0.00515 | 0.00385 |-0.00057 | 0.00025 |-0.00669 | 0.00239 | 1.00000 ||
	||------------------------------------------------------------------------------------------||

	||------------------------------------------------------------------------------------------||
	||                                    OUTPUT COVARIANCE                                     ||
	||------------------------------------------------------------------------------------------||
	||  0.99995 | 0.16029 | 0.25003 | 0.35342 | 0.26015 | 0.16394 |-0.00342 | 0.03945 | 0.11430 ||
	||  0.16029 | 0.99996 | 0.00139 |-0.00111 |-0.00056 | 0.00466 |-0.00012 | 0.00056 |-0.00523 ||
	||  0.25003 | 0.00139 | 0.99994 |-0.00021 |-0.00852 | 0.00053 |-0.01190 |-0.00018 |-0.00515 ||
	||  0.35342 |-0.00111 |-0.00021 | 0.99998 | 0.00309 |-0.00829 | 0.00396 | 0.00173 | 0.00385 ||
	||  0.26015 |-0.00056 |-0.00852 | 0.00309 | 0.99997 |-0.01000 |-0.00092 | 0.00119 |-0.00057 ||
	||  0.16394 | 0.00466 | 0.00053 |-0.00829 |-0.01000 | 0.99998 | 0.00389 | 0.00410 | 0.00025 ||
	|| -0.00342 |-0.00012 |-0.01190 | 0.00396 |-0.00092 | 0.00389 | 0.99998 |-0.00115 |-0.00669 ||
	||  0.03945 | 0.00056 |-0.00018 | 0.00173 | 0.00119 | 0.00410 |-0.00115 | 0.99992 | 0.00239 ||
	||  0.11430 |-0.00523 |-0.00515 | 0.00385 |-0.00057 | 0.00025 |-0.00669 | 0.00239 | 0.99996 ||
	||------------------------------------------------------------------------------------------||

</pre>
</span>
</div>
</div>
<div id="footer">
<p>
<div>
<label class="hidden" id="label-for-line-wrapping-toggle" for="line-wrapping-toggle">Wrap lines
<input id="line-wrapping-toggle" type="checkbox" autocomplete="off"/>
</label>
</div>Generated by 
<a href="http://www.gradle.org">Gradle 3.5</a> at May 28, 2019 9:12:54 PM</p>
</div>
</div>
</body>
</html>
