<!DOCTYPE html>
<html>
<head>
<meta http-equiv="Content-Type" content="text/html; charset=utf-8"/>
<meta http-equiv="x-ua-compatible" content="IE=edge"/>
<title>Test results - Class org.drip.coverage.sequence.Statistics</title>
<link href="../css/base-style.css" rel="stylesheet" type="text/css"/>
<link href="../css/style.css" rel="stylesheet" type="text/css"/>
<script src="../js/report.js" type="text/javascript"></script>
</head>
<body>
<div id="content">
<h1>Class org.drip.coverage.sequence.Statistics</h1>
<div class="breadcrumbs">
<a href="../index.html">all</a> &gt; 
<a href="../packages/org.drip.coverage.sequence.html">org.drip.coverage.sequence</a> &gt; Statistics</div>
<div id="summary">
<table>
<tr>
<td>
<div class="summaryGroup">
<table>
<tr>
<td>
<div class="infoBox" id="tests">
<div class="counter">1</div>
<p>tests</p>
</div>
</td>
<td>
<div class="infoBox" id="failures">
<div class="counter">0</div>
<p>failures</p>
</div>
</td>
<td>
<div class="infoBox" id="ignored">
<div class="counter">0</div>
<p>ignored</p>
</div>
</td>
<td>
<div class="infoBox" id="duration">
<div class="counter">9.691s</div>
<p>duration</p>
</div>
</td>
</tr>
</table>
</div>
</td>
<td>
<div class="infoBox success" id="successRate">
<div class="percent">100%</div>
<p>successful</p>
</div>
</td>
</tr>
</table>
</div>
<div id="tabs">
<ul class="tabLinks">
<li>
<a href="#tab0">Tests</a>
</li>
<li>
<a href="#tab1">Standard output</a>
</li>
</ul>
<div id="tab0" class="tab">
<h2>Tests</h2>
<table>
<thead>
<tr>
<th>Test</th>
<th>Duration</th>
<th>Result</th>
</tr>
</thead>
<tr>
<td class="success">codeCoverageTest</td>
<td>9.691s</td>
<td class="success">passed</td>
</tr>
</table>
</div>
<div id="tab1" class="tab">
<h2>Standard output</h2>
<span class="code">
<pre>
	|-----------------------------------------------------------------|
	|    Copyright (C) 2011-2018 (DRIP)
	|-----------------------------------------------------------------|
	|    Build Version  =&gt; 3.29.0 multi mode
	|    Build JVM (TM) =&gt; 1.8.0_112
	|    Build Snap     =&gt; Tue Jan 26 20:46:23 EST 2017
	|    Start Time     =&gt; Fri Jan 26 23:40:58 EST 2018
	|    Setup Time     =&gt; Fri Jan 26 23:40:58 EST 2018
	|    Setup Duration =&gt; 0 ms
	|-----------------------------------------------------------------|


	||-------------------------------------------||
	||                R^1 METRICS                ||
	||-------------------------------------------||
	||    L -&gt; R:                                ||
	||            - Mean                         ||
	||            - Error                        ||
	||            - Variance                     ||
	||            - Standard Deviation           ||
	||-------------------------------------------||
	||  0.00439 |  0.79561 |  0.99233 |  0.99616 ||
	||  0.00452 |  0.79605 |  0.99265 |  0.99632 ||
	||  0.00143 |  0.80415 |  1.01539 |  1.00767 ||
	||  0.00540 |  0.79768 |  0.99742 |  0.99871 ||
	|| -0.00274 |  0.80077 |  1.00559 |  1.00279 ||
	|| -0.00341 |  0.79514 |  0.99356 |  0.99677 ||
	||  0.00685 |  0.79740 |  0.99861 |  0.99930 ||
	|| -0.00230 |  0.79225 |  0.98918 |  0.99457 ||
	|| -0.00006 |  0.80064 |  1.00790 |  1.00394 ||
	||-------------------------------------------||

	||------------------------------------------------------------------------------------------||
	||                                     INPUT CORRELATION                                    ||
	||------------------------------------------------------------------------------------------||
	||  1.00000 | 0.16100 | 0.24500 | 0.35200 | 0.25900 | 0.16600 | 0.00300 | 0.03800 | 0.11400 ||
	||  0.16100 | 1.00000 | 0.00000 | 0.00000 | 0.00000 | 0.00000 | 0.00000 | 0.00000 | 0.00000 ||
	||  0.24500 | 0.00000 | 1.00000 | 0.00000 | 0.00000 | 0.00000 | 0.00000 | 0.00000 | 0.00000 ||
	||  0.35200 | 0.00000 | 0.00000 | 1.00000 | 0.00000 | 0.00000 | 0.00000 | 0.00000 | 0.00000 ||
	||  0.25900 | 0.00000 | 0.00000 | 0.00000 | 1.00000 | 0.00000 | 0.00000 | 0.00000 | 0.00000 ||
	||  0.16600 | 0.00000 | 0.00000 | 0.00000 | 0.00000 | 1.00000 | 0.00000 | 0.00000 | 0.00000 ||
	||  0.00300 | 0.00000 | 0.00000 | 0.00000 | 0.00000 | 0.00000 | 1.00000 | 0.00000 | 0.00000 ||
	||  0.03800 | 0.00000 | 0.00000 | 0.00000 | 0.00000 | 0.00000 | 0.00000 | 1.00000 | 0.00000 ||
	||  0.11400 | 0.00000 | 0.00000 | 0.00000 | 0.00000 | 0.00000 | 0.00000 | 0.00000 | 1.00000 ||
	||------------------------------------------------------------------------------------------||

	||------------------------------------------------------------------------------------------||
	||                                    OUTPUT CORRELATION                                    ||
	||------------------------------------------------------------------------------------------||
	||  1.00000 | 0.15964 | 0.24108 | 0.34988 | 0.25286 | 0.16506 | 0.00626 | 0.04055 | 0.11918 ||
	||  0.15964 | 1.00000 |-0.00345 |-0.00145 |-0.00412 | 0.00051 | 0.00567 |-0.00128 |-0.00497 ||
	||  0.24108 |-0.00345 | 1.00000 |-0.00243 |-0.00467 |-0.00582 |-0.00017 | 0.00267 | 0.00325 ||
	||  0.34988 |-0.00145 |-0.00243 | 1.00000 |-0.00576 | 0.00388 |-0.00356 | 0.00524 | 0.00207 ||
	||  0.25286 |-0.00412 |-0.00467 |-0.00576 | 1.00000 |-0.00218 | 0.00160 |-0.00357 |-0.00351 ||
	||  0.16506 | 0.00051 |-0.00582 | 0.00388 |-0.00218 | 1.00000 | 0.00526 |-0.00129 | 0.00457 ||
	||  0.00626 | 0.00567 |-0.00017 |-0.00356 | 0.00160 | 0.00526 | 1.00000 | 0.00704 |-0.00138 ||
	||  0.04055 |-0.00128 | 0.00267 | 0.00524 |-0.00357 |-0.00129 | 0.00704 | 1.00000 | 0.00276 ||
	||  0.11918 |-0.00497 | 0.00325 | 0.00207 |-0.00351 | 0.00457 |-0.00138 | 0.00276 | 1.00000 ||
	||------------------------------------------------------------------------------------------||

	||------------------------------------------------------------------------------------------||
	||                                    OUTPUT COVARIANCE                                     ||
	||------------------------------------------------------------------------------------------||
	||  0.99233 | 0.15844 | 0.24200 | 0.34808 | 0.25259 | 0.16389 | 0.00623 | 0.04017 | 0.11919 ||
	||  0.15844 | 0.99265 |-0.00347 |-0.00144 |-0.00412 | 0.00050 | 0.00565 |-0.00127 |-0.00497 ||
	||  0.24200 |-0.00347 | 1.01539 |-0.00244 |-0.00472 |-0.00585 |-0.00017 | 0.00268 | 0.00329 ||
	||  0.34808 |-0.00144 |-0.00244 | 0.99742 |-0.00577 | 0.00386 |-0.00355 | 0.00521 | 0.00208 ||
	||  0.25259 |-0.00412 |-0.00472 |-0.00577 | 1.00559 |-0.00218 | 0.00160 |-0.00356 |-0.00354 ||
	||  0.16389 | 0.00050 |-0.00585 | 0.00386 |-0.00218 | 0.99356 | 0.00524 |-0.00128 | 0.00457 ||
	||  0.00623 | 0.00565 |-0.00017 |-0.00355 | 0.00160 | 0.00524 | 0.99861 | 0.00700 |-0.00138 ||
	||  0.04017 |-0.00127 | 0.00268 | 0.00521 |-0.00356 |-0.00128 | 0.00700 | 0.98918 | 0.00275 ||
	||  0.11919 |-0.00497 | 0.00329 | 0.00208 |-0.00354 | 0.00457 |-0.00138 | 0.00275 | 1.00790 ||
	||------------------------------------------------------------------------------------------||


	|-----------------------------------------------------------------|
	|    Copyright (C) 2011-2018 (DRIP)
	|-----------------------------------------------------------------|
	|    Build Version  =&gt; 3.29.0 multi mode
	|    Build JVM (TM) =&gt; 1.8.0_112
	|    Build Snap     =&gt; Tue Jan 26 20:46:23 EST 2017
	|    Start Time     =&gt; Fri Jan 26 23:41:01 EST 2018
	|    Setup Time     =&gt; Fri Jan 26 23:41:01 EST 2018
	|    Setup Duration =&gt; 0 ms
	|-----------------------------------------------------------------|


	||-------------------------------------------||
	||                R^1 METRICS                ||
	||-------------------------------------------||
	||    L -&gt; R:                                ||
	||            - Mean                         ||
	||            - Error                        ||
	||            - Variance                     ||
	||            - Standard Deviation           ||
	||-------------------------------------------||
	|| -0.00171 |  0.80199 |  1.01091 |  1.00544 ||
	|| -0.00585 |  0.79654 |  0.99648 |  0.99824 ||
	|| -0.00318 |  0.79932 |  1.00269 |  1.00135 ||
	|| -0.00641 |  0.79691 |  0.99906 |  0.99953 ||
	|| -0.00266 |  0.79545 |  0.99519 |  0.99759 ||
	||  0.00858 |  0.79713 |  0.99688 |  0.99844 ||
	|| -0.00167 |  0.79904 |  1.00230 |  1.00115 ||
	|| -0.00468 |  0.79443 |  0.99086 |  0.99542 ||
	||  0.00326 |  0.79652 |  0.99788 |  0.99894 ||
	||-------------------------------------------||

	||------------------------------------------------------------------------------------------||
	||                                     INPUT CORRELATION                                    ||
	||------------------------------------------------------------------------------------------||
	||  1.00000 | 0.16100 | 0.24500 | 0.35200 | 0.25900 | 0.16600 | 0.00300 | 0.03800 | 0.11400 ||
	||  0.16100 | 1.00000 | 0.00000 | 0.00000 | 0.00000 | 0.00000 | 0.00000 | 0.00000 | 0.00000 ||
	||  0.24500 | 0.00000 | 1.00000 | 0.00000 | 0.00000 | 0.00000 | 0.00000 | 0.00000 | 0.00000 ||
	||  0.35200 | 0.00000 | 0.00000 | 1.00000 | 0.00000 | 0.00000 | 0.00000 | 0.00000 | 0.00000 ||
	||  0.25900 | 0.00000 | 0.00000 | 0.00000 | 1.00000 | 0.00000 | 0.00000 | 0.00000 | 0.00000 ||
	||  0.16600 | 0.00000 | 0.00000 | 0.00000 | 0.00000 | 1.00000 | 0.00000 | 0.00000 | 0.00000 ||
	||  0.00300 | 0.00000 | 0.00000 | 0.00000 | 0.00000 | 0.00000 | 1.00000 | 0.00000 | 0.00000 ||
	||  0.03800 | 0.00000 | 0.00000 | 0.00000 | 0.00000 | 0.00000 | 0.00000 | 1.00000 | 0.00000 ||
	||  0.11400 | 0.00000 | 0.00000 | 0.00000 | 0.00000 | 0.00000 | 0.00000 | 0.00000 | 1.00000 ||
	||------------------------------------------------------------------------------------------||

	||------------------------------------------------------------------------------------------||
	||                                    OUTPUT CORRELATION                                    ||
	||------------------------------------------------------------------------------------------||
	||  1.00000 | 0.15900 | 0.24044 | 0.35210 | 0.26138 | 0.16529 | 0.00404 | 0.03694 | 0.11831 ||
	||  0.15900 | 1.00000 |-0.00151 | 0.01032 | 0.00220 |-0.00077 | 0.00529 |-0.00073 |-0.00228 ||
	||  0.24044 |-0.00151 | 1.00000 |-0.00035 | 0.00055 |-0.00349 | 0.01098 |-0.00226 |-0.00536 ||
	||  0.35210 | 0.01032 |-0.00035 | 1.00000 | 0.00229 |-0.00335 |-0.00448 |-0.00061 | 0.00142 ||
	||  0.26138 | 0.00220 | 0.00055 | 0.00229 | 1.00000 |-0.00517 |-0.00131 |-0.00178 | 0.00699 ||
	||  0.16529 |-0.00077 |-0.00349 |-0.00335 |-0.00517 | 1.00000 | 0.00026 |-0.00057 |-0.00026 ||
	||  0.00404 | 0.00529 | 0.01098 |-0.00448 |-0.00131 | 0.00026 | 1.00000 |-0.00111 | 0.00729 ||
	||  0.03694 |-0.00073 |-0.00226 |-0.00061 |-0.00178 |-0.00057 |-0.00111 | 1.00000 | 0.00013 ||
	||  0.11831 |-0.00228 |-0.00536 | 0.00142 | 0.00699 |-0.00026 | 0.00729 | 0.00013 | 1.00000 ||
	||------------------------------------------------------------------------------------------||

	||------------------------------------------------------------------------------------------||
	||                                    OUTPUT COVARIANCE                                     ||
	||------------------------------------------------------------------------------------------||
	||  1.01091 | 0.15958 | 0.24208 | 0.35385 | 0.26217 | 0.16593 | 0.00407 | 0.03697 | 0.11883 ||
	||  0.15958 | 0.99648 |-0.00151 | 0.01030 | 0.00219 |-0.00076 | 0.00529 |-0.00072 |-0.00228 ||
	||  0.24208 |-0.00151 | 1.00269 |-0.00035 | 0.00055 |-0.00349 | 0.01101 |-0.00225 |-0.00536 ||
	||  0.35385 | 0.01030 |-0.00035 | 0.99906 | 0.00229 |-0.00335 |-0.00448 |-0.00061 | 0.00142 ||
	||  0.26217 | 0.00219 | 0.00055 | 0.00229 | 0.99519 |-0.00515 |-0.00131 |-0.00177 | 0.00696 ||
	||  0.16593 |-0.00076 |-0.00349 |-0.00335 |-0.00515 | 0.99688 | 0.00026 |-0.00057 |-0.00026 ||
	||  0.00407 | 0.00529 | 0.01101 |-0.00448 |-0.00131 | 0.00026 | 1.00230 |-0.00110 | 0.00729 ||
	||  0.03697 |-0.00072 |-0.00225 |-0.00061 |-0.00177 |-0.00057 |-0.00110 | 0.99086 | 0.00013 ||
	||  0.11883 |-0.00228 |-0.00536 | 0.00142 | 0.00696 |-0.00026 | 0.00729 | 0.00013 | 0.99788 ||
	||------------------------------------------------------------------------------------------||


	|-----------------------------------------------------------------|
	|    Copyright (C) 2011-2018 (DRIP)
	|-----------------------------------------------------------------|
	|    Build Version  =&gt; 3.29.0 multi mode
	|    Build JVM (TM) =&gt; 1.8.0_112
	|    Build Snap     =&gt; Tue Jan 26 20:46:23 EST 2017
	|    Start Time     =&gt; Fri Jan 26 23:41:03 EST 2018
	|    Setup Time     =&gt; Fri Jan 26 23:41:03 EST 2018
	|    Setup Duration =&gt; 0 ms
	|-----------------------------------------------------------------|


	||-------------------------------------------||
	||                R^1 METRICS                ||
	||-------------------------------------------||
	||    L -&gt; R:                                ||
	||            - Mean                         ||
	||            - Error                        ||
	||            - Variance                     ||
	||            - Standard Deviation           ||
	||-------------------------------------------||
	|| -0.00540 |  0.79645 |  0.99997 |  0.99999 ||
	|| -0.00131 |  0.79890 |  1.00000 |  1.00000 ||
	|| -0.00053 |  0.79699 |  1.00000 |  1.00000 ||
	|| -0.00085 |  0.79888 |  1.00000 |  1.00000 ||
	|| -0.00295 |  0.79869 |  0.99999 |  1.00000 ||
	|| -0.00101 |  0.79726 |  1.00000 |  1.00000 ||
	||  0.00318 |  0.79666 |  0.99999 |  0.99999 ||
	|| -0.00338 |  0.79767 |  0.99999 |  0.99999 ||
	|| -0.00078 |  0.79841 |  1.00000 |  1.00000 ||
	||-------------------------------------------||

	||------------------------------------------------------------------------------------------||
	||                                     INPUT CORRELATION                                    ||
	||------------------------------------------------------------------------------------------||
	||  1.00000 | 0.16100 | 0.24500 | 0.35200 | 0.25900 | 0.16600 | 0.00300 | 0.03800 | 0.11400 ||
	||  0.16100 | 1.00000 | 0.00000 | 0.00000 | 0.00000 | 0.00000 | 0.00000 | 0.00000 | 0.00000 ||
	||  0.24500 | 0.00000 | 1.00000 | 0.00000 | 0.00000 | 0.00000 | 0.00000 | 0.00000 | 0.00000 ||
	||  0.35200 | 0.00000 | 0.00000 | 1.00000 | 0.00000 | 0.00000 | 0.00000 | 0.00000 | 0.00000 ||
	||  0.25900 | 0.00000 | 0.00000 | 0.00000 | 1.00000 | 0.00000 | 0.00000 | 0.00000 | 0.00000 ||
	||  0.16600 | 0.00000 | 0.00000 | 0.00000 | 0.00000 | 1.00000 | 0.00000 | 0.00000 | 0.00000 ||
	||  0.00300 | 0.00000 | 0.00000 | 0.00000 | 0.00000 | 0.00000 | 1.00000 | 0.00000 | 0.00000 ||
	||  0.03800 | 0.00000 | 0.00000 | 0.00000 | 0.00000 | 0.00000 | 0.00000 | 1.00000 | 0.00000 ||
	||  0.11400 | 0.00000 | 0.00000 | 0.00000 | 0.00000 | 0.00000 | 0.00000 | 0.00000 | 1.00000 ||
	||------------------------------------------------------------------------------------------||

	||------------------------------------------------------------------------------------------||
	||                                    OUTPUT CORRELATION                                    ||
	||------------------------------------------------------------------------------------------||
	||  1.00000 | 0.16026 | 0.23941 | 0.35838 | 0.26677 | 0.17213 | 0.00824 | 0.03914 | 0.11726 ||
	||  0.16026 | 1.00000 |-0.00101 | 0.00002 |-0.00076 |-0.00352 |-0.00182 | 0.00071 | 0.00034 ||
	||  0.23941 |-0.00101 | 1.00000 |-0.00249 | 0.00337 | 0.00426 | 0.00529 | 0.00147 |-0.00193 ||
	||  0.35838 | 0.00002 |-0.00249 | 1.00000 | 0.00168 | 0.00430 |-0.00181 |-0.00099 | 0.00140 ||
	||  0.26677 |-0.00076 | 0.00337 | 0.00168 | 1.00000 | 0.00519 | 0.00227 |-0.00157 | 0.00057 ||
	||  0.17213 |-0.00352 | 0.00426 | 0.00430 | 0.00519 | 1.00000 | 0.00297 | 0.00244 | 0.00186 ||
	||  0.00824 |-0.00182 | 0.00529 |-0.00181 | 0.00227 | 0.00297 | 1.00000 | 0.00501 | 0.00294 ||
	||  0.03914 | 0.00071 | 0.00147 |-0.00099 |-0.00157 | 0.00244 | 0.00501 | 1.00000 | 0.00096 ||
	||  0.11726 | 0.00034 |-0.00193 | 0.00140 | 0.00057 | 0.00186 | 0.00294 | 0.00096 | 1.00000 ||
	||------------------------------------------------------------------------------------------||

	||------------------------------------------------------------------------------------------||
	||                                    OUTPUT COVARIANCE                                     ||
	||------------------------------------------------------------------------------------------||
	||  0.99997 | 0.16026 | 0.23940 | 0.35838 | 0.26677 | 0.17212 | 0.00824 | 0.03914 | 0.11725 ||
	||  0.16026 | 1.00000 |-0.00101 | 0.00002 |-0.00076 |-0.00352 |-0.00182 | 0.00071 | 0.00034 ||
	||  0.23940 |-0.00101 | 1.00000 |-0.00249 | 0.00337 | 0.00426 | 0.00529 | 0.00147 |-0.00193 ||
	||  0.35838 | 0.00002 |-0.00249 | 1.00000 | 0.00168 | 0.00430 |-0.00181 |-0.00099 | 0.00140 ||
	||  0.26677 |-0.00076 | 0.00337 | 0.00168 | 0.99999 | 0.00519 | 0.00227 |-0.00157 | 0.00057 ||
	||  0.17212 |-0.00352 | 0.00426 | 0.00430 | 0.00519 | 1.00000 | 0.00297 | 0.00244 | 0.00186 ||
	||  0.00824 |-0.00182 | 0.00529 |-0.00181 | 0.00227 | 0.00297 | 0.99999 | 0.00501 | 0.00294 ||
	||  0.03914 | 0.00071 | 0.00147 |-0.00099 |-0.00157 | 0.00244 | 0.00501 | 0.99999 | 0.00096 ||
	||  0.11725 | 0.00034 |-0.00193 | 0.00140 | 0.00057 | 0.00186 | 0.00294 | 0.00096 | 1.00000 ||
	||------------------------------------------------------------------------------------------||


	|-----------------------------------------------------------------|
	|    Copyright (C) 2011-2018 (DRIP)
	|-----------------------------------------------------------------|
	|    Build Version  =&gt; 3.29.0 multi mode
	|    Build JVM (TM) =&gt; 1.8.0_112
	|    Build Snap     =&gt; Tue Jan 26 20:46:23 EST 2017
	|    Start Time     =&gt; Fri Jan 26 23:41:06 EST 2018
	|    Setup Time     =&gt; Fri Jan 26 23:41:06 EST 2018
	|    Setup Duration =&gt; 0 ms
	|-----------------------------------------------------------------|


	||-------------------------------------------||
	||                R^1 METRICS                ||
	||-------------------------------------------||
	||    L -&gt; R:                                ||
	||            - Mean                         ||
	||            - Error                        ||
	||            - Variance                     ||
	||            - Standard Deviation           ||
	||-------------------------------------------||
	|| -0.00241 |  0.79814 |  0.99997 |  0.99999 ||
	||  0.00238 |  0.79757 |  0.99997 |  0.99999 ||
	|| -0.00299 |  0.79841 |  0.99997 |  0.99999 ||
	||  0.00392 |  0.79845 |  0.99996 |  0.99998 ||
	||  0.00050 |  0.79629 |  0.99998 |  0.99999 ||
	|| -0.00285 |  0.79755 |  0.99997 |  0.99999 ||
	|| -0.00241 |  0.79856 |  0.99997 |  0.99999 ||
	|| -0.00526 |  0.79790 |  0.99995 |  0.99998 ||
	||  0.00741 |  0.79813 |  0.99993 |  0.99996 ||
	||-------------------------------------------||

	||------------------------------------------------------------------------------------------||
	||                                     INPUT CORRELATION                                    ||
	||------------------------------------------------------------------------------------------||
	||  1.00000 | 0.16100 | 0.24500 | 0.35200 | 0.25900 | 0.16600 | 0.00300 | 0.03800 | 0.11400 ||
	||  0.16100 | 1.00000 | 0.00000 | 0.00000 | 0.00000 | 0.00000 | 0.00000 | 0.00000 | 0.00000 ||
	||  0.24500 | 0.00000 | 1.00000 | 0.00000 | 0.00000 | 0.00000 | 0.00000 | 0.00000 | 0.00000 ||
	||  0.35200 | 0.00000 | 0.00000 | 1.00000 | 0.00000 | 0.00000 | 0.00000 | 0.00000 | 0.00000 ||
	||  0.25900 | 0.00000 | 0.00000 | 0.00000 | 1.00000 | 0.00000 | 0.00000 | 0.00000 | 0.00000 ||
	||  0.16600 | 0.00000 | 0.00000 | 0.00000 | 0.00000 | 1.00000 | 0.00000 | 0.00000 | 0.00000 ||
	||  0.00300 | 0.00000 | 0.00000 | 0.00000 | 0.00000 | 0.00000 | 1.00000 | 0.00000 | 0.00000 ||
	||  0.03800 | 0.00000 | 0.00000 | 0.00000 | 0.00000 | 0.00000 | 0.00000 | 1.00000 | 0.00000 ||
	||  0.11400 | 0.00000 | 0.00000 | 0.00000 | 0.00000 | 0.00000 | 0.00000 | 0.00000 | 1.00000 ||
	||------------------------------------------------------------------------------------------||

	||------------------------------------------------------------------------------------------||
	||                                    OUTPUT CORRELATION                                    ||
	||------------------------------------------------------------------------------------------||
	||  1.00000 | 0.16117 | 0.24882 | 0.35977 | 0.25165 | 0.15557 | 0.00581 | 0.04259 | 0.11658 ||
	||  0.16117 | 1.00000 | 0.00829 |-0.00166 |-0.00420 |-0.00469 | 0.00815 |-0.00416 | 0.00129 ||
	||  0.24882 | 0.00829 | 1.00000 | 0.00502 |-0.00802 |-0.00220 |-0.00824 | 0.00433 | 0.00122 ||
	||  0.35977 |-0.00166 | 0.00502 | 1.00000 |-0.00187 | 0.00447 |-0.00216 | 0.00619 | 0.00969 ||
	||  0.25165 |-0.00420 |-0.00802 |-0.00187 | 1.00000 |-0.00290 | 0.00142 | 0.01321 | 0.00653 ||
	||  0.15557 |-0.00469 |-0.00220 | 0.00447 |-0.00290 | 1.00000 | 0.00376 | 0.00363 |-0.00935 ||
	||  0.00581 | 0.00815 |-0.00824 |-0.00216 | 0.00142 | 0.00376 | 1.00000 |-0.00534 |-0.00129 ||
	||  0.04259 |-0.00416 | 0.00433 | 0.00619 | 0.01321 | 0.00363 |-0.00534 | 1.00000 |-0.00804 ||
	||  0.11658 | 0.00129 | 0.00122 | 0.00969 | 0.00653 |-0.00935 |-0.00129 |-0.00804 | 1.00000 ||
	||------------------------------------------------------------------------------------------||

	||------------------------------------------------------------------------------------------||
	||                                    OUTPUT COVARIANCE                                     ||
	||------------------------------------------------------------------------------------------||
	||  0.99997 | 0.16117 | 0.24881 | 0.35976 | 0.25164 | 0.15557 | 0.00581 | 0.04259 | 0.11657 ||
	||  0.16117 | 0.99997 | 0.00829 |-0.00166 |-0.00420 |-0.00469 | 0.00815 |-0.00416 | 0.00129 ||
	||  0.24881 | 0.00829 | 0.99997 | 0.00502 |-0.00802 |-0.00220 |-0.00824 | 0.00433 | 0.00122 ||
	||  0.35976 |-0.00166 | 0.00502 | 0.99996 |-0.00187 | 0.00447 |-0.00216 | 0.00619 | 0.00969 ||
	||  0.25164 |-0.00420 |-0.00802 |-0.00187 | 0.99998 |-0.00290 | 0.00142 | 0.01321 | 0.00653 ||
	||  0.15557 |-0.00469 |-0.00220 | 0.00447 |-0.00290 | 0.99997 | 0.00376 | 0.00363 |-0.00935 ||
	||  0.00581 | 0.00815 |-0.00824 |-0.00216 | 0.00142 | 0.00376 | 0.99997 |-0.00534 |-0.00129 ||
	||  0.04259 |-0.00416 | 0.00433 | 0.00619 | 0.01321 | 0.00363 |-0.00534 | 0.99995 |-0.00804 ||
	||  0.11657 | 0.00129 | 0.00122 | 0.00969 | 0.00653 |-0.00935 |-0.00129 |-0.00804 | 0.99993 ||
	||------------------------------------------------------------------------------------------||

</pre>
</span>
</div>
</div>
<div id="footer">
<p>
<div>
<label class="hidden" id="label-for-line-wrapping-toggle" for="line-wrapping-toggle">Wrap lines
<input id="line-wrapping-toggle" type="checkbox" autocomplete="off"/>
</label>
</div>Generated by 
<a href="http://www.gradle.org">Gradle 3.5</a> at Jan 27, 2018 12:18:27 AM</p>
</div>
</div>
</body>
</html>
