<!DOCTYPE html>
<html>
<head>
<meta http-equiv="Content-Type" content="text/html; charset=utf-8"/>
<meta http-equiv="x-ua-compatible" content="IE=edge"/>
<title>Test results - Class org.drip.coverage.sequence.Statistics</title>
<link href="../css/base-style.css" rel="stylesheet" type="text/css"/>
<link href="../css/style.css" rel="stylesheet" type="text/css"/>
<script src="../js/report.js" type="text/javascript"></script>
</head>
<body>
<div id="content">
<h1>Class org.drip.coverage.sequence.Statistics</h1>
<div class="breadcrumbs">
<a href="../index.html">all</a> &gt; 
<a href="../packages/org.drip.coverage.sequence.html">org.drip.coverage.sequence</a> &gt; Statistics</div>
<div id="summary">
<table>
<tr>
<td>
<div class="summaryGroup">
<table>
<tr>
<td>
<div class="infoBox" id="tests">
<div class="counter">1</div>
<p>tests</p>
</div>
</td>
<td>
<div class="infoBox" id="failures">
<div class="counter">0</div>
<p>failures</p>
</div>
</td>
<td>
<div class="infoBox" id="ignored">
<div class="counter">0</div>
<p>ignored</p>
</div>
</td>
<td>
<div class="infoBox" id="duration">
<div class="counter">9.669s</div>
<p>duration</p>
</div>
</td>
</tr>
</table>
</div>
</td>
<td>
<div class="infoBox success" id="successRate">
<div class="percent">100%</div>
<p>successful</p>
</div>
</td>
</tr>
</table>
</div>
<div id="tabs">
<ul class="tabLinks">
<li>
<a href="#tab0">Tests</a>
</li>
<li>
<a href="#tab1">Standard output</a>
</li>
</ul>
<div id="tab0" class="tab">
<h2>Tests</h2>
<table>
<thead>
<tr>
<th>Test</th>
<th>Duration</th>
<th>Result</th>
</tr>
</thead>
<tr>
<td class="success">codeCoverageTest</td>
<td>9.669s</td>
<td class="success">passed</td>
</tr>
</table>
</div>
<div id="tab1" class="tab">
<h2>Standard output</h2>
<span class="code">
<pre>
	|-----------------------------------------------------------------|
	|    Copyright (C) 2011-2020 (DRIP, DROP)
	|-----------------------------------------------------------------|
	|    Build Version  =&gt; 4.59.0 multi mode
	|    Build JVM (TM) =&gt; 1.8.0_112
	|    Build Snap     =&gt; Sat Jan 04 12:13:43 EST 2019
	|    Start Time     =&gt; Sat Jan 04 14:16:55 EST 2020
	|    Setup Time     =&gt; Sat Jan 04 14:16:55 EST 2020
	|    Setup Duration =&gt; 1 ms
	|-----------------------------------------------------------------|


	||-------------------------------------------||
	||                R^1 METRICS                ||
	||-------------------------------------------||
	||    L -&gt; R:                                ||
	||            - Mean                         ||
	||            - Error                        ||
	||            - Variance                     ||
	||            - Standard Deviation           ||
	||-------------------------------------------||
	|| -0.00718 |  0.79706 |  0.99913 |  0.99957 ||
	|| -0.00365 |  0.80173 |  1.00728 |  1.00363 ||
	||  0.00497 |  0.79831 |  1.00187 |  1.00094 ||
	|| -0.00572 |  0.79568 |  0.99571 |  0.99785 ||
	|| -0.00614 |  0.79906 |  1.00034 |  1.00017 ||
	||  0.00049 |  0.79808 |  0.99541 |  0.99770 ||
	||  0.00382 |  0.79737 |  1.00087 |  1.00044 ||
	||  0.00041 |  0.79612 |  0.99295 |  0.99647 ||
	|| -0.00401 |  0.79882 |  1.00016 |  1.00008 ||
	||-------------------------------------------||

	||------------------------------------------------------------------------------------------||
	||                                     INPUT CORRELATION                                    ||
	||------------------------------------------------------------------------------------------||
	||  1.00000 | 0.16100 | 0.24500 | 0.35200 | 0.25900 | 0.16600 | 0.00300 | 0.03800 | 0.11400 ||
	||  0.16100 | 1.00000 | 0.00000 | 0.00000 | 0.00000 | 0.00000 | 0.00000 | 0.00000 | 0.00000 ||
	||  0.24500 | 0.00000 | 1.00000 | 0.00000 | 0.00000 | 0.00000 | 0.00000 | 0.00000 | 0.00000 ||
	||  0.35200 | 0.00000 | 0.00000 | 1.00000 | 0.00000 | 0.00000 | 0.00000 | 0.00000 | 0.00000 ||
	||  0.25900 | 0.00000 | 0.00000 | 0.00000 | 1.00000 | 0.00000 | 0.00000 | 0.00000 | 0.00000 ||
	||  0.16600 | 0.00000 | 0.00000 | 0.00000 | 0.00000 | 1.00000 | 0.00000 | 0.00000 | 0.00000 ||
	||  0.00300 | 0.00000 | 0.00000 | 0.00000 | 0.00000 | 0.00000 | 1.00000 | 0.00000 | 0.00000 ||
	||  0.03800 | 0.00000 | 0.00000 | 0.00000 | 0.00000 | 0.00000 | 0.00000 | 1.00000 | 0.00000 ||
	||  0.11400 | 0.00000 | 0.00000 | 0.00000 | 0.00000 | 0.00000 | 0.00000 | 0.00000 | 1.00000 ||
	||------------------------------------------------------------------------------------------||

	||------------------------------------------------------------------------------------------||
	||                                    OUTPUT CORRELATION                                    ||
	||------------------------------------------------------------------------------------------||
	||  1.00000 | 0.16185 | 0.25074 | 0.34987 | 0.25614 | 0.16145 | 0.00110 | 0.02319 | 0.11072 ||
	||  0.16185 | 1.00000 | 0.00490 | 0.00238 |-0.00045 | 0.00869 |-0.00686 | 0.00451 |-0.00208 ||
	||  0.25074 | 0.00490 | 1.00000 |-0.00083 | 0.00804 | 0.00724 | 0.00027 |-0.01211 |-0.00019 ||
	||  0.34987 | 0.00238 |-0.00083 | 1.00000 |-0.00478 |-0.00029 |-0.00336 |-0.01065 |-0.00044 ||
	||  0.25614 |-0.00045 | 0.00804 |-0.00478 | 1.00000 |-0.00146 |-0.00062 |-0.00326 | 0.00464 ||
	||  0.16145 | 0.00869 | 0.00724 |-0.00029 |-0.00146 | 1.00000 |-0.00249 |-0.00157 | 0.00027 ||
	||  0.00110 |-0.00686 | 0.00027 |-0.00336 |-0.00062 |-0.00249 | 1.00000 | 0.00214 | 0.00257 ||
	||  0.02319 | 0.00451 |-0.01211 |-0.01065 |-0.00326 |-0.00157 | 0.00214 | 1.00000 | 0.00009 ||
	||  0.11072 |-0.00208 |-0.00019 |-0.00044 | 0.00464 | 0.00027 | 0.00257 | 0.00009 | 1.00000 ||
	||------------------------------------------------------------------------------------------||

	||------------------------------------------------------------------------------------------||
	||                                    OUTPUT COVARIANCE                                     ||
	||------------------------------------------------------------------------------------------||
	||  0.99913 | 0.16237 | 0.25087 | 0.34897 | 0.25607 | 0.16101 | 0.00110 | 0.02310 | 0.11068 ||
	||  0.16237 | 1.00728 | 0.00492 | 0.00238 |-0.00045 | 0.00870 |-0.00689 | 0.00451 |-0.00209 ||
	||  0.25087 | 0.00492 | 1.00187 |-0.00083 | 0.00805 | 0.00723 | 0.00027 |-0.01207 |-0.00019 ||
	||  0.34897 | 0.00238 |-0.00083 | 0.99571 |-0.00477 |-0.00029 |-0.00335 |-0.01059 |-0.00044 ||
	||  0.25607 |-0.00045 | 0.00805 |-0.00477 | 1.00034 |-0.00146 |-0.00062 |-0.00325 | 0.00464 ||
	||  0.16101 | 0.00870 | 0.00723 |-0.00029 |-0.00146 | 0.99541 |-0.00248 |-0.00156 | 0.00027 ||
	||  0.00110 |-0.00689 | 0.00027 |-0.00335 |-0.00062 |-0.00248 | 1.00087 | 0.00214 | 0.00257 ||
	||  0.02310 | 0.00451 |-0.01207 |-0.01059 |-0.00325 |-0.00156 | 0.00214 | 0.99295 | 0.00009 ||
	||  0.11068 |-0.00209 |-0.00019 |-0.00044 | 0.00464 | 0.00027 | 0.00257 | 0.00009 | 1.00016 ||
	||------------------------------------------------------------------------------------------||


	|-----------------------------------------------------------------|
	|    Copyright (C) 2011-2020 (DRIP, DROP)
	|-----------------------------------------------------------------|
	|    Build Version  =&gt; 4.59.0 multi mode
	|    Build JVM (TM) =&gt; 1.8.0_112
	|    Build Snap     =&gt; Sat Jan 04 12:13:43 EST 2019
	|    Start Time     =&gt; Sat Jan 04 14:16:57 EST 2020
	|    Setup Time     =&gt; Sat Jan 04 14:16:57 EST 2020
	|    Setup Duration =&gt; 1 ms
	|-----------------------------------------------------------------|


	||-------------------------------------------||
	||                R^1 METRICS                ||
	||-------------------------------------------||
	||    L -&gt; R:                                ||
	||            - Mean                         ||
	||            - Error                        ||
	||            - Variance                     ||
	||            - Standard Deviation           ||
	||-------------------------------------------||
	||  0.00458 |  0.79676 |  0.99750 |  0.99875 ||
	||  0.00484 |  0.79679 |  0.99867 |  0.99934 ||
	||  0.00088 |  0.79743 |  1.00224 |  1.00112 ||
	||  0.00080 |  0.79702 |  0.99400 |  0.99700 ||
	||  0.00490 |  0.79636 |  1.00184 |  1.00092 ||
	||  0.00042 |  0.80081 |  1.00728 |  1.00363 ||
	|| -0.00622 |  0.79582 |  0.99095 |  0.99546 ||
	|| -0.00429 |  0.79565 |  0.99889 |  0.99944 ||
	||  0.00189 |  0.79832 |  0.99945 |  0.99972 ||
	||-------------------------------------------||

	||------------------------------------------------------------------------------------------||
	||                                     INPUT CORRELATION                                    ||
	||------------------------------------------------------------------------------------------||
	||  1.00000 | 0.16100 | 0.24500 | 0.35200 | 0.25900 | 0.16600 | 0.00300 | 0.03800 | 0.11400 ||
	||  0.16100 | 1.00000 | 0.00000 | 0.00000 | 0.00000 | 0.00000 | 0.00000 | 0.00000 | 0.00000 ||
	||  0.24500 | 0.00000 | 1.00000 | 0.00000 | 0.00000 | 0.00000 | 0.00000 | 0.00000 | 0.00000 ||
	||  0.35200 | 0.00000 | 0.00000 | 1.00000 | 0.00000 | 0.00000 | 0.00000 | 0.00000 | 0.00000 ||
	||  0.25900 | 0.00000 | 0.00000 | 0.00000 | 1.00000 | 0.00000 | 0.00000 | 0.00000 | 0.00000 ||
	||  0.16600 | 0.00000 | 0.00000 | 0.00000 | 0.00000 | 1.00000 | 0.00000 | 0.00000 | 0.00000 ||
	||  0.00300 | 0.00000 | 0.00000 | 0.00000 | 0.00000 | 0.00000 | 1.00000 | 0.00000 | 0.00000 ||
	||  0.03800 | 0.00000 | 0.00000 | 0.00000 | 0.00000 | 0.00000 | 0.00000 | 1.00000 | 0.00000 ||
	||  0.11400 | 0.00000 | 0.00000 | 0.00000 | 0.00000 | 0.00000 | 0.00000 | 0.00000 | 1.00000 ||
	||------------------------------------------------------------------------------------------||

	||------------------------------------------------------------------------------------------||
	||                                    OUTPUT CORRELATION                                    ||
	||------------------------------------------------------------------------------------------||
	||  1.00000 | 0.15596 | 0.24496 | 0.34417 | 0.25989 | 0.16169 | 0.00683 | 0.03202 | 0.11104 ||
	||  0.15596 | 1.00000 |-0.00098 |-0.00017 |-0.00546 |-0.00198 |-0.00740 |-0.00034 |-0.00576 ||
	||  0.24496 |-0.00098 | 1.00000 |-0.00109 | 0.00083 |-0.00613 | 0.00168 |-0.00173 | 0.00186 ||
	||  0.34417 |-0.00017 |-0.00109 | 1.00000 |-0.00335 |-0.00563 |-0.00786 |-0.00723 |-0.00476 ||
	||  0.25989 |-0.00546 | 0.00083 |-0.00335 | 1.00000 |-0.00484 | 0.00597 |-0.00695 |-0.00291 ||
	||  0.16169 |-0.00198 |-0.00613 |-0.00563 |-0.00484 | 1.00000 | 0.00245 |-0.00267 | 0.00223 ||
	||  0.00683 |-0.00740 | 0.00168 |-0.00786 | 0.00597 | 0.00245 | 1.00000 | 0.00615 | 0.00188 ||
	||  0.03202 |-0.00034 |-0.00173 |-0.00723 |-0.00695 |-0.00267 | 0.00615 | 1.00000 |-0.00659 ||
	||  0.11104 |-0.00576 | 0.00186 |-0.00476 |-0.00291 | 0.00223 | 0.00188 |-0.00659 | 1.00000 ||
	||------------------------------------------------------------------------------------------||

	||------------------------------------------------------------------------------------------||
	||                                    OUTPUT COVARIANCE                                     ||
	||------------------------------------------------------------------------------------------||
	||  0.99750 | 0.15566 | 0.24493 | 0.34271 | 0.25980 | 0.16208 | 0.00679 | 0.03196 | 0.11087 ||
	||  0.15566 | 0.99867 |-0.00099 |-0.00017 |-0.00546 |-0.00199 |-0.00737 |-0.00034 |-0.00576 ||
	||  0.24493 |-0.00099 | 1.00224 |-0.00109 | 0.00083 |-0.00615 | 0.00167 |-0.00173 | 0.00186 ||
	||  0.34271 |-0.00017 |-0.00109 | 0.99400 |-0.00334 |-0.00563 |-0.00780 |-0.00720 |-0.00474 ||
	||  0.25980 |-0.00546 | 0.00083 |-0.00334 | 1.00184 |-0.00486 | 0.00595 |-0.00696 |-0.00291 ||
	||  0.16208 |-0.00199 |-0.00615 |-0.00563 |-0.00486 | 1.00728 | 0.00245 |-0.00268 | 0.00224 ||
	||  0.00679 |-0.00737 | 0.00167 |-0.00780 | 0.00595 | 0.00245 | 0.99095 | 0.00612 | 0.00187 ||
	||  0.03196 |-0.00034 |-0.00173 |-0.00720 |-0.00696 |-0.00268 | 0.00612 | 0.99889 |-0.00658 ||
	||  0.11087 |-0.00576 | 0.00186 |-0.00474 |-0.00291 | 0.00224 | 0.00187 |-0.00658 | 0.99945 ||
	||------------------------------------------------------------------------------------------||


	|-----------------------------------------------------------------|
	|    Copyright (C) 2011-2020 (DRIP, DROP)
	|-----------------------------------------------------------------|
	|    Build Version  =&gt; 4.59.0 multi mode
	|    Build JVM (TM) =&gt; 1.8.0_112
	|    Build Snap     =&gt; Sat Jan 04 12:13:43 EST 2019
	|    Start Time     =&gt; Sat Jan 04 14:17:00 EST 2020
	|    Setup Time     =&gt; Sat Jan 04 14:17:00 EST 2020
	|    Setup Duration =&gt; 1 ms
	|-----------------------------------------------------------------|


	||-------------------------------------------||
	||                R^1 METRICS                ||
	||-------------------------------------------||
	||    L -&gt; R:                                ||
	||            - Mean                         ||
	||            - Error                        ||
	||            - Variance                     ||
	||            - Standard Deviation           ||
	||-------------------------------------------||
	||  0.00114 |  0.79879 |  1.00000 |  1.00000 ||
	|| -0.00332 |  0.79852 |  0.99999 |  0.99999 ||
	|| -0.00352 |  0.79728 |  0.99999 |  0.99999 ||
	|| -0.00470 |  0.79763 |  0.99998 |  0.99999 ||
	||  0.00324 |  0.79819 |  0.99999 |  0.99999 ||
	||  0.00219 |  0.79802 |  1.00000 |  1.00000 ||
	||  0.00664 |  0.79705 |  0.99996 |  0.99998 ||
	||  0.00022 |  0.79758 |  1.00000 |  1.00000 ||
	||  0.00308 |  0.79796 |  0.99999 |  1.00000 ||
	||-------------------------------------------||

	||------------------------------------------------------------------------------------------||
	||                                     INPUT CORRELATION                                    ||
	||------------------------------------------------------------------------------------------||
	||  1.00000 | 0.16100 | 0.24500 | 0.35200 | 0.25900 | 0.16600 | 0.00300 | 0.03800 | 0.11400 ||
	||  0.16100 | 1.00000 | 0.00000 | 0.00000 | 0.00000 | 0.00000 | 0.00000 | 0.00000 | 0.00000 ||
	||  0.24500 | 0.00000 | 1.00000 | 0.00000 | 0.00000 | 0.00000 | 0.00000 | 0.00000 | 0.00000 ||
	||  0.35200 | 0.00000 | 0.00000 | 1.00000 | 0.00000 | 0.00000 | 0.00000 | 0.00000 | 0.00000 ||
	||  0.25900 | 0.00000 | 0.00000 | 0.00000 | 1.00000 | 0.00000 | 0.00000 | 0.00000 | 0.00000 ||
	||  0.16600 | 0.00000 | 0.00000 | 0.00000 | 0.00000 | 1.00000 | 0.00000 | 0.00000 | 0.00000 ||
	||  0.00300 | 0.00000 | 0.00000 | 0.00000 | 0.00000 | 0.00000 | 1.00000 | 0.00000 | 0.00000 ||
	||  0.03800 | 0.00000 | 0.00000 | 0.00000 | 0.00000 | 0.00000 | 0.00000 | 1.00000 | 0.00000 ||
	||  0.11400 | 0.00000 | 0.00000 | 0.00000 | 0.00000 | 0.00000 | 0.00000 | 0.00000 | 1.00000 ||
	||------------------------------------------------------------------------------------------||

	||------------------------------------------------------------------------------------------||
	||                                    OUTPUT CORRELATION                                    ||
	||------------------------------------------------------------------------------------------||
	||  1.00000 | 0.16415 | 0.24637 | 0.35361 | 0.25897 | 0.16745 |-0.00570 | 0.04205 | 0.10586 ||
	||  0.16415 | 1.00000 | 0.00125 | 0.00447 | 0.00257 | 0.00237 |-0.00521 |-0.00585 | 0.01383 ||
	||  0.24637 | 0.00125 | 1.00000 |-0.00563 |-0.00499 |-0.00118 | 0.00003 |-0.00154 | 0.00043 ||
	||  0.35361 | 0.00447 |-0.00563 | 1.00000 | 0.00336 | 0.00468 | 0.00300 | 0.00204 |-0.00993 ||
	||  0.25897 | 0.00257 |-0.00499 | 0.00336 | 1.00000 | 0.00174 |-0.00055 | 0.00208 |-0.01144 ||
	||  0.16745 | 0.00237 |-0.00118 | 0.00468 | 0.00174 | 1.00000 |-0.00770 | 0.00440 |-0.00479 ||
	|| -0.00570 |-0.00521 | 0.00003 | 0.00300 |-0.00055 |-0.00770 | 1.00000 | 0.00346 |-0.00639 ||
	||  0.04205 |-0.00585 |-0.00154 | 0.00204 | 0.00208 | 0.00440 | 0.00346 | 1.00000 | 0.00291 ||
	||  0.10586 | 0.01383 | 0.00043 |-0.00993 |-0.01144 |-0.00479 |-0.00639 | 0.00291 | 1.00000 ||
	||------------------------------------------------------------------------------------------||

	||------------------------------------------------------------------------------------------||
	||                                    OUTPUT COVARIANCE                                     ||
	||------------------------------------------------------------------------------------------||
	||  1.00000 | 0.16415 | 0.24637 | 0.35361 | 0.25897 | 0.16745 |-0.00570 | 0.04205 | 0.10586 ||
	||  0.16415 | 0.99999 | 0.00125 | 0.00447 | 0.00257 | 0.00237 |-0.00521 |-0.00585 | 0.01383 ||
	||  0.24637 | 0.00125 | 0.99999 |-0.00563 |-0.00499 |-0.00118 | 0.00003 |-0.00154 | 0.00043 ||
	||  0.35361 | 0.00447 |-0.00563 | 0.99998 | 0.00336 | 0.00468 | 0.00300 | 0.00204 |-0.00993 ||
	||  0.25897 | 0.00257 |-0.00499 | 0.00336 | 0.99999 | 0.00174 |-0.00055 | 0.00208 |-0.01144 ||
	||  0.16745 | 0.00237 |-0.00118 | 0.00468 | 0.00174 | 1.00000 |-0.00770 | 0.00440 |-0.00479 ||
	|| -0.00570 |-0.00521 | 0.00003 | 0.00300 |-0.00055 |-0.00770 | 0.99996 | 0.00346 |-0.00639 ||
	||  0.04205 |-0.00585 |-0.00154 | 0.00204 | 0.00208 | 0.00440 | 0.00346 | 1.00000 | 0.00291 ||
	||  0.10586 | 0.01383 | 0.00043 |-0.00993 |-0.01144 |-0.00479 |-0.00639 | 0.00291 | 0.99999 ||
	||------------------------------------------------------------------------------------------||


	|-----------------------------------------------------------------|
	|    Copyright (C) 2011-2020 (DRIP, DROP)
	|-----------------------------------------------------------------|
	|    Build Version  =&gt; 4.59.0 multi mode
	|    Build JVM (TM) =&gt; 1.8.0_112
	|    Build Snap     =&gt; Sat Jan 04 12:13:43 EST 2019
	|    Start Time     =&gt; Sat Jan 04 14:17:02 EST 2020
	|    Setup Time     =&gt; Sat Jan 04 14:17:02 EST 2020
	|    Setup Duration =&gt; 0 ms
	|-----------------------------------------------------------------|


	||-------------------------------------------||
	||                R^1 METRICS                ||
	||-------------------------------------------||
	||    L -&gt; R:                                ||
	||            - Mean                         ||
	||            - Error                        ||
	||            - Variance                     ||
	||            - Standard Deviation           ||
	||-------------------------------------------||
	|| -0.00377 |  0.79763 |  0.99997 |  0.99998 ||
	||  0.00279 |  0.79645 |  0.99997 |  0.99999 ||
	|| -0.00507 |  0.79782 |  0.99995 |  0.99998 ||
	|| -0.00339 |  0.79853 |  0.99997 |  0.99998 ||
	|| -0.00901 |  0.79740 |  0.99990 |  0.99995 ||
	|| -0.00349 |  0.79880 |  0.99997 |  0.99998 ||
	||  0.00322 |  0.79683 |  0.99997 |  0.99998 ||
	||  0.00443 |  0.79841 |  0.99996 |  0.99998 ||
	||  0.00409 |  0.79585 |  0.99996 |  0.99998 ||
	||-------------------------------------------||

	||------------------------------------------------------------------------------------------||
	||                                     INPUT CORRELATION                                    ||
	||------------------------------------------------------------------------------------------||
	||  1.00000 | 0.16100 | 0.24500 | 0.35200 | 0.25900 | 0.16600 | 0.00300 | 0.03800 | 0.11400 ||
	||  0.16100 | 1.00000 | 0.00000 | 0.00000 | 0.00000 | 0.00000 | 0.00000 | 0.00000 | 0.00000 ||
	||  0.24500 | 0.00000 | 1.00000 | 0.00000 | 0.00000 | 0.00000 | 0.00000 | 0.00000 | 0.00000 ||
	||  0.35200 | 0.00000 | 0.00000 | 1.00000 | 0.00000 | 0.00000 | 0.00000 | 0.00000 | 0.00000 ||
	||  0.25900 | 0.00000 | 0.00000 | 0.00000 | 1.00000 | 0.00000 | 0.00000 | 0.00000 | 0.00000 ||
	||  0.16600 | 0.00000 | 0.00000 | 0.00000 | 0.00000 | 1.00000 | 0.00000 | 0.00000 | 0.00000 ||
	||  0.00300 | 0.00000 | 0.00000 | 0.00000 | 0.00000 | 0.00000 | 1.00000 | 0.00000 | 0.00000 ||
	||  0.03800 | 0.00000 | 0.00000 | 0.00000 | 0.00000 | 0.00000 | 0.00000 | 1.00000 | 0.00000 ||
	||  0.11400 | 0.00000 | 0.00000 | 0.00000 | 0.00000 | 0.00000 | 0.00000 | 0.00000 | 1.00000 ||
	||------------------------------------------------------------------------------------------||

	||------------------------------------------------------------------------------------------||
	||                                    OUTPUT CORRELATION                                    ||
	||------------------------------------------------------------------------------------------||
	||  1.00000 | 0.16217 | 0.24396 | 0.35101 | 0.26581 | 0.16639 |-0.00299 | 0.03460 | 0.11655 ||
	||  0.16217 | 1.00000 | 0.00182 | 0.00531 | 0.00948 | 0.00021 |-0.00643 | 0.00869 | 0.00393 ||
	||  0.24396 | 0.00182 | 1.00000 | 0.00367 | 0.00499 | 0.00027 |-0.00564 |-0.00199 |-0.00602 ||
	||  0.35101 | 0.00531 | 0.00367 | 1.00000 | 0.00669 |-0.00708 |-0.01247 |-0.00031 |-0.00086 ||
	||  0.26581 | 0.00948 | 0.00499 | 0.00669 | 1.00000 |-0.00040 |-0.00050 |-0.00096 | 0.00429 ||
	||  0.16639 | 0.00021 | 0.00027 |-0.00708 |-0.00040 | 1.00000 | 0.00070 | 0.00056 |-0.00221 ||
	|| -0.00299 |-0.00643 |-0.00564 |-0.01247 |-0.00050 | 0.00070 | 1.00000 | 0.00759 |-0.00372 ||
	||  0.03460 | 0.00869 |-0.00199 |-0.00031 |-0.00096 | 0.00056 | 0.00759 | 1.00000 |-0.00795 ||
	||  0.11655 | 0.00393 |-0.00602 |-0.00086 | 0.00429 |-0.00221 |-0.00372 |-0.00795 | 1.00000 ||
	||------------------------------------------------------------------------------------------||

	||------------------------------------------------------------------------------------------||
	||                                    OUTPUT COVARIANCE                                     ||
	||------------------------------------------------------------------------------------------||
	||  0.99997 | 0.16217 | 0.24395 | 0.35100 | 0.26579 | 0.16639 |-0.00299 | 0.03459 | 0.11655 ||
	||  0.16217 | 0.99997 | 0.00182 | 0.00531 | 0.00948 | 0.00021 |-0.00643 | 0.00869 | 0.00393 ||
	||  0.24395 | 0.00182 | 0.99995 | 0.00367 | 0.00499 | 0.00027 |-0.00564 |-0.00199 |-0.00602 ||
	||  0.35100 | 0.00531 | 0.00367 | 0.99997 | 0.00669 |-0.00708 |-0.01247 |-0.00031 |-0.00086 ||
	||  0.26579 | 0.00948 | 0.00499 | 0.00669 | 0.99990 |-0.00040 |-0.00050 |-0.00096 | 0.00429 ||
	||  0.16639 | 0.00021 | 0.00027 |-0.00708 |-0.00040 | 0.99997 | 0.00070 | 0.00056 |-0.00220 ||
	|| -0.00299 |-0.00643 |-0.00564 |-0.01247 |-0.00050 | 0.00070 | 0.99997 | 0.00759 |-0.00372 ||
	||  0.03459 | 0.00869 |-0.00199 |-0.00031 |-0.00096 | 0.00056 | 0.00759 | 0.99996 |-0.00795 ||
	||  0.11655 | 0.00393 |-0.00602 |-0.00086 | 0.00429 |-0.00220 |-0.00372 |-0.00795 | 0.99996 ||
	||------------------------------------------------------------------------------------------||

</pre>
</span>
</div>
</div>
<div id="footer">
<p>
<div>
<label class="hidden" id="label-for-line-wrapping-toggle" for="line-wrapping-toggle">Wrap lines
<input id="line-wrapping-toggle" type="checkbox" autocomplete="off"/>
</label>
</div>Generated by 
<a href="http://www.gradle.org">Gradle 3.5</a> at Jan 4, 2020 2:43:40 PM</p>
</div>
</div>
</body>
</html>
