<!DOCTYPE html>
<html>
<head>
<meta http-equiv="Content-Type" content="text/html; charset=utf-8"/>
<meta http-equiv="x-ua-compatible" content="IE=edge"/>
<title>Test results - Class org.drip.coverage.sequence.Statistics</title>
<link href="../css/base-style.css" rel="stylesheet" type="text/css"/>
<link href="../css/style.css" rel="stylesheet" type="text/css"/>
<script src="../js/report.js" type="text/javascript"></script>
</head>
<body>
<div id="content">
<h1>Class org.drip.coverage.sequence.Statistics</h1>
<div class="breadcrumbs">
<a href="../index.html">all</a> &gt; 
<a href="../packages/org.drip.coverage.sequence.html">org.drip.coverage.sequence</a> &gt; Statistics</div>
<div id="summary">
<table>
<tr>
<td>
<div class="summaryGroup">
<table>
<tr>
<td>
<div class="infoBox" id="tests">
<div class="counter">1</div>
<p>tests</p>
</div>
</td>
<td>
<div class="infoBox" id="failures">
<div class="counter">0</div>
<p>failures</p>
</div>
</td>
<td>
<div class="infoBox" id="ignored">
<div class="counter">0</div>
<p>ignored</p>
</div>
</td>
<td>
<div class="infoBox" id="duration">
<div class="counter">9.592s</div>
<p>duration</p>
</div>
</td>
</tr>
</table>
</div>
</td>
<td>
<div class="infoBox success" id="successRate">
<div class="percent">100%</div>
<p>successful</p>
</div>
</td>
</tr>
</table>
</div>
<div id="tabs">
<ul class="tabLinks">
<li>
<a href="#tab0">Tests</a>
</li>
<li>
<a href="#tab1">Standard output</a>
</li>
</ul>
<div id="tab0" class="tab">
<h2>Tests</h2>
<table>
<thead>
<tr>
<th>Test</th>
<th>Duration</th>
<th>Result</th>
</tr>
</thead>
<tr>
<td class="success">codeCoverageTest</td>
<td>9.592s</td>
<td class="success">passed</td>
</tr>
</table>
</div>
<div id="tab1" class="tab">
<h2>Standard output</h2>
<span class="code">
<pre>
	|-----------------------------------------------------------------|
	|    Copyright (C) 2011-2019 (DRIP, DROP)
	|-----------------------------------------------------------------|
	|    Build Version  =&gt; 4.08.0 multi mode
	|    Build JVM (TM) =&gt; 1.8.0_112
	|    Build Snap     =&gt; Thu Mar 07 21:38:41 EST 2019
	|    Start Time     =&gt; Fri Mar 08 09:28:26 EST 2019
	|    Setup Time     =&gt; Fri Mar 08 09:28:26 EST 2019
	|    Setup Duration =&gt; 0 ms
	|-----------------------------------------------------------------|


	||-------------------------------------------||
	||                R^1 METRICS                ||
	||-------------------------------------------||
	||    L -&gt; R:                                ||
	||            - Mean                         ||
	||            - Error                        ||
	||            - Variance                     ||
	||            - Standard Deviation           ||
	||-------------------------------------------||
	|| -0.00965 |  0.79737 |  0.99756 |  0.99878 ||
	|| -0.00437 |  0.79882 |  1.00160 |  1.00080 ||
	|| -0.00336 |  0.79729 |  0.99600 |  0.99800 ||
	|| -0.00040 |  0.79606 |  0.99678 |  0.99839 ||
	|| -0.00031 |  0.79640 |  0.99759 |  0.99879 ||
	|| -0.00320 |  0.79842 |  1.00337 |  1.00169 ||
	||  0.00280 |  0.80031 |  1.00922 |  1.00460 ||
	|| -0.00089 |  0.79536 |  0.99194 |  0.99596 ||
	|| -0.00540 |  0.79995 |  1.00311 |  1.00155 ||
	||-------------------------------------------||

	||------------------------------------------------------------------------------------------||
	||                                     INPUT CORRELATION                                    ||
	||------------------------------------------------------------------------------------------||
	||  1.00000 | 0.16100 | 0.24500 | 0.35200 | 0.25900 | 0.16600 | 0.00300 | 0.03800 | 0.11400 ||
	||  0.16100 | 1.00000 | 0.00000 | 0.00000 | 0.00000 | 0.00000 | 0.00000 | 0.00000 | 0.00000 ||
	||  0.24500 | 0.00000 | 1.00000 | 0.00000 | 0.00000 | 0.00000 | 0.00000 | 0.00000 | 0.00000 ||
	||  0.35200 | 0.00000 | 0.00000 | 1.00000 | 0.00000 | 0.00000 | 0.00000 | 0.00000 | 0.00000 ||
	||  0.25900 | 0.00000 | 0.00000 | 0.00000 | 1.00000 | 0.00000 | 0.00000 | 0.00000 | 0.00000 ||
	||  0.16600 | 0.00000 | 0.00000 | 0.00000 | 0.00000 | 1.00000 | 0.00000 | 0.00000 | 0.00000 ||
	||  0.00300 | 0.00000 | 0.00000 | 0.00000 | 0.00000 | 0.00000 | 1.00000 | 0.00000 | 0.00000 ||
	||  0.03800 | 0.00000 | 0.00000 | 0.00000 | 0.00000 | 0.00000 | 0.00000 | 1.00000 | 0.00000 ||
	||  0.11400 | 0.00000 | 0.00000 | 0.00000 | 0.00000 | 0.00000 | 0.00000 | 0.00000 | 1.00000 ||
	||------------------------------------------------------------------------------------------||

	||------------------------------------------------------------------------------------------||
	||                                    OUTPUT CORRELATION                                    ||
	||------------------------------------------------------------------------------------------||
	||  1.00000 | 0.16376 | 0.23860 | 0.34185 | 0.26011 | 0.17055 | 0.00341 | 0.02936 | 0.11618 ||
	||  0.16376 | 1.00000 | 0.00416 |-0.00010 | 0.00439 |-0.00325 | 0.00452 | 0.00173 | 0.00233 ||
	||  0.23860 | 0.00416 | 1.00000 |-0.00229 | 0.00036 |-0.00311 | 0.00307 |-0.00251 |-0.00001 ||
	||  0.34185 |-0.00010 |-0.00229 | 1.00000 |-0.00349 | 0.00196 |-0.00644 |-0.00021 |-0.00180 ||
	||  0.26011 | 0.00439 | 0.00036 |-0.00349 | 1.00000 | 0.00950 | 0.00757 |-0.00887 |-0.00110 ||
	||  0.17055 |-0.00325 |-0.00311 | 0.00196 | 0.00950 | 1.00000 |-0.00113 |-0.00284 | 0.00412 ||
	||  0.00341 | 0.00452 | 0.00307 |-0.00644 | 0.00757 |-0.00113 | 1.00000 | 0.00080 | 0.00531 ||
	||  0.02936 | 0.00173 |-0.00251 |-0.00021 |-0.00887 |-0.00284 | 0.00080 | 1.00000 |-0.00011 ||
	||  0.11618 | 0.00233 |-0.00001 |-0.00180 |-0.00110 | 0.00412 | 0.00531 |-0.00011 | 1.00000 ||
	||------------------------------------------------------------------------------------------||

	||------------------------------------------------------------------------------------------||
	||                                    OUTPUT COVARIANCE                                     ||
	||------------------------------------------------------------------------------------------||
	||  0.99756 | 0.16369 | 0.23783 | 0.34088 | 0.25948 | 0.17063 | 0.00342 | 0.02921 | 0.11622 ||
	||  0.16369 | 1.00160 | 0.00415 |-0.00010 | 0.00439 |-0.00326 | 0.00454 | 0.00172 | 0.00233 ||
	||  0.23783 | 0.00415 | 0.99600 |-0.00228 | 0.00036 |-0.00311 | 0.00308 |-0.00249 |-0.00001 ||
	||  0.34088 |-0.00010 |-0.00228 | 0.99678 |-0.00348 | 0.00196 |-0.00646 |-0.00020 |-0.00180 ||
	||  0.25948 | 0.00439 | 0.00036 |-0.00348 | 0.99759 | 0.00950 | 0.00760 |-0.00883 |-0.00110 ||
	||  0.17063 |-0.00326 |-0.00311 | 0.00196 | 0.00950 | 1.00337 |-0.00114 |-0.00283 | 0.00414 ||
	||  0.00342 | 0.00454 | 0.00308 |-0.00646 | 0.00760 |-0.00114 | 1.00922 | 0.00080 | 0.00534 ||
	||  0.02921 | 0.00172 |-0.00249 |-0.00020 |-0.00883 |-0.00283 | 0.00080 | 0.99194 |-0.00011 ||
	||  0.11622 | 0.00233 |-0.00001 |-0.00180 |-0.00110 | 0.00414 | 0.00534 |-0.00011 | 1.00311 ||
	||------------------------------------------------------------------------------------------||


	|-----------------------------------------------------------------|
	|    Copyright (C) 2011-2019 (DRIP, DROP)
	|-----------------------------------------------------------------|
	|    Build Version  =&gt; 4.08.0 multi mode
	|    Build JVM (TM) =&gt; 1.8.0_112
	|    Build Snap     =&gt; Thu Mar 07 21:38:41 EST 2019
	|    Start Time     =&gt; Fri Mar 08 09:28:28 EST 2019
	|    Setup Time     =&gt; Fri Mar 08 09:28:28 EST 2019
	|    Setup Duration =&gt; 0 ms
	|-----------------------------------------------------------------|


	||-------------------------------------------||
	||                R^1 METRICS                ||
	||-------------------------------------------||
	||    L -&gt; R:                                ||
	||            - Mean                         ||
	||            - Error                        ||
	||            - Variance                     ||
	||            - Standard Deviation           ||
	||-------------------------------------------||
	|| -0.00158 |  0.79471 |  0.99028 |  0.99513 ||
	||  0.00207 |  0.79411 |  0.99406 |  0.99702 ||
	|| -0.00369 |  0.79811 |  0.99919 |  0.99959 ||
	||  0.00056 |  0.79342 |  0.99207 |  0.99603 ||
	|| -0.00425 |  0.79717 |  0.99640 |  0.99820 ||
	|| -0.00479 |  0.79604 |  0.99337 |  0.99668 ||
	|| -0.00306 |  0.79410 |  0.98979 |  0.99488 ||
	|| -0.00109 |  0.80053 |  1.00816 |  1.00407 ||
	|| -0.00218 |  0.79732 |  0.99892 |  0.99946 ||
	||-------------------------------------------||

	||------------------------------------------------------------------------------------------||
	||                                     INPUT CORRELATION                                    ||
	||------------------------------------------------------------------------------------------||
	||  1.00000 | 0.16100 | 0.24500 | 0.35200 | 0.25900 | 0.16600 | 0.00300 | 0.03800 | 0.11400 ||
	||  0.16100 | 1.00000 | 0.00000 | 0.00000 | 0.00000 | 0.00000 | 0.00000 | 0.00000 | 0.00000 ||
	||  0.24500 | 0.00000 | 1.00000 | 0.00000 | 0.00000 | 0.00000 | 0.00000 | 0.00000 | 0.00000 ||
	||  0.35200 | 0.00000 | 0.00000 | 1.00000 | 0.00000 | 0.00000 | 0.00000 | 0.00000 | 0.00000 ||
	||  0.25900 | 0.00000 | 0.00000 | 0.00000 | 1.00000 | 0.00000 | 0.00000 | 0.00000 | 0.00000 ||
	||  0.16600 | 0.00000 | 0.00000 | 0.00000 | 0.00000 | 1.00000 | 0.00000 | 0.00000 | 0.00000 ||
	||  0.00300 | 0.00000 | 0.00000 | 0.00000 | 0.00000 | 0.00000 | 1.00000 | 0.00000 | 0.00000 ||
	||  0.03800 | 0.00000 | 0.00000 | 0.00000 | 0.00000 | 0.00000 | 0.00000 | 1.00000 | 0.00000 ||
	||  0.11400 | 0.00000 | 0.00000 | 0.00000 | 0.00000 | 0.00000 | 0.00000 | 0.00000 | 1.00000 ||
	||------------------------------------------------------------------------------------------||

	||------------------------------------------------------------------------------------------||
	||                                    OUTPUT CORRELATION                                    ||
	||------------------------------------------------------------------------------------------||
	||  1.00000 | 0.15946 | 0.24438 | 0.35481 | 0.24821 | 0.17509 |-0.00396 | 0.04051 | 0.11315 ||
	||  0.15946 | 1.00000 | 0.00243 | 0.00517 |-0.01668 |-0.00366 |-0.00273 |-0.00448 |-0.00154 ||
	||  0.24438 | 0.00243 | 1.00000 |-0.00007 |-0.01073 | 0.00590 | 0.00369 | 0.00493 | 0.00162 ||
	||  0.35481 | 0.00517 |-0.00007 | 1.00000 |-0.00267 | 0.01066 |-0.00077 | 0.00049 |-0.00298 ||
	||  0.24821 |-0.01668 |-0.01073 |-0.00267 | 1.00000 | 0.00184 |-0.00206 |-0.00213 | 0.00042 ||
	||  0.17509 |-0.00366 | 0.00590 | 0.01066 | 0.00184 | 1.00000 | 0.00120 |-0.00129 | 0.00350 ||
	|| -0.00396 |-0.00273 | 0.00369 |-0.00077 |-0.00206 | 0.00120 | 1.00000 |-0.00625 | 0.00751 ||
	||  0.04051 |-0.00448 | 0.00493 | 0.00049 |-0.00213 |-0.00129 |-0.00625 | 1.00000 |-0.00625 ||
	||  0.11315 |-0.00154 | 0.00162 |-0.00298 | 0.00042 | 0.00350 | 0.00751 |-0.00625 | 1.00000 ||
	||------------------------------------------------------------------------------------------||

	||------------------------------------------------------------------------------------------||
	||                                    OUTPUT COVARIANCE                                     ||
	||------------------------------------------------------------------------------------------||
	||  0.99028 | 0.15822 | 0.24309 | 0.35168 | 0.24655 | 0.17366 |-0.00392 | 0.04048 | 0.11253 ||
	||  0.15822 | 0.99406 | 0.00242 | 0.00513 |-0.01660 |-0.00364 |-0.00270 |-0.00448 |-0.00154 ||
	||  0.24309 | 0.00242 | 0.99919 |-0.00007 |-0.01071 | 0.00588 | 0.00367 | 0.00494 | 0.00161 ||
	||  0.35168 | 0.00513 |-0.00007 | 0.99207 |-0.00266 | 0.01058 |-0.00076 | 0.00049 |-0.00297 ||
	||  0.24655 |-0.01660 |-0.01071 |-0.00266 | 0.99640 | 0.00183 |-0.00204 |-0.00213 | 0.00042 ||
	||  0.17366 |-0.00364 | 0.00588 | 0.01058 | 0.00183 | 0.99337 | 0.00119 |-0.00129 | 0.00348 ||
	|| -0.00392 |-0.00270 | 0.00367 |-0.00076 |-0.00204 | 0.00119 | 0.98979 |-0.00625 | 0.00746 ||
	||  0.04048 |-0.00448 | 0.00494 | 0.00049 |-0.00213 |-0.00129 |-0.00625 | 1.00816 |-0.00628 ||
	||  0.11253 |-0.00154 | 0.00161 |-0.00297 | 0.00042 | 0.00348 | 0.00746 |-0.00628 | 0.99892 ||
	||------------------------------------------------------------------------------------------||


	|-----------------------------------------------------------------|
	|    Copyright (C) 2011-2019 (DRIP, DROP)
	|-----------------------------------------------------------------|
	|    Build Version  =&gt; 4.08.0 multi mode
	|    Build JVM (TM) =&gt; 1.8.0_112
	|    Build Snap     =&gt; Thu Mar 07 21:38:41 EST 2019
	|    Start Time     =&gt; Fri Mar 08 09:28:30 EST 2019
	|    Setup Time     =&gt; Fri Mar 08 09:28:30 EST 2019
	|    Setup Duration =&gt; 0 ms
	|-----------------------------------------------------------------|


	||-------------------------------------------||
	||                R^1 METRICS                ||
	||-------------------------------------------||
	||    L -&gt; R:                                ||
	||            - Mean                         ||
	||            - Error                        ||
	||            - Variance                     ||
	||            - Standard Deviation           ||
	||-------------------------------------------||
	||  0.00319 |  0.79814 |  0.99999 |  0.99999 ||
	||  0.00429 |  0.79775 |  0.99998 |  0.99999 ||
	|| -0.00492 |  0.79859 |  0.99998 |  0.99999 ||
	|| -0.00836 |  0.79857 |  0.99993 |  0.99997 ||
	||  0.01230 |  0.79793 |  0.99985 |  0.99992 ||
	|| -0.00404 |  0.79781 |  0.99998 |  0.99999 ||
	|| -0.00370 |  0.79761 |  0.99999 |  0.99999 ||
	|| -0.00756 |  0.79872 |  0.99994 |  0.99997 ||
	|| -0.00120 |  0.79858 |  1.00000 |  1.00000 ||
	||-------------------------------------------||

	||------------------------------------------------------------------------------------------||
	||                                     INPUT CORRELATION                                    ||
	||------------------------------------------------------------------------------------------||
	||  1.00000 | 0.16100 | 0.24500 | 0.35200 | 0.25900 | 0.16600 | 0.00300 | 0.03800 | 0.11400 ||
	||  0.16100 | 1.00000 | 0.00000 | 0.00000 | 0.00000 | 0.00000 | 0.00000 | 0.00000 | 0.00000 ||
	||  0.24500 | 0.00000 | 1.00000 | 0.00000 | 0.00000 | 0.00000 | 0.00000 | 0.00000 | 0.00000 ||
	||  0.35200 | 0.00000 | 0.00000 | 1.00000 | 0.00000 | 0.00000 | 0.00000 | 0.00000 | 0.00000 ||
	||  0.25900 | 0.00000 | 0.00000 | 0.00000 | 1.00000 | 0.00000 | 0.00000 | 0.00000 | 0.00000 ||
	||  0.16600 | 0.00000 | 0.00000 | 0.00000 | 0.00000 | 1.00000 | 0.00000 | 0.00000 | 0.00000 ||
	||  0.00300 | 0.00000 | 0.00000 | 0.00000 | 0.00000 | 0.00000 | 1.00000 | 0.00000 | 0.00000 ||
	||  0.03800 | 0.00000 | 0.00000 | 0.00000 | 0.00000 | 0.00000 | 0.00000 | 1.00000 | 0.00000 ||
	||  0.11400 | 0.00000 | 0.00000 | 0.00000 | 0.00000 | 0.00000 | 0.00000 | 0.00000 | 1.00000 ||
	||------------------------------------------------------------------------------------------||

	||------------------------------------------------------------------------------------------||
	||                                    OUTPUT CORRELATION                                    ||
	||------------------------------------------------------------------------------------------||
	||  1.00000 | 0.15610 | 0.23750 | 0.34814 | 0.26404 | 0.17102 |-0.00562 | 0.03235 | 0.11513 ||
	||  0.15610 | 1.00000 | 0.00338 |-0.00444 |-0.00105 | 0.00227 | 0.00737 | 0.00648 | 0.00179 ||
	||  0.23750 | 0.00338 | 1.00000 |-0.00797 |-0.00157 |-0.00098 | 0.00179 |-0.00886 |-0.00165 ||
	||  0.34814 |-0.00444 |-0.00797 | 1.00000 | 0.00009 |-0.00452 | 0.00069 | 0.00183 | 0.00586 ||
	||  0.26404 |-0.00105 |-0.00157 | 0.00009 | 1.00000 |-0.00368 |-0.00353 | 0.00089 | 0.00361 ||
	||  0.17102 | 0.00227 |-0.00098 |-0.00452 |-0.00368 | 1.00000 | 0.00611 |-0.00312 |-0.00531 ||
	|| -0.00562 | 0.00737 | 0.00179 | 0.00069 |-0.00353 | 0.00611 | 1.00000 |-0.00948 |-0.00018 ||
	||  0.03235 | 0.00648 |-0.00886 | 0.00183 | 0.00089 |-0.00312 |-0.00948 | 1.00000 |-0.00450 ||
	||  0.11513 | 0.00179 |-0.00165 | 0.00586 | 0.00361 |-0.00531 |-0.00018 |-0.00450 | 1.00000 ||
	||------------------------------------------------------------------------------------------||

	||------------------------------------------------------------------------------------------||
	||                                    OUTPUT COVARIANCE                                     ||
	||------------------------------------------------------------------------------------------||
	||  0.99999 | 0.15609 | 0.23750 | 0.34813 | 0.26401 | 0.17102 |-0.00562 | 0.03235 | 0.11513 ||
	||  0.15609 | 0.99998 | 0.00338 |-0.00444 |-0.00105 | 0.00227 | 0.00737 | 0.00648 | 0.00179 ||
	||  0.23750 | 0.00338 | 0.99998 |-0.00797 |-0.00157 |-0.00098 | 0.00179 |-0.00886 |-0.00165 ||
	||  0.34813 |-0.00444 |-0.00797 | 0.99993 | 0.00009 |-0.00452 | 0.00069 | 0.00183 | 0.00586 ||
	||  0.26401 |-0.00105 |-0.00157 | 0.00009 | 0.99985 |-0.00368 |-0.00353 | 0.00089 | 0.00361 ||
	||  0.17102 | 0.00227 |-0.00098 |-0.00452 |-0.00368 | 0.99998 | 0.00611 |-0.00312 |-0.00531 ||
	|| -0.00562 | 0.00737 | 0.00179 | 0.00069 |-0.00353 | 0.00611 | 0.99999 |-0.00948 |-0.00018 ||
	||  0.03235 | 0.00648 |-0.00886 | 0.00183 | 0.00089 |-0.00312 |-0.00948 | 0.99994 |-0.00450 ||
	||  0.11513 | 0.00179 |-0.00165 | 0.00586 | 0.00361 |-0.00531 |-0.00018 |-0.00450 | 1.00000 ||
	||------------------------------------------------------------------------------------------||


	|-----------------------------------------------------------------|
	|    Copyright (C) 2011-2019 (DRIP, DROP)
	|-----------------------------------------------------------------|
	|    Build Version  =&gt; 4.08.0 multi mode
	|    Build JVM (TM) =&gt; 1.8.0_112
	|    Build Snap     =&gt; Thu Mar 07 21:38:41 EST 2019
	|    Start Time     =&gt; Fri Mar 08 09:28:33 EST 2019
	|    Setup Time     =&gt; Fri Mar 08 09:28:33 EST 2019
	|    Setup Duration =&gt; 0 ms
	|-----------------------------------------------------------------|


	||-------------------------------------------||
	||                R^1 METRICS                ||
	||-------------------------------------------||
	||    L -&gt; R:                                ||
	||            - Mean                         ||
	||            - Error                        ||
	||            - Variance                     ||
	||            - Standard Deviation           ||
	||-------------------------------------------||
	|| -0.00132 |  0.79793 |  0.99998 |  0.99999 ||
	|| -0.00110 |  0.79694 |  0.99998 |  0.99999 ||
	|| -0.00209 |  0.79816 |  0.99998 |  0.99999 ||
	||  0.00528 |  0.79803 |  0.99995 |  0.99998 ||
	||  0.00143 |  0.79644 |  0.99998 |  0.99999 ||
	||  0.00033 |  0.79838 |  0.99998 |  0.99999 ||
	||  0.00313 |  0.79820 |  0.99997 |  0.99999 ||
	|| -0.00247 |  0.79873 |  0.99997 |  0.99999 ||
	||  0.00265 |  0.79903 |  0.99997 |  0.99999 ||
	||-------------------------------------------||

	||------------------------------------------------------------------------------------------||
	||                                     INPUT CORRELATION                                    ||
	||------------------------------------------------------------------------------------------||
	||  1.00000 | 0.16100 | 0.24500 | 0.35200 | 0.25900 | 0.16600 | 0.00300 | 0.03800 | 0.11400 ||
	||  0.16100 | 1.00000 | 0.00000 | 0.00000 | 0.00000 | 0.00000 | 0.00000 | 0.00000 | 0.00000 ||
	||  0.24500 | 0.00000 | 1.00000 | 0.00000 | 0.00000 | 0.00000 | 0.00000 | 0.00000 | 0.00000 ||
	||  0.35200 | 0.00000 | 0.00000 | 1.00000 | 0.00000 | 0.00000 | 0.00000 | 0.00000 | 0.00000 ||
	||  0.25900 | 0.00000 | 0.00000 | 0.00000 | 1.00000 | 0.00000 | 0.00000 | 0.00000 | 0.00000 ||
	||  0.16600 | 0.00000 | 0.00000 | 0.00000 | 0.00000 | 1.00000 | 0.00000 | 0.00000 | 0.00000 ||
	||  0.00300 | 0.00000 | 0.00000 | 0.00000 | 0.00000 | 0.00000 | 1.00000 | 0.00000 | 0.00000 ||
	||  0.03800 | 0.00000 | 0.00000 | 0.00000 | 0.00000 | 0.00000 | 0.00000 | 1.00000 | 0.00000 ||
	||  0.11400 | 0.00000 | 0.00000 | 0.00000 | 0.00000 | 0.00000 | 0.00000 | 0.00000 | 1.00000 ||
	||------------------------------------------------------------------------------------------||

	||------------------------------------------------------------------------------------------||
	||                                    OUTPUT CORRELATION                                    ||
	||------------------------------------------------------------------------------------------||
	||  1.00000 | 0.16209 | 0.24310 | 0.35130 | 0.25109 | 0.16727 |-0.00136 | 0.04343 | 0.11320 ||
	||  0.16209 | 1.00000 |-0.00256 | 0.00011 |-0.00399 |-0.00052 |-0.00849 |-0.00147 |-0.00523 ||
	||  0.24310 |-0.00256 | 1.00000 | 0.00341 |-0.00017 |-0.00447 |-0.00128 | 0.00419 | 0.00079 ||
	||  0.35130 | 0.00011 | 0.00341 | 1.00000 |-0.00657 |-0.00218 |-0.00604 | 0.00616 | 0.00164 ||
	||  0.25109 |-0.00399 |-0.00017 |-0.00657 | 1.00000 |-0.00254 | 0.00180 |-0.00031 |-0.00098 ||
	||  0.16727 |-0.00052 |-0.00447 |-0.00218 |-0.00254 | 1.00000 |-0.00329 | 0.00014 | 0.00634 ||
	|| -0.00136 |-0.00849 |-0.00128 |-0.00604 | 0.00180 |-0.00329 | 1.00000 |-0.00150 |-0.00624 ||
	||  0.04343 |-0.00147 | 0.00419 | 0.00616 |-0.00031 | 0.00014 |-0.00150 | 1.00000 | 0.00483 ||
	||  0.11320 |-0.00523 | 0.00079 | 0.00164 |-0.00098 | 0.00634 |-0.00624 | 0.00483 | 1.00000 ||
	||------------------------------------------------------------------------------------------||

	||------------------------------------------------------------------------------------------||
	||                                    OUTPUT COVARIANCE                                     ||
	||------------------------------------------------------------------------------------------||
	||  0.99998 | 0.16209 | 0.24310 | 0.35129 | 0.25108 | 0.16727 |-0.00136 | 0.04343 | 0.11319 ||
	||  0.16209 | 0.99998 |-0.00256 | 0.00011 |-0.00399 |-0.00052 |-0.00849 |-0.00147 |-0.00523 ||
	||  0.24310 |-0.00256 | 0.99998 | 0.00341 |-0.00017 |-0.00447 |-0.00128 | 0.00419 | 0.00079 ||
	||  0.35129 | 0.00011 | 0.00341 | 0.99995 |-0.00657 |-0.00218 |-0.00604 | 0.00616 | 0.00164 ||
	||  0.25108 |-0.00399 |-0.00017 |-0.00657 | 0.99998 |-0.00254 | 0.00180 |-0.00031 |-0.00098 ||
	||  0.16727 |-0.00052 |-0.00447 |-0.00218 |-0.00254 | 0.99998 |-0.00329 | 0.00014 | 0.00634 ||
	|| -0.00136 |-0.00849 |-0.00128 |-0.00604 | 0.00180 |-0.00329 | 0.99997 |-0.00150 |-0.00624 ||
	||  0.04343 |-0.00147 | 0.00419 | 0.00616 |-0.00031 | 0.00014 |-0.00150 | 0.99997 | 0.00483 ||
	||  0.11319 |-0.00523 | 0.00079 | 0.00164 |-0.00098 | 0.00634 |-0.00624 | 0.00483 | 0.99997 ||
	||------------------------------------------------------------------------------------------||

</pre>
</span>
</div>
</div>
<div id="footer">
<p>
<div>
<label class="hidden" id="label-for-line-wrapping-toggle" for="line-wrapping-toggle">Wrap lines
<input id="line-wrapping-toggle" type="checkbox" autocomplete="off"/>
</label>
</div>Generated by 
<a href="http://www.gradle.org">Gradle 3.5</a> at Mar 8, 2019 9:56:40 AM</p>
</div>
</div>
</body>
</html>
