<!DOCTYPE html>
<html>
<head>
<meta http-equiv="Content-Type" content="text/html; charset=utf-8"/>
<meta http-equiv="x-ua-compatible" content="IE=edge"/>
<title>Test results - Class org.drip.coverage.sequence.Statistics</title>
<link href="../css/base-style.css" rel="stylesheet" type="text/css"/>
<link href="../css/style.css" rel="stylesheet" type="text/css"/>
<script src="../js/report.js" type="text/javascript"></script>
</head>
<body>
<div id="content">
<h1>Class org.drip.coverage.sequence.Statistics</h1>
<div class="breadcrumbs">
<a href="../index.html">all</a> &gt; 
<a href="../packages/org.drip.coverage.sequence.html">org.drip.coverage.sequence</a> &gt; Statistics</div>
<div id="summary">
<table>
<tr>
<td>
<div class="summaryGroup">
<table>
<tr>
<td>
<div class="infoBox" id="tests">
<div class="counter">1</div>
<p>tests</p>
</div>
</td>
<td>
<div class="infoBox" id="failures">
<div class="counter">0</div>
<p>failures</p>
</div>
</td>
<td>
<div class="infoBox" id="ignored">
<div class="counter">0</div>
<p>ignored</p>
</div>
</td>
<td>
<div class="infoBox" id="duration">
<div class="counter">9.324s</div>
<p>duration</p>
</div>
</td>
</tr>
</table>
</div>
</td>
<td>
<div class="infoBox success" id="successRate">
<div class="percent">100%</div>
<p>successful</p>
</div>
</td>
</tr>
</table>
</div>
<div id="tabs">
<ul class="tabLinks">
<li>
<a href="#tab0">Tests</a>
</li>
<li>
<a href="#tab1">Standard output</a>
</li>
</ul>
<div id="tab0" class="tab">
<h2>Tests</h2>
<table>
<thead>
<tr>
<th>Test</th>
<th>Duration</th>
<th>Result</th>
</tr>
</thead>
<tr>
<td class="success">codeCoverageTest</td>
<td>9.324s</td>
<td class="success">passed</td>
</tr>
</table>
</div>
<div id="tab1" class="tab">
<h2>Standard output</h2>
<span class="code">
<pre>
	|-----------------------------------------------------------------|
	|    Copyright (C) 2011-2018 (DRIP)
	|-----------------------------------------------------------------|
	|    Build Version  =&gt; 3.24.0 multi mode
	|    Build JVM (TM) =&gt; 1.8.0_112
	|    Build Snap     =&gt; Mon Dec 25 12:29:26 EST 2017
	|    Start Time     =&gt; Tue Dec 26 13:44:10 EST 2017
	|    Setup Time     =&gt; Tue Dec 26 13:44:10 EST 2017
	|    Setup Duration =&gt; 0 ms
	|-----------------------------------------------------------------|


	||-------------------------------------------||
	||                R^1 METRICS                ||
	||-------------------------------------------||
	||    L -&gt; R:                                ||
	||            - Mean                         ||
	||            - Error                        ||
	||            - Variance                     ||
	||            - Standard Deviation           ||
	||-------------------------------------------||
	|| -0.00485 |  0.79589 |  0.99672 |  0.99836 ||
	|| -0.00103 |  0.79873 |  1.00235 |  1.00117 ||
	||  0.00215 |  0.79577 |  0.99991 |  0.99995 ||
	||  0.00454 |  0.80134 |  1.00662 |  1.00331 ||
	|| -0.00317 |  0.79829 |  1.00154 |  1.00077 ||
	||  0.00187 |  0.79761 |  0.99617 |  0.99808 ||
	||  0.00045 |  0.80083 |  1.00842 |  1.00420 ||
	||  0.00243 |  0.80224 |  1.00912 |  1.00455 ||
	|| -0.00668 |  0.79762 |  0.99520 |  0.99760 ||
	||-------------------------------------------||

	||------------------------------------------------------------------------------------------||
	||                                     INPUT CORRELATION                                    ||
	||------------------------------------------------------------------------------------------||
	||  1.00000 | 0.16100 | 0.24500 | 0.35200 | 0.25900 | 0.16600 | 0.00300 | 0.03800 | 0.11400 ||
	||  0.16100 | 1.00000 | 0.00000 | 0.00000 | 0.00000 | 0.00000 | 0.00000 | 0.00000 | 0.00000 ||
	||  0.24500 | 0.00000 | 1.00000 | 0.00000 | 0.00000 | 0.00000 | 0.00000 | 0.00000 | 0.00000 ||
	||  0.35200 | 0.00000 | 0.00000 | 1.00000 | 0.00000 | 0.00000 | 0.00000 | 0.00000 | 0.00000 ||
	||  0.25900 | 0.00000 | 0.00000 | 0.00000 | 1.00000 | 0.00000 | 0.00000 | 0.00000 | 0.00000 ||
	||  0.16600 | 0.00000 | 0.00000 | 0.00000 | 0.00000 | 1.00000 | 0.00000 | 0.00000 | 0.00000 ||
	||  0.00300 | 0.00000 | 0.00000 | 0.00000 | 0.00000 | 0.00000 | 1.00000 | 0.00000 | 0.00000 ||
	||  0.03800 | 0.00000 | 0.00000 | 0.00000 | 0.00000 | 0.00000 | 0.00000 | 1.00000 | 0.00000 ||
	||  0.11400 | 0.00000 | 0.00000 | 0.00000 | 0.00000 | 0.00000 | 0.00000 | 0.00000 | 1.00000 ||
	||------------------------------------------------------------------------------------------||

	||------------------------------------------------------------------------------------------||
	||                                    OUTPUT CORRELATION                                    ||
	||------------------------------------------------------------------------------------------||
	||  1.00000 | 0.16520 | 0.24891 | 0.34925 | 0.26180 | 0.16045 |-0.00062 | 0.03883 | 0.11807 ||
	||  0.16520 | 1.00000 | 0.00701 | 0.00215 |-0.00542 |-0.00533 | 0.00676 | 0.00661 | 0.00365 ||
	||  0.24891 | 0.00701 | 1.00000 | 0.00507 | 0.00473 |-0.00276 |-0.00510 |-0.00049 |-0.00037 ||
	||  0.34925 | 0.00215 | 0.00507 | 1.00000 | 0.00076 |-0.00722 |-0.00116 | 0.00710 | 0.00051 ||
	||  0.26180 |-0.00542 | 0.00473 | 0.00076 | 1.00000 | 0.00101 | 0.00113 |-0.00015 |-0.00456 ||
	||  0.16045 |-0.00533 |-0.00276 |-0.00722 | 0.00101 | 1.00000 | 0.00070 |-0.00188 | 0.00424 ||
	|| -0.00062 | 0.00676 |-0.00510 |-0.00116 | 0.00113 | 0.00070 | 1.00000 |-0.00577 | 0.00125 ||
	||  0.03883 | 0.00661 |-0.00049 | 0.00710 |-0.00015 |-0.00188 |-0.00577 | 1.00000 | 0.00622 ||
	||  0.11807 | 0.00365 |-0.00037 | 0.00051 |-0.00456 | 0.00424 | 0.00125 | 0.00622 | 1.00000 ||
	||------------------------------------------------------------------------------------------||

	||------------------------------------------------------------------------------------------||
	||                                    OUTPUT COVARIANCE                                     ||
	||------------------------------------------------------------------------------------------||
	||  0.99672 | 0.16512 | 0.24849 | 0.34983 | 0.26157 | 0.15988 |-0.00062 | 0.03894 | 0.11759 ||
	||  0.16512 | 1.00235 | 0.00702 | 0.00215 |-0.00543 |-0.00533 | 0.00679 | 0.00665 | 0.00364 ||
	||  0.24849 | 0.00702 | 0.99991 | 0.00508 | 0.00473 |-0.00275 |-0.00512 |-0.00049 |-0.00036 ||
	||  0.34983 | 0.00215 | 0.00508 | 1.00662 | 0.00076 |-0.00723 |-0.00117 | 0.00715 | 0.00051 ||
	||  0.26157 |-0.00543 | 0.00473 | 0.00076 | 1.00154 | 0.00101 | 0.00114 |-0.00015 |-0.00456 ||
	||  0.15988 |-0.00533 |-0.00275 |-0.00723 | 0.00101 | 0.99617 | 0.00071 |-0.00189 | 0.00422 ||
	|| -0.00062 | 0.00679 |-0.00512 |-0.00117 | 0.00114 | 0.00071 | 1.00842 |-0.00582 | 0.00126 ||
	||  0.03894 | 0.00665 |-0.00049 | 0.00715 |-0.00015 |-0.00189 |-0.00582 | 1.00912 | 0.00624 ||
	||  0.11759 | 0.00364 |-0.00036 | 0.00051 |-0.00456 | 0.00422 | 0.00126 | 0.00624 | 0.99520 ||
	||------------------------------------------------------------------------------------------||


	|-----------------------------------------------------------------|
	|    Copyright (C) 2011-2018 (DRIP)
	|-----------------------------------------------------------------|
	|    Build Version  =&gt; 3.24.0 multi mode
	|    Build JVM (TM) =&gt; 1.8.0_112
	|    Build Snap     =&gt; Mon Dec 25 12:29:26 EST 2017
	|    Start Time     =&gt; Tue Dec 26 13:44:13 EST 2017
	|    Setup Time     =&gt; Tue Dec 26 13:44:13 EST 2017
	|    Setup Duration =&gt; 0 ms
	|-----------------------------------------------------------------|


	||-------------------------------------------||
	||                R^1 METRICS                ||
	||-------------------------------------------||
	||    L -&gt; R:                                ||
	||            - Mean                         ||
	||            - Error                        ||
	||            - Variance                     ||
	||            - Standard Deviation           ||
	||-------------------------------------------||
	||  0.00205 |  0.80063 |  1.00424 |  1.00212 ||
	|| -0.00916 |  0.79235 |  0.98743 |  0.99370 ||
	||  0.00141 |  0.79658 |  1.00054 |  1.00027 ||
	||  0.00480 |  0.79588 |  0.99498 |  0.99749 ||
	|| -0.00006 |  0.79867 |  1.00515 |  1.00257 ||
	||  0.00732 |  0.79855 |  1.00068 |  1.00034 ||
	|| -0.00445 |  0.79815 |  0.99857 |  0.99928 ||
	|| -0.00127 |  0.79691 |  0.99677 |  0.99839 ||
	|| -0.00194 |  0.79744 |  1.00002 |  1.00001 ||
	||-------------------------------------------||

	||------------------------------------------------------------------------------------------||
	||                                     INPUT CORRELATION                                    ||
	||------------------------------------------------------------------------------------------||
	||  1.00000 | 0.16100 | 0.24500 | 0.35200 | 0.25900 | 0.16600 | 0.00300 | 0.03800 | 0.11400 ||
	||  0.16100 | 1.00000 | 0.00000 | 0.00000 | 0.00000 | 0.00000 | 0.00000 | 0.00000 | 0.00000 ||
	||  0.24500 | 0.00000 | 1.00000 | 0.00000 | 0.00000 | 0.00000 | 0.00000 | 0.00000 | 0.00000 ||
	||  0.35200 | 0.00000 | 0.00000 | 1.00000 | 0.00000 | 0.00000 | 0.00000 | 0.00000 | 0.00000 ||
	||  0.25900 | 0.00000 | 0.00000 | 0.00000 | 1.00000 | 0.00000 | 0.00000 | 0.00000 | 0.00000 ||
	||  0.16600 | 0.00000 | 0.00000 | 0.00000 | 0.00000 | 1.00000 | 0.00000 | 0.00000 | 0.00000 ||
	||  0.00300 | 0.00000 | 0.00000 | 0.00000 | 0.00000 | 0.00000 | 1.00000 | 0.00000 | 0.00000 ||
	||  0.03800 | 0.00000 | 0.00000 | 0.00000 | 0.00000 | 0.00000 | 0.00000 | 1.00000 | 0.00000 ||
	||  0.11400 | 0.00000 | 0.00000 | 0.00000 | 0.00000 | 0.00000 | 0.00000 | 0.00000 | 1.00000 ||
	||------------------------------------------------------------------------------------------||

	||------------------------------------------------------------------------------------------||
	||                                    OUTPUT CORRELATION                                    ||
	||------------------------------------------------------------------------------------------||
	||  1.00000 | 0.15967 | 0.24196 | 0.34991 | 0.26374 | 0.16773 | 0.00911 | 0.03958 | 0.11385 ||
	||  0.15967 | 1.00000 |-0.00114 |-0.00760 | 0.00977 | 0.00491 | 0.00269 | 0.00313 |-0.00253 ||
	||  0.24196 |-0.00114 | 1.00000 | 0.00511 | 0.00870 |-0.00426 |-0.00192 | 0.00122 |-0.00592 ||
	||  0.34991 |-0.00760 | 0.00511 | 1.00000 |-0.00079 | 0.00519 |-0.00128 | 0.00350 |-0.00268 ||
	||  0.26374 | 0.00977 | 0.00870 |-0.00079 | 1.00000 |-0.00203 | 0.00723 |-0.00168 |-0.01286 ||
	||  0.16773 | 0.00491 |-0.00426 | 0.00519 |-0.00203 | 1.00000 | 0.00154 | 0.00318 | 0.00136 ||
	||  0.00911 | 0.00269 |-0.00192 |-0.00128 | 0.00723 | 0.00154 | 1.00000 |-0.00186 | 0.00070 ||
	||  0.03958 | 0.00313 | 0.00122 | 0.00350 |-0.00168 | 0.00318 |-0.00186 | 1.00000 | 0.00098 ||
	||  0.11385 |-0.00253 |-0.00592 |-0.00268 |-0.01286 | 0.00136 | 0.00070 | 0.00098 | 1.00000 ||
	||------------------------------------------------------------------------------------------||

	||------------------------------------------------------------------------------------------||
	||                                    OUTPUT COVARIANCE                                     ||
	||------------------------------------------------------------------------------------------||
	||  1.00424 | 0.15900 | 0.24254 | 0.34977 | 0.26498 | 0.16814 | 0.00912 | 0.03960 | 0.11409 ||
	||  0.15900 | 0.98743 |-0.00114 |-0.00753 | 0.00973 | 0.00488 | 0.00267 | 0.00310 |-0.00252 ||
	||  0.24254 |-0.00114 | 1.00054 | 0.00510 | 0.00872 |-0.00426 |-0.00192 | 0.00121 |-0.00592 ||
	||  0.34977 |-0.00753 | 0.00510 | 0.99498 |-0.00079 | 0.00518 |-0.00128 | 0.00349 |-0.00267 ||
	||  0.26498 | 0.00973 | 0.00872 |-0.00079 | 1.00515 |-0.00204 | 0.00725 |-0.00168 |-0.01289 ||
	||  0.16814 | 0.00488 |-0.00426 | 0.00518 |-0.00204 | 1.00068 | 0.00153 | 0.00318 | 0.00136 ||
	||  0.00912 | 0.00267 |-0.00192 |-0.00128 | 0.00725 | 0.00153 | 0.99857 |-0.00186 | 0.00070 ||
	||  0.03960 | 0.00310 | 0.00121 | 0.00349 |-0.00168 | 0.00318 |-0.00186 | 0.99677 | 0.00098 ||
	||  0.11409 |-0.00252 |-0.00592 |-0.00267 |-0.01289 | 0.00136 | 0.00070 | 0.00098 | 1.00002 ||
	||------------------------------------------------------------------------------------------||


	|-----------------------------------------------------------------|
	|    Copyright (C) 2011-2018 (DRIP)
	|-----------------------------------------------------------------|
	|    Build Version  =&gt; 3.24.0 multi mode
	|    Build JVM (TM) =&gt; 1.8.0_112
	|    Build Snap     =&gt; Mon Dec 25 12:29:26 EST 2017
	|    Start Time     =&gt; Tue Dec 26 13:44:15 EST 2017
	|    Setup Time     =&gt; Tue Dec 26 13:44:15 EST 2017
	|    Setup Duration =&gt; 0 ms
	|-----------------------------------------------------------------|


	||-------------------------------------------||
	||                R^1 METRICS                ||
	||-------------------------------------------||
	||    L -&gt; R:                                ||
	||            - Mean                         ||
	||            - Error                        ||
	||            - Variance                     ||
	||            - Standard Deviation           ||
	||-------------------------------------------||
	|| -0.00241 |  0.79848 |  0.99999 |  1.00000 ||
	||  0.00410 |  0.79910 |  0.99998 |  0.99999 ||
	||  0.00695 |  0.79838 |  0.99995 |  0.99998 ||
	||  0.00126 |  0.79751 |  1.00000 |  1.00000 ||
	||  0.00023 |  0.79900 |  1.00000 |  1.00000 ||
	|| -0.01119 |  0.79774 |  0.99987 |  0.99994 ||
	||  0.00165 |  0.79777 |  1.00000 |  1.00000 ||
	|| -0.00308 |  0.79826 |  0.99999 |  1.00000 ||
	||  0.00627 |  0.79788 |  0.99996 |  0.99998 ||
	||-------------------------------------------||

	||------------------------------------------------------------------------------------------||
	||                                     INPUT CORRELATION                                    ||
	||------------------------------------------------------------------------------------------||
	||  1.00000 | 0.16100 | 0.24500 | 0.35200 | 0.25900 | 0.16600 | 0.00300 | 0.03800 | 0.11400 ||
	||  0.16100 | 1.00000 | 0.00000 | 0.00000 | 0.00000 | 0.00000 | 0.00000 | 0.00000 | 0.00000 ||
	||  0.24500 | 0.00000 | 1.00000 | 0.00000 | 0.00000 | 0.00000 | 0.00000 | 0.00000 | 0.00000 ||
	||  0.35200 | 0.00000 | 0.00000 | 1.00000 | 0.00000 | 0.00000 | 0.00000 | 0.00000 | 0.00000 ||
	||  0.25900 | 0.00000 | 0.00000 | 0.00000 | 1.00000 | 0.00000 | 0.00000 | 0.00000 | 0.00000 ||
	||  0.16600 | 0.00000 | 0.00000 | 0.00000 | 0.00000 | 1.00000 | 0.00000 | 0.00000 | 0.00000 ||
	||  0.00300 | 0.00000 | 0.00000 | 0.00000 | 0.00000 | 0.00000 | 1.00000 | 0.00000 | 0.00000 ||
	||  0.03800 | 0.00000 | 0.00000 | 0.00000 | 0.00000 | 0.00000 | 0.00000 | 1.00000 | 0.00000 ||
	||  0.11400 | 0.00000 | 0.00000 | 0.00000 | 0.00000 | 0.00000 | 0.00000 | 0.00000 | 1.00000 ||
	||------------------------------------------------------------------------------------------||

	||------------------------------------------------------------------------------------------||
	||                                    OUTPUT CORRELATION                                    ||
	||------------------------------------------------------------------------------------------||
	||  1.00000 | 0.16079 | 0.24636 | 0.35160 | 0.25565 | 0.16850 | 0.00447 | 0.03931 | 0.11462 ||
	||  0.16079 | 1.00000 | 0.00359 |-0.00015 |-0.00606 | 0.00301 |-0.00083 |-0.00252 | 0.00610 ||
	||  0.24636 | 0.00359 | 1.00000 | 0.00684 | 0.00653 | 0.00088 | 0.00273 | 0.00128 |-0.00032 ||
	||  0.35160 |-0.00015 | 0.00684 | 1.00000 |-0.00022 | 0.00355 | 0.00326 |-0.00376 |-0.00838 ||
	||  0.25565 |-0.00606 | 0.00653 |-0.00022 | 1.00000 | 0.00120 | 0.00752 | 0.00438 | 0.00764 ||
	||  0.16850 | 0.00301 | 0.00088 | 0.00355 | 0.00120 | 1.00000 | 0.00074 |-0.00132 | 0.00046 ||
	||  0.00447 |-0.00083 | 0.00273 | 0.00326 | 0.00752 | 0.00074 | 1.00000 |-0.00626 | 0.00211 ||
	||  0.03931 |-0.00252 | 0.00128 |-0.00376 | 0.00438 |-0.00132 |-0.00626 | 1.00000 | 0.00905 ||
	||  0.11462 | 0.00610 |-0.00032 |-0.00838 | 0.00764 | 0.00046 | 0.00211 | 0.00905 | 1.00000 ||
	||------------------------------------------------------------------------------------------||

	||------------------------------------------------------------------------------------------||
	||                                    OUTPUT COVARIANCE                                     ||
	||------------------------------------------------------------------------------------------||
	||  0.99999 | 0.16079 | 0.24635 | 0.35160 | 0.25565 | 0.16848 | 0.00447 | 0.03931 | 0.11462 ||
	||  0.16079 | 0.99998 | 0.00359 |-0.00015 |-0.00606 | 0.00301 |-0.00083 |-0.00252 | 0.00610 ||
	||  0.24635 | 0.00359 | 0.99995 | 0.00684 | 0.00653 | 0.00088 | 0.00273 | 0.00128 |-0.00032 ||
	||  0.35160 |-0.00015 | 0.00684 | 1.00000 |-0.00022 | 0.00355 | 0.00326 |-0.00376 |-0.00838 ||
	||  0.25565 |-0.00606 | 0.00653 |-0.00022 | 1.00000 | 0.00120 | 0.00752 | 0.00438 | 0.00764 ||
	||  0.16848 | 0.00301 | 0.00088 | 0.00355 | 0.00120 | 0.99987 | 0.00074 |-0.00132 | 0.00046 ||
	||  0.00447 |-0.00083 | 0.00273 | 0.00326 | 0.00752 | 0.00074 | 1.00000 |-0.00626 | 0.00211 ||
	||  0.03931 |-0.00252 | 0.00128 |-0.00376 | 0.00438 |-0.00132 |-0.00626 | 0.99999 | 0.00905 ||
	||  0.11462 | 0.00610 |-0.00032 |-0.00838 | 0.00764 | 0.00046 | 0.00211 | 0.00905 | 0.99996 ||
	||------------------------------------------------------------------------------------------||


	|-----------------------------------------------------------------|
	|    Copyright (C) 2011-2018 (DRIP)
	|-----------------------------------------------------------------|
	|    Build Version  =&gt; 3.24.0 multi mode
	|    Build JVM (TM) =&gt; 1.8.0_112
	|    Build Snap     =&gt; Mon Dec 25 12:29:26 EST 2017
	|    Start Time     =&gt; Tue Dec 26 13:44:17 EST 2017
	|    Setup Time     =&gt; Tue Dec 26 13:44:17 EST 2017
	|    Setup Duration =&gt; 0 ms
	|-----------------------------------------------------------------|


	||-------------------------------------------||
	||                R^1 METRICS                ||
	||-------------------------------------------||
	||    L -&gt; R:                                ||
	||            - Mean                         ||
	||            - Error                        ||
	||            - Variance                     ||
	||            - Standard Deviation           ||
	||-------------------------------------------||
	||  0.00329 |  0.79745 |  0.99997 |  0.99998 ||
	||  0.00094 |  0.79822 |  0.99998 |  0.99999 ||
	||  0.00004 |  0.79866 |  0.99998 |  0.99999 ||
	||  0.00092 |  0.79831 |  0.99998 |  0.99999 ||
	||  0.00317 |  0.79915 |  0.99997 |  0.99998 ||
	||  0.00122 |  0.79696 |  0.99998 |  0.99999 ||
	|| -0.00293 |  0.79735 |  0.99997 |  0.99999 ||
	||  0.00053 |  0.79645 |  0.99998 |  0.99999 ||
	||  0.00597 |  0.79778 |  0.99994 |  0.99997 ||
	||-------------------------------------------||

	||------------------------------------------------------------------------------------------||
	||                                     INPUT CORRELATION                                    ||
	||------------------------------------------------------------------------------------------||
	||  1.00000 | 0.16100 | 0.24500 | 0.35200 | 0.25900 | 0.16600 | 0.00300 | 0.03800 | 0.11400 ||
	||  0.16100 | 1.00000 | 0.00000 | 0.00000 | 0.00000 | 0.00000 | 0.00000 | 0.00000 | 0.00000 ||
	||  0.24500 | 0.00000 | 1.00000 | 0.00000 | 0.00000 | 0.00000 | 0.00000 | 0.00000 | 0.00000 ||
	||  0.35200 | 0.00000 | 0.00000 | 1.00000 | 0.00000 | 0.00000 | 0.00000 | 0.00000 | 0.00000 ||
	||  0.25900 | 0.00000 | 0.00000 | 0.00000 | 1.00000 | 0.00000 | 0.00000 | 0.00000 | 0.00000 ||
	||  0.16600 | 0.00000 | 0.00000 | 0.00000 | 0.00000 | 1.00000 | 0.00000 | 0.00000 | 0.00000 ||
	||  0.00300 | 0.00000 | 0.00000 | 0.00000 | 0.00000 | 0.00000 | 1.00000 | 0.00000 | 0.00000 ||
	||  0.03800 | 0.00000 | 0.00000 | 0.00000 | 0.00000 | 0.00000 | 0.00000 | 1.00000 | 0.00000 ||
	||  0.11400 | 0.00000 | 0.00000 | 0.00000 | 0.00000 | 0.00000 | 0.00000 | 0.00000 | 1.00000 ||
	||------------------------------------------------------------------------------------------||

	||------------------------------------------------------------------------------------------||
	||                                    OUTPUT CORRELATION                                    ||
	||------------------------------------------------------------------------------------------||
	||  1.00000 | 0.15559 | 0.23709 | 0.34958 | 0.25536 | 0.16672 | 0.00618 | 0.03503 | 0.11446 ||
	||  0.15559 | 1.00000 |-0.00245 | 0.00809 |-0.00319 | 0.00492 | 0.00072 |-0.00545 | 0.00706 ||
	||  0.23709 |-0.00245 | 1.00000 |-0.00525 |-0.00748 |-0.00450 |-0.00337 | 0.00932 | 0.00076 ||
	||  0.34958 | 0.00809 |-0.00525 | 1.00000 |-0.00215 |-0.00297 | 0.00113 |-0.00081 | 0.00345 ||
	||  0.25536 |-0.00319 |-0.00748 |-0.00215 | 1.00000 |-0.00299 | 0.00626 |-0.00048 | 0.00561 ||
	||  0.16672 | 0.00492 |-0.00450 |-0.00297 |-0.00299 | 1.00000 | 0.00434 | 0.00486 |-0.00339 ||
	||  0.00618 | 0.00072 |-0.00337 | 0.00113 | 0.00626 | 0.00434 | 1.00000 | 0.00382 |-0.00506 ||
	||  0.03503 |-0.00545 | 0.00932 |-0.00081 |-0.00048 | 0.00486 | 0.00382 | 1.00000 |-0.00232 ||
	||  0.11446 | 0.00706 | 0.00076 | 0.00345 | 0.00561 |-0.00339 |-0.00506 |-0.00232 | 1.00000 ||
	||------------------------------------------------------------------------------------------||

	||------------------------------------------------------------------------------------------||
	||                                    OUTPUT COVARIANCE                                     ||
	||------------------------------------------------------------------------------------------||
	||  0.99997 | 0.15558 | 0.23709 | 0.34957 | 0.25535 | 0.16671 | 0.00618 | 0.03503 | 0.11445 ||
	||  0.15558 | 0.99998 |-0.00245 | 0.00809 |-0.00319 | 0.00492 | 0.00072 |-0.00545 | 0.00706 ||
	||  0.23709 |-0.00245 | 0.99998 |-0.00525 |-0.00748 |-0.00450 |-0.00337 | 0.00932 | 0.00076 ||
	||  0.34957 | 0.00809 |-0.00525 | 0.99998 |-0.00215 |-0.00297 | 0.00113 |-0.00081 | 0.00345 ||
	||  0.25535 |-0.00319 |-0.00748 |-0.00215 | 0.99997 |-0.00299 | 0.00626 |-0.00048 | 0.00561 ||
	||  0.16671 | 0.00492 |-0.00450 |-0.00297 |-0.00299 | 0.99998 | 0.00434 | 0.00486 |-0.00339 ||
	||  0.00618 | 0.00072 |-0.00337 | 0.00113 | 0.00626 | 0.00434 | 0.99997 | 0.00382 |-0.00506 ||
	||  0.03503 |-0.00545 | 0.00932 |-0.00081 |-0.00048 | 0.00486 | 0.00382 | 0.99998 |-0.00232 ||
	||  0.11445 | 0.00706 | 0.00076 | 0.00345 | 0.00561 |-0.00339 |-0.00506 |-0.00232 | 0.99994 ||
	||------------------------------------------------------------------------------------------||

</pre>
</span>
</div>
</div>
<div id="footer">
<p>
<div>
<label class="hidden" id="label-for-line-wrapping-toggle" for="line-wrapping-toggle">Wrap lines
<input id="line-wrapping-toggle" type="checkbox" autocomplete="off"/>
</label>
</div>Generated by 
<a href="http://www.gradle.org">Gradle 3.5</a> at Dec 26, 2017 2:48:00 PM</p>
</div>
</div>
</body>
</html>
