<!DOCTYPE html>
<html>
<head>
<meta http-equiv="Content-Type" content="text/html; charset=utf-8"/>
<meta http-equiv="x-ua-compatible" content="IE=edge"/>
<title>Test results - Class org.drip.coverage.sequence.Statistics</title>
<link href="../css/base-style.css" rel="stylesheet" type="text/css"/>
<link href="../css/style.css" rel="stylesheet" type="text/css"/>
<script src="../js/report.js" type="text/javascript"></script>
</head>
<body>
<div id="content">
<h1>Class org.drip.coverage.sequence.Statistics</h1>
<div class="breadcrumbs">
<a href="../index.html">all</a> &gt; 
<a href="../packages/org.drip.coverage.sequence.html">org.drip.coverage.sequence</a> &gt; Statistics</div>
<div id="summary">
<table>
<tr>
<td>
<div class="summaryGroup">
<table>
<tr>
<td>
<div class="infoBox" id="tests">
<div class="counter">1</div>
<p>tests</p>
</div>
</td>
<td>
<div class="infoBox" id="failures">
<div class="counter">0</div>
<p>failures</p>
</div>
</td>
<td>
<div class="infoBox" id="ignored">
<div class="counter">0</div>
<p>ignored</p>
</div>
</td>
<td>
<div class="infoBox" id="duration">
<div class="counter">10.123s</div>
<p>duration</p>
</div>
</td>
</tr>
</table>
</div>
</td>
<td>
<div class="infoBox success" id="successRate">
<div class="percent">100%</div>
<p>successful</p>
</div>
</td>
</tr>
</table>
</div>
<div id="tabs">
<ul class="tabLinks">
<li>
<a href="#tab0">Tests</a>
</li>
<li>
<a href="#tab1">Standard output</a>
</li>
</ul>
<div id="tab0" class="tab">
<h2>Tests</h2>
<table>
<thead>
<tr>
<th>Test</th>
<th>Duration</th>
<th>Result</th>
</tr>
</thead>
<tr>
<td class="success">codeCoverageTest</td>
<td>10.123s</td>
<td class="success">passed</td>
</tr>
</table>
</div>
<div id="tab1" class="tab">
<h2>Standard output</h2>
<span class="code">
<pre>
	|-----------------------------------------------------------------|
	|    Copyright (C) 2011-2019 (DRIP, DROP)
	|-----------------------------------------------------------------|
	|    Build Version  =&gt; 4.06.0 multi mode
	|    Build JVM (TM) =&gt; 1.8.0_112
	|    Build Snap     =&gt; Sat Feb 23 10:33:18 EST 2019
	|    Start Time     =&gt; Sat Feb 23 11:37:24 EST 2019
	|    Setup Time     =&gt; Sat Feb 23 11:37:24 EST 2019
	|    Setup Duration =&gt; 0 ms
	|-----------------------------------------------------------------|


	||-------------------------------------------||
	||                R^1 METRICS                ||
	||-------------------------------------------||
	||    L -&gt; R:                                ||
	||            - Mean                         ||
	||            - Error                        ||
	||            - Variance                     ||
	||            - Standard Deviation           ||
	||-------------------------------------------||
	||  0.00716 |  0.79887 |  1.00038 |  1.00019 ||
	||  0.00288 |  0.79728 |  0.99746 |  0.99873 ||
	||  0.00589 |  0.79536 |  0.99489 |  0.99744 ||
	|| -0.00092 |  0.79746 |  1.00494 |  1.00247 ||
	|| -0.00018 |  0.79861 |  1.00229 |  1.00115 ||
	||  0.00841 |  0.80137 |  1.00628 |  1.00313 ||
	|| -0.00092 |  0.79991 |  1.00110 |  1.00055 ||
	|| -0.00103 |  0.80221 |  1.00866 |  1.00432 ||
	||  0.00358 |  0.79685 |  0.99485 |  0.99742 ||
	||-------------------------------------------||

	||------------------------------------------------------------------------------------------||
	||                                     INPUT CORRELATION                                    ||
	||------------------------------------------------------------------------------------------||
	||  1.00000 | 0.16100 | 0.24500 | 0.35200 | 0.25900 | 0.16600 | 0.00300 | 0.03800 | 0.11400 ||
	||  0.16100 | 1.00000 | 0.00000 | 0.00000 | 0.00000 | 0.00000 | 0.00000 | 0.00000 | 0.00000 ||
	||  0.24500 | 0.00000 | 1.00000 | 0.00000 | 0.00000 | 0.00000 | 0.00000 | 0.00000 | 0.00000 ||
	||  0.35200 | 0.00000 | 0.00000 | 1.00000 | 0.00000 | 0.00000 | 0.00000 | 0.00000 | 0.00000 ||
	||  0.25900 | 0.00000 | 0.00000 | 0.00000 | 1.00000 | 0.00000 | 0.00000 | 0.00000 | 0.00000 ||
	||  0.16600 | 0.00000 | 0.00000 | 0.00000 | 0.00000 | 1.00000 | 0.00000 | 0.00000 | 0.00000 ||
	||  0.00300 | 0.00000 | 0.00000 | 0.00000 | 0.00000 | 0.00000 | 1.00000 | 0.00000 | 0.00000 ||
	||  0.03800 | 0.00000 | 0.00000 | 0.00000 | 0.00000 | 0.00000 | 0.00000 | 1.00000 | 0.00000 ||
	||  0.11400 | 0.00000 | 0.00000 | 0.00000 | 0.00000 | 0.00000 | 0.00000 | 0.00000 | 1.00000 ||
	||------------------------------------------------------------------------------------------||

	||------------------------------------------------------------------------------------------||
	||                                    OUTPUT CORRELATION                                    ||
	||------------------------------------------------------------------------------------------||
	||  1.00000 | 0.17093 | 0.23674 | 0.35570 | 0.25322 | 0.17519 |-0.00191 | 0.04030 | 0.11099 ||
	||  0.17093 | 1.00000 | 0.00012 | 0.00790 | 0.00696 | 0.01211 | 0.00578 | 0.00520 |-0.00123 ||
	||  0.23674 | 0.00012 | 1.00000 |-0.00659 |-0.00208 | 0.00268 |-0.00324 | 0.00697 |-0.00528 ||
	||  0.35570 | 0.00790 |-0.00659 | 1.00000 |-0.00293 |-0.00513 |-0.00374 | 0.00616 | 0.00022 ||
	||  0.25322 | 0.00696 |-0.00208 |-0.00293 | 1.00000 | 0.00016 |-0.00068 |-0.00912 | 0.00364 ||
	||  0.17519 | 0.01211 | 0.00268 |-0.00513 | 0.00016 | 1.00000 |-0.00110 | 0.01077 | 0.00463 ||
	|| -0.00191 | 0.00578 |-0.00324 |-0.00374 |-0.00068 |-0.00110 | 1.00000 | 0.00117 | 0.00684 ||
	||  0.04030 | 0.00520 | 0.00697 | 0.00616 |-0.00912 | 0.01077 | 0.00117 | 1.00000 |-0.00622 ||
	||  0.11099 |-0.00123 |-0.00528 | 0.00022 | 0.00364 | 0.00463 | 0.00684 |-0.00622 | 1.00000 ||
	||------------------------------------------------------------------------------------------||

	||------------------------------------------------------------------------------------------||
	||                                    OUTPUT COVARIANCE                                     ||
	||------------------------------------------------------------------------------------------||
	||  1.00038 | 0.17075 | 0.23618 | 0.35665 | 0.25356 | 0.17578 |-0.00191 | 0.04048 | 0.11073 ||
	||  0.17075 | 0.99746 | 0.00012 | 0.00791 | 0.00696 | 0.01214 | 0.00578 | 0.00522 |-0.00123 ||
	||  0.23618 | 0.00012 | 0.99489 |-0.00659 |-0.00208 | 0.00269 |-0.00324 | 0.00699 |-0.00525 ||
	||  0.35665 | 0.00791 |-0.00659 | 1.00494 |-0.00294 |-0.00516 |-0.00375 | 0.00620 | 0.00022 ||
	||  0.25356 | 0.00696 |-0.00208 |-0.00294 | 1.00229 | 0.00016 |-0.00068 |-0.00917 | 0.00363 ||
	||  0.17578 | 0.01214 | 0.00269 |-0.00516 | 0.00016 | 1.00628 |-0.00110 | 0.01085 | 0.00463 ||
	|| -0.00191 | 0.00578 |-0.00324 |-0.00375 |-0.00068 |-0.00110 | 1.00110 | 0.00117 | 0.00683 ||
	||  0.04048 | 0.00522 | 0.00699 | 0.00620 |-0.00917 | 0.01085 | 0.00117 | 1.00866 |-0.00623 ||
	||  0.11073 |-0.00123 |-0.00525 | 0.00022 | 0.00363 | 0.00463 | 0.00683 |-0.00623 | 0.99485 ||
	||------------------------------------------------------------------------------------------||


	|-----------------------------------------------------------------|
	|    Copyright (C) 2011-2019 (DRIP, DROP)
	|-----------------------------------------------------------------|
	|    Build Version  =&gt; 4.06.0 multi mode
	|    Build JVM (TM) =&gt; 1.8.0_112
	|    Build Snap     =&gt; Sat Feb 23 10:33:18 EST 2019
	|    Start Time     =&gt; Sat Feb 23 11:37:26 EST 2019
	|    Setup Time     =&gt; Sat Feb 23 11:37:26 EST 2019
	|    Setup Duration =&gt; 0 ms
	|-----------------------------------------------------------------|


	||-------------------------------------------||
	||                R^1 METRICS                ||
	||-------------------------------------------||
	||    L -&gt; R:                                ||
	||            - Mean                         ||
	||            - Error                        ||
	||            - Variance                     ||
	||            - Standard Deviation           ||
	||-------------------------------------------||
	|| -0.00013 |  0.79685 |  0.99625 |  0.99812 ||
	||  0.00080 |  0.79659 |  0.99761 |  0.99880 ||
	|| -0.00262 |  0.79773 |  1.00100 |  1.00050 ||
	||  0.00540 |  0.79503 |  0.99192 |  0.99595 ||
	||  0.00822 |  0.79177 |  0.98777 |  0.99387 ||
	|| -0.00465 |  0.80234 |  1.00665 |  1.00332 ||
	||  0.00372 |  0.80016 |  1.00199 |  1.00099 ||
	||  0.01209 |  0.79618 |  0.99547 |  0.99773 ||
	|| -0.00292 |  0.79737 |  0.99810 |  0.99905 ||
	||-------------------------------------------||

	||------------------------------------------------------------------------------------------||
	||                                     INPUT CORRELATION                                    ||
	||------------------------------------------------------------------------------------------||
	||  1.00000 | 0.16100 | 0.24500 | 0.35200 | 0.25900 | 0.16600 | 0.00300 | 0.03800 | 0.11400 ||
	||  0.16100 | 1.00000 | 0.00000 | 0.00000 | 0.00000 | 0.00000 | 0.00000 | 0.00000 | 0.00000 ||
	||  0.24500 | 0.00000 | 1.00000 | 0.00000 | 0.00000 | 0.00000 | 0.00000 | 0.00000 | 0.00000 ||
	||  0.35200 | 0.00000 | 0.00000 | 1.00000 | 0.00000 | 0.00000 | 0.00000 | 0.00000 | 0.00000 ||
	||  0.25900 | 0.00000 | 0.00000 | 0.00000 | 1.00000 | 0.00000 | 0.00000 | 0.00000 | 0.00000 ||
	||  0.16600 | 0.00000 | 0.00000 | 0.00000 | 0.00000 | 1.00000 | 0.00000 | 0.00000 | 0.00000 ||
	||  0.00300 | 0.00000 | 0.00000 | 0.00000 | 0.00000 | 0.00000 | 1.00000 | 0.00000 | 0.00000 ||
	||  0.03800 | 0.00000 | 0.00000 | 0.00000 | 0.00000 | 0.00000 | 0.00000 | 1.00000 | 0.00000 ||
	||  0.11400 | 0.00000 | 0.00000 | 0.00000 | 0.00000 | 0.00000 | 0.00000 | 0.00000 | 1.00000 ||
	||------------------------------------------------------------------------------------------||

	||------------------------------------------------------------------------------------------||
	||                                    OUTPUT CORRELATION                                    ||
	||------------------------------------------------------------------------------------------||
	||  1.00000 | 0.16313 | 0.23777 | 0.35698 | 0.26222 | 0.15939 | 0.01000 | 0.04243 | 0.11567 ||
	||  0.16313 | 1.00000 | 0.00240 |-0.00304 |-0.00144 | 0.00215 | 0.00342 | 0.00131 | 0.00372 ||
	||  0.23777 | 0.00240 | 1.00000 |-0.00278 |-0.00013 |-0.00611 |-0.00786 | 0.00046 |-0.00309 ||
	||  0.35698 |-0.00304 |-0.00278 | 1.00000 | 0.00090 | 0.00175 |-0.00124 | 0.00144 |-0.00422 ||
	||  0.26222 |-0.00144 |-0.00013 | 0.00090 | 1.00000 | 0.00045 | 0.00356 |-0.00429 |-0.00081 ||
	||  0.15939 | 0.00215 |-0.00611 | 0.00175 | 0.00045 | 1.00000 | 0.00479 | 0.00026 | 0.00153 ||
	||  0.01000 | 0.00342 |-0.00786 |-0.00124 | 0.00356 | 0.00479 | 1.00000 |-0.00754 | 0.00566 ||
	||  0.04243 | 0.00131 | 0.00046 | 0.00144 |-0.00429 | 0.00026 |-0.00754 | 1.00000 |-0.00118 ||
	||  0.11567 | 0.00372 |-0.00309 |-0.00422 |-0.00081 | 0.00153 | 0.00566 |-0.00118 | 1.00000 ||
	||------------------------------------------------------------------------------------------||

	||------------------------------------------------------------------------------------------||
	||                                    OUTPUT COVARIANCE                                     ||
	||------------------------------------------------------------------------------------------||
	||  0.99625 | 0.16263 | 0.23745 | 0.35487 | 0.26013 | 0.15962 | 0.00999 | 0.04225 | 0.11535 ||
	||  0.16263 | 0.99761 | 0.00240 |-0.00302 |-0.00143 | 0.00215 | 0.00342 | 0.00131 | 0.00371 ||
	||  0.23745 | 0.00240 | 1.00100 |-0.00277 |-0.00013 |-0.00614 |-0.00788 | 0.00046 |-0.00309 ||
	||  0.35487 |-0.00302 |-0.00277 | 0.99192 | 0.00089 | 0.00174 |-0.00123 | 0.00143 |-0.00420 ||
	||  0.26013 |-0.00143 |-0.00013 | 0.00089 | 0.98777 | 0.00045 | 0.00354 |-0.00425 |-0.00080 ||
	||  0.15962 | 0.00215 |-0.00614 | 0.00174 | 0.00045 | 1.00665 | 0.00481 | 0.00026 | 0.00153 ||
	||  0.00999 | 0.00342 |-0.00788 |-0.00123 | 0.00354 | 0.00481 | 1.00199 |-0.00753 | 0.00566 ||
	||  0.04225 | 0.00131 | 0.00046 | 0.00143 |-0.00425 | 0.00026 |-0.00753 | 0.99547 |-0.00118 ||
	||  0.11535 | 0.00371 |-0.00309 |-0.00420 |-0.00080 | 0.00153 | 0.00566 |-0.00118 | 0.99810 ||
	||------------------------------------------------------------------------------------------||


	|-----------------------------------------------------------------|
	|    Copyright (C) 2011-2019 (DRIP, DROP)
	|-----------------------------------------------------------------|
	|    Build Version  =&gt; 4.06.0 multi mode
	|    Build JVM (TM) =&gt; 1.8.0_112
	|    Build Snap     =&gt; Sat Feb 23 10:33:18 EST 2019
	|    Start Time     =&gt; Sat Feb 23 11:37:29 EST 2019
	|    Setup Time     =&gt; Sat Feb 23 11:37:29 EST 2019
	|    Setup Duration =&gt; 0 ms
	|-----------------------------------------------------------------|


	||-------------------------------------------||
	||                R^1 METRICS                ||
	||-------------------------------------------||
	||    L -&gt; R:                                ||
	||            - Mean                         ||
	||            - Error                        ||
	||            - Variance                     ||
	||            - Standard Deviation           ||
	||-------------------------------------------||
	||  0.00170 |  0.79751 |  1.00000 |  1.00000 ||
	||  0.00199 |  0.79761 |  1.00000 |  1.00000 ||
	||  0.00153 |  0.79663 |  1.00000 |  1.00000 ||
	|| -0.00465 |  0.79664 |  0.99998 |  0.99999 ||
	||  0.00401 |  0.79829 |  0.99998 |  0.99999 ||
	||  0.00436 |  0.79760 |  0.99998 |  0.99999 ||
	||  0.00803 |  0.79905 |  0.99994 |  0.99997 ||
	||  0.00170 |  0.79995 |  1.00000 |  1.00000 ||
	||  0.00208 |  0.79578 |  1.00000 |  1.00000 ||
	||-------------------------------------------||

	||------------------------------------------------------------------------------------------||
	||                                     INPUT CORRELATION                                    ||
	||------------------------------------------------------------------------------------------||
	||  1.00000 | 0.16100 | 0.24500 | 0.35200 | 0.25900 | 0.16600 | 0.00300 | 0.03800 | 0.11400 ||
	||  0.16100 | 1.00000 | 0.00000 | 0.00000 | 0.00000 | 0.00000 | 0.00000 | 0.00000 | 0.00000 ||
	||  0.24500 | 0.00000 | 1.00000 | 0.00000 | 0.00000 | 0.00000 | 0.00000 | 0.00000 | 0.00000 ||
	||  0.35200 | 0.00000 | 0.00000 | 1.00000 | 0.00000 | 0.00000 | 0.00000 | 0.00000 | 0.00000 ||
	||  0.25900 | 0.00000 | 0.00000 | 0.00000 | 1.00000 | 0.00000 | 0.00000 | 0.00000 | 0.00000 ||
	||  0.16600 | 0.00000 | 0.00000 | 0.00000 | 0.00000 | 1.00000 | 0.00000 | 0.00000 | 0.00000 ||
	||  0.00300 | 0.00000 | 0.00000 | 0.00000 | 0.00000 | 0.00000 | 1.00000 | 0.00000 | 0.00000 ||
	||  0.03800 | 0.00000 | 0.00000 | 0.00000 | 0.00000 | 0.00000 | 0.00000 | 1.00000 | 0.00000 ||
	||  0.11400 | 0.00000 | 0.00000 | 0.00000 | 0.00000 | 0.00000 | 0.00000 | 0.00000 | 1.00000 ||
	||------------------------------------------------------------------------------------------||

	||------------------------------------------------------------------------------------------||
	||                                    OUTPUT CORRELATION                                    ||
	||------------------------------------------------------------------------------------------||
	||  1.00000 | 0.16225 | 0.24797 | 0.34181 | 0.26303 | 0.16168 | 0.00676 | 0.03788 | 0.11317 ||
	||  0.16225 | 1.00000 | 0.00189 |-0.00771 |-0.00035 |-0.00689 | 0.00078 | 0.00757 |-0.00184 ||
	||  0.24797 | 0.00189 | 1.00000 | 0.00443 | 0.00091 | 0.00110 |-0.00461 | 0.00260 |-0.00012 ||
	||  0.34181 |-0.00771 | 0.00443 | 1.00000 | 0.00075 |-0.01263 | 0.00487 | 0.00870 | 0.00375 ||
	||  0.26303 |-0.00035 | 0.00091 | 0.00075 | 1.00000 |-0.00296 |-0.00239 | 0.00341 |-0.00870 ||
	||  0.16168 |-0.00689 | 0.00110 |-0.01263 |-0.00296 | 1.00000 | 0.00307 | 0.00016 |-0.00428 ||
	||  0.00676 | 0.00078 |-0.00461 | 0.00487 |-0.00239 | 0.00307 | 1.00000 |-0.00349 |-0.00013 ||
	||  0.03788 | 0.00757 | 0.00260 | 0.00870 | 0.00341 | 0.00016 |-0.00349 | 1.00000 |-0.00931 ||
	||  0.11317 |-0.00184 |-0.00012 | 0.00375 |-0.00870 |-0.00428 |-0.00013 |-0.00931 | 1.00000 ||
	||------------------------------------------------------------------------------------------||

	||------------------------------------------------------------------------------------------||
	||                                    OUTPUT COVARIANCE                                     ||
	||------------------------------------------------------------------------------------------||
	||  1.00000 | 0.16225 | 0.24797 | 0.34181 | 0.26303 | 0.16168 | 0.00676 | 0.03788 | 0.11317 ||
	||  0.16225 | 1.00000 | 0.00189 |-0.00771 |-0.00035 |-0.00689 | 0.00078 | 0.00757 |-0.00184 ||
	||  0.24797 | 0.00189 | 1.00000 | 0.00443 | 0.00091 | 0.00110 |-0.00461 | 0.00260 |-0.00012 ||
	||  0.34181 |-0.00771 | 0.00443 | 0.99998 | 0.00075 |-0.01263 | 0.00487 | 0.00870 | 0.00375 ||
	||  0.26303 |-0.00035 | 0.00091 | 0.00075 | 0.99998 |-0.00296 |-0.00239 | 0.00341 |-0.00870 ||
	||  0.16168 |-0.00689 | 0.00110 |-0.01263 |-0.00296 | 0.99998 | 0.00307 | 0.00016 |-0.00428 ||
	||  0.00676 | 0.00078 |-0.00461 | 0.00487 |-0.00239 | 0.00307 | 0.99994 |-0.00349 |-0.00013 ||
	||  0.03788 | 0.00757 | 0.00260 | 0.00870 | 0.00341 | 0.00016 |-0.00349 | 1.00000 |-0.00931 ||
	||  0.11317 |-0.00184 |-0.00012 | 0.00375 |-0.00870 |-0.00428 |-0.00013 |-0.00931 | 1.00000 ||
	||------------------------------------------------------------------------------------------||


	|-----------------------------------------------------------------|
	|    Copyright (C) 2011-2019 (DRIP, DROP)
	|-----------------------------------------------------------------|
	|    Build Version  =&gt; 4.06.0 multi mode
	|    Build JVM (TM) =&gt; 1.8.0_112
	|    Build Snap     =&gt; Sat Feb 23 10:33:18 EST 2019
	|    Start Time     =&gt; Sat Feb 23 11:37:31 EST 2019
	|    Setup Time     =&gt; Sat Feb 23 11:37:31 EST 2019
	|    Setup Duration =&gt; 0 ms
	|-----------------------------------------------------------------|


	||-------------------------------------------||
	||                R^1 METRICS                ||
	||-------------------------------------------||
	||    L -&gt; R:                                ||
	||            - Mean                         ||
	||            - Error                        ||
	||            - Variance                     ||
	||            - Standard Deviation           ||
	||-------------------------------------------||
	|| -0.00317 |  0.79848 |  0.99997 |  0.99998 ||
	||  0.00049 |  0.79694 |  0.99998 |  0.99999 ||
	||  0.00415 |  0.79819 |  0.99996 |  0.99998 ||
	||  0.00274 |  0.79732 |  0.99997 |  0.99999 ||
	||  0.00099 |  0.79652 |  0.99998 |  0.99999 ||
	|| -0.00622 |  0.79614 |  0.99994 |  0.99997 ||
	|| -0.00125 |  0.79780 |  0.99998 |  0.99999 ||
	|| -0.00331 |  0.79711 |  0.99997 |  0.99998 ||
	||  0.00360 |  0.79690 |  0.99997 |  0.99998 ||
	||-------------------------------------------||

	||------------------------------------------------------------------------------------------||
	||                                     INPUT CORRELATION                                    ||
	||------------------------------------------------------------------------------------------||
	||  1.00000 | 0.16100 | 0.24500 | 0.35200 | 0.25900 | 0.16600 | 0.00300 | 0.03800 | 0.11400 ||
	||  0.16100 | 1.00000 | 0.00000 | 0.00000 | 0.00000 | 0.00000 | 0.00000 | 0.00000 | 0.00000 ||
	||  0.24500 | 0.00000 | 1.00000 | 0.00000 | 0.00000 | 0.00000 | 0.00000 | 0.00000 | 0.00000 ||
	||  0.35200 | 0.00000 | 0.00000 | 1.00000 | 0.00000 | 0.00000 | 0.00000 | 0.00000 | 0.00000 ||
	||  0.25900 | 0.00000 | 0.00000 | 0.00000 | 1.00000 | 0.00000 | 0.00000 | 0.00000 | 0.00000 ||
	||  0.16600 | 0.00000 | 0.00000 | 0.00000 | 0.00000 | 1.00000 | 0.00000 | 0.00000 | 0.00000 ||
	||  0.00300 | 0.00000 | 0.00000 | 0.00000 | 0.00000 | 0.00000 | 1.00000 | 0.00000 | 0.00000 ||
	||  0.03800 | 0.00000 | 0.00000 | 0.00000 | 0.00000 | 0.00000 | 0.00000 | 1.00000 | 0.00000 ||
	||  0.11400 | 0.00000 | 0.00000 | 0.00000 | 0.00000 | 0.00000 | 0.00000 | 0.00000 | 1.00000 ||
	||------------------------------------------------------------------------------------------||

	||------------------------------------------------------------------------------------------||
	||                                    OUTPUT CORRELATION                                    ||
	||------------------------------------------------------------------------------------------||
	||  1.00000 | 0.16277 | 0.24380 | 0.35067 | 0.26110 | 0.16343 |-0.00037 | 0.03826 | 0.11268 ||
	||  0.16277 | 1.00000 | 0.00228 |-0.00735 | 0.00471 |-0.00555 | 0.00066 |-0.00036 |-0.00137 ||
	||  0.24380 | 0.00228 | 1.00000 | 0.00567 | 0.00261 |-0.00532 |-0.00079 | 0.00325 |-0.00379 ||
	||  0.35067 |-0.00735 | 0.00567 | 1.00000 |-0.00174 | 0.00569 |-0.00133 | 0.00371 |-0.00522 ||
	||  0.26110 | 0.00471 | 0.00261 |-0.00174 | 1.00000 |-0.00186 |-0.00782 |-0.00550 | 0.00643 ||
	||  0.16343 |-0.00555 |-0.00532 | 0.00569 |-0.00186 | 1.00000 | 0.00627 | 0.00730 |-0.00123 ||
	|| -0.00037 | 0.00066 |-0.00079 |-0.00133 |-0.00782 | 0.00627 | 1.00000 | 0.00547 |-0.00184 ||
	||  0.03826 |-0.00036 | 0.00325 | 0.00371 |-0.00550 | 0.00730 | 0.00547 | 1.00000 |-0.00263 ||
	||  0.11268 |-0.00137 |-0.00379 |-0.00522 | 0.00643 |-0.00123 |-0.00184 |-0.00263 | 1.00000 ||
	||------------------------------------------------------------------------------------------||

	||------------------------------------------------------------------------------------------||
	||                                    OUTPUT COVARIANCE                                     ||
	||------------------------------------------------------------------------------------------||
	||  0.99997 | 0.16277 | 0.24379 | 0.35066 | 0.26109 | 0.16342 |-0.00037 | 0.03826 | 0.11268 ||
	||  0.16277 | 0.99998 | 0.00228 |-0.00735 | 0.00471 |-0.00555 | 0.00066 |-0.00036 |-0.00137 ||
	||  0.24379 | 0.00228 | 0.99996 | 0.00567 | 0.00261 |-0.00532 |-0.00079 | 0.00325 |-0.00379 ||
	||  0.35066 |-0.00735 | 0.00567 | 0.99997 |-0.00174 | 0.00569 |-0.00133 | 0.00371 |-0.00522 ||
	||  0.26109 | 0.00471 | 0.00261 |-0.00174 | 0.99998 |-0.00186 |-0.00782 |-0.00550 | 0.00643 ||
	||  0.16342 |-0.00555 |-0.00532 | 0.00569 |-0.00186 | 0.99994 | 0.00627 | 0.00730 |-0.00123 ||
	|| -0.00037 | 0.00066 |-0.00079 |-0.00133 |-0.00782 | 0.00627 | 0.99998 | 0.00547 |-0.00184 ||
	||  0.03826 |-0.00036 | 0.00325 | 0.00371 |-0.00550 | 0.00730 | 0.00547 | 0.99997 |-0.00263 ||
	||  0.11268 |-0.00137 |-0.00379 |-0.00522 | 0.00643 |-0.00123 |-0.00184 |-0.00263 | 0.99997 ||
	||------------------------------------------------------------------------------------------||

</pre>
</span>
</div>
</div>
<div id="footer">
<p>
<div>
<label class="hidden" id="label-for-line-wrapping-toggle" for="line-wrapping-toggle">Wrap lines
<input id="line-wrapping-toggle" type="checkbox" autocomplete="off"/>
</label>
</div>Generated by 
<a href="http://www.gradle.org">Gradle 3.5</a> at Feb 23, 2019 12:04:02 PM</p>
</div>
</div>
</body>
</html>
