<!DOCTYPE html>
<html>
<head>
<meta http-equiv="Content-Type" content="text/html; charset=utf-8"/>
<meta http-equiv="x-ua-compatible" content="IE=edge"/>
<title>Test results - Class org.drip.coverage.sequence.Statistics</title>
<link href="../css/base-style.css" rel="stylesheet" type="text/css"/>
<link href="../css/style.css" rel="stylesheet" type="text/css"/>
<script src="../js/report.js" type="text/javascript"></script>
</head>
<body>
<div id="content">
<h1>Class org.drip.coverage.sequence.Statistics</h1>
<div class="breadcrumbs">
<a href="../index.html">all</a> &gt; 
<a href="../packages/org.drip.coverage.sequence.html">org.drip.coverage.sequence</a> &gt; Statistics</div>
<div id="summary">
<table>
<tr>
<td>
<div class="summaryGroup">
<table>
<tr>
<td>
<div class="infoBox" id="tests">
<div class="counter">1</div>
<p>tests</p>
</div>
</td>
<td>
<div class="infoBox" id="failures">
<div class="counter">0</div>
<p>failures</p>
</div>
</td>
<td>
<div class="infoBox" id="ignored">
<div class="counter">0</div>
<p>ignored</p>
</div>
</td>
<td>
<div class="infoBox" id="duration">
<div class="counter">9.607s</div>
<p>duration</p>
</div>
</td>
</tr>
</table>
</div>
</td>
<td>
<div class="infoBox success" id="successRate">
<div class="percent">100%</div>
<p>successful</p>
</div>
</td>
</tr>
</table>
</div>
<div id="tabs">
<ul class="tabLinks">
<li>
<a href="#tab0">Tests</a>
</li>
<li>
<a href="#tab1">Standard output</a>
</li>
</ul>
<div id="tab0" class="tab">
<h2>Tests</h2>
<table>
<thead>
<tr>
<th>Test</th>
<th>Duration</th>
<th>Result</th>
</tr>
</thead>
<tr>
<td class="success">codeCoverageTest</td>
<td>9.607s</td>
<td class="success">passed</td>
</tr>
</table>
</div>
<div id="tab1" class="tab">
<h2>Standard output</h2>
<span class="code">
<pre>
	|-----------------------------------------------------------------|
	|    Copyright (C) 2011-2020 (DRIP, DROP)
	|-----------------------------------------------------------------|
	|    Build Version  =&gt; 4.64.0 multi mode
	|    Build JVM (TM) =&gt; 1.8.0_112
	|    Build Snap     =&gt; Sat Jan 18 23:49:45 EST 2020
	|    Start Time     =&gt; Sat Jan 25 18:01:48 EST 2020
	|    Setup Time     =&gt; Sat Jan 25 18:01:48 EST 2020
	|    Setup Duration =&gt; 1 ms
	|-----------------------------------------------------------------|


	||-------------------------------------------||
	||                R^1 METRICS                ||
	||-------------------------------------------||
	||    L -&gt; R:                                ||
	||            - Mean                         ||
	||            - Error                        ||
	||            - Variance                     ||
	||            - Standard Deviation           ||
	||-------------------------------------------||
	|| -0.00811 |  0.79855 |  1.00378 |  1.00189 ||
	||  0.00148 |  0.79864 |  1.00228 |  1.00114 ||
	|| -0.00494 |  0.79825 |  1.00022 |  1.00011 ||
	|| -0.00707 |  0.79847 |  1.00230 |  1.00115 ||
	||  0.00159 |  0.79793 |  0.99925 |  0.99962 ||
	|| -0.00175 |  0.79881 |  1.00124 |  1.00062 ||
	|| -0.00339 |  0.79680 |  0.99293 |  0.99646 ||
	|| -0.00616 |  0.79857 |  1.00294 |  1.00147 ||
	|| -0.00024 |  0.79856 |  0.99757 |  0.99878 ||
	||-------------------------------------------||

	||------------------------------------------------------------------------------------------||
	||                                     INPUT CORRELATION                                    ||
	||------------------------------------------------------------------------------------------||
	||  1.00000 | 0.16100 | 0.24500 | 0.35200 | 0.25900 | 0.16600 | 0.00300 | 0.03800 | 0.11400 ||
	||  0.16100 | 1.00000 | 0.00000 | 0.00000 | 0.00000 | 0.00000 | 0.00000 | 0.00000 | 0.00000 ||
	||  0.24500 | 0.00000 | 1.00000 | 0.00000 | 0.00000 | 0.00000 | 0.00000 | 0.00000 | 0.00000 ||
	||  0.35200 | 0.00000 | 0.00000 | 1.00000 | 0.00000 | 0.00000 | 0.00000 | 0.00000 | 0.00000 ||
	||  0.25900 | 0.00000 | 0.00000 | 0.00000 | 1.00000 | 0.00000 | 0.00000 | 0.00000 | 0.00000 ||
	||  0.16600 | 0.00000 | 0.00000 | 0.00000 | 0.00000 | 1.00000 | 0.00000 | 0.00000 | 0.00000 ||
	||  0.00300 | 0.00000 | 0.00000 | 0.00000 | 0.00000 | 0.00000 | 1.00000 | 0.00000 | 0.00000 ||
	||  0.03800 | 0.00000 | 0.00000 | 0.00000 | 0.00000 | 0.00000 | 0.00000 | 1.00000 | 0.00000 ||
	||  0.11400 | 0.00000 | 0.00000 | 0.00000 | 0.00000 | 0.00000 | 0.00000 | 0.00000 | 1.00000 ||
	||------------------------------------------------------------------------------------------||

	||------------------------------------------------------------------------------------------||
	||                                    OUTPUT CORRELATION                                    ||
	||------------------------------------------------------------------------------------------||
	||  1.00000 | 0.15978 | 0.24284 | 0.35386 | 0.25795 | 0.16649 | 0.00205 | 0.05400 | 0.11925 ||
	||  0.15978 | 1.00000 | 0.00264 |-0.00285 | 0.00071 | 0.00635 | 0.00055 | 0.00182 | 0.00056 ||
	||  0.24284 | 0.00264 | 1.00000 | 0.00516 |-0.00583 |-0.00109 | 0.00202 | 0.00119 |-0.00149 ||
	||  0.35386 |-0.00285 | 0.00516 | 1.00000 |-0.00376 | 0.00417 |-0.00284 | 0.00021 | 0.00798 ||
	||  0.25795 | 0.00071 |-0.00583 |-0.00376 | 1.00000 |-0.00492 |-0.00347 | 0.01239 | 0.00294 ||
	||  0.16649 | 0.00635 |-0.00109 | 0.00417 |-0.00492 | 1.00000 |-0.01114 | 0.00078 | 0.00462 ||
	||  0.00205 | 0.00055 | 0.00202 |-0.00284 |-0.00347 |-0.01114 | 1.00000 | 0.00641 | 0.00510 ||
	||  0.05400 | 0.00182 | 0.00119 | 0.00021 | 0.01239 | 0.00078 | 0.00641 | 1.00000 |-0.00374 ||
	||  0.11925 | 0.00056 |-0.00149 | 0.00798 | 0.00294 | 0.00462 | 0.00510 |-0.00374 | 1.00000 ||
	||------------------------------------------------------------------------------------------||

	||------------------------------------------------------------------------------------------||
	||                                    OUTPUT COVARIANCE                                     ||
	||------------------------------------------------------------------------------------------||
	||  1.00378 | 0.16026 | 0.24333 | 0.35494 | 0.25834 | 0.16691 | 0.00205 | 0.05419 | 0.11933 ||
	||  0.16026 | 1.00228 | 0.00264 |-0.00286 | 0.00071 | 0.00636 | 0.00055 | 0.00182 | 0.00056 ||
	||  0.24333 | 0.00264 | 1.00022 | 0.00516 |-0.00583 |-0.00109 | 0.00202 | 0.00120 |-0.00149 ||
	||  0.35494 |-0.00286 | 0.00516 | 1.00230 |-0.00376 | 0.00418 |-0.00283 | 0.00021 | 0.00798 ||
	||  0.25834 | 0.00071 |-0.00583 |-0.00376 | 0.99925 |-0.00492 |-0.00346 | 0.01240 | 0.00294 ||
	||  0.16691 | 0.00636 |-0.00109 | 0.00418 |-0.00492 | 1.00124 |-0.01111 | 0.00078 | 0.00462 ||
	||  0.00205 | 0.00055 | 0.00202 |-0.00283 |-0.00346 |-0.01111 | 0.99293 | 0.00640 | 0.00508 ||
	||  0.05419 | 0.00182 | 0.00120 | 0.00021 | 0.01240 | 0.00078 | 0.00640 | 1.00294 |-0.00374 ||
	||  0.11933 | 0.00056 |-0.00149 | 0.00798 | 0.00294 | 0.00462 | 0.00508 |-0.00374 | 0.99757 ||
	||------------------------------------------------------------------------------------------||


	|-----------------------------------------------------------------|
	|    Copyright (C) 2011-2020 (DRIP, DROP)
	|-----------------------------------------------------------------|
	|    Build Version  =&gt; 4.64.0 multi mode
	|    Build JVM (TM) =&gt; 1.8.0_112
	|    Build Snap     =&gt; Sat Jan 18 23:49:45 EST 2020
	|    Start Time     =&gt; Sat Jan 25 18:01:50 EST 2020
	|    Setup Time     =&gt; Sat Jan 25 18:01:50 EST 2020
	|    Setup Duration =&gt; 0 ms
	|-----------------------------------------------------------------|


	||-------------------------------------------||
	||                R^1 METRICS                ||
	||-------------------------------------------||
	||    L -&gt; R:                                ||
	||            - Mean                         ||
	||            - Error                        ||
	||            - Variance                     ||
	||            - Standard Deviation           ||
	||-------------------------------------------||
	||  0.00047 |  0.79684 |  0.99609 |  0.99804 ||
	||  0.00449 |  0.79486 |  0.99319 |  0.99659 ||
	|| -0.00460 |  0.79730 |  0.99479 |  0.99739 ||
	||  0.00516 |  0.79931 |  1.00494 |  1.00247 ||
	||  0.00037 |  0.79975 |  1.00437 |  1.00218 ||
	|| -0.00562 |  0.79851 |  1.00399 |  1.00199 ||
	|| -0.00360 |  0.79620 |  0.99795 |  0.99897 ||
	|| -0.00066 |  0.80040 |  1.00666 |  1.00333 ||
	|| -0.00240 |  0.79921 |  1.00456 |  1.00228 ||
	||-------------------------------------------||

	||------------------------------------------------------------------------------------------||
	||                                     INPUT CORRELATION                                    ||
	||------------------------------------------------------------------------------------------||
	||  1.00000 | 0.16100 | 0.24500 | 0.35200 | 0.25900 | 0.16600 | 0.00300 | 0.03800 | 0.11400 ||
	||  0.16100 | 1.00000 | 0.00000 | 0.00000 | 0.00000 | 0.00000 | 0.00000 | 0.00000 | 0.00000 ||
	||  0.24500 | 0.00000 | 1.00000 | 0.00000 | 0.00000 | 0.00000 | 0.00000 | 0.00000 | 0.00000 ||
	||  0.35200 | 0.00000 | 0.00000 | 1.00000 | 0.00000 | 0.00000 | 0.00000 | 0.00000 | 0.00000 ||
	||  0.25900 | 0.00000 | 0.00000 | 0.00000 | 1.00000 | 0.00000 | 0.00000 | 0.00000 | 0.00000 ||
	||  0.16600 | 0.00000 | 0.00000 | 0.00000 | 0.00000 | 1.00000 | 0.00000 | 0.00000 | 0.00000 ||
	||  0.00300 | 0.00000 | 0.00000 | 0.00000 | 0.00000 | 0.00000 | 1.00000 | 0.00000 | 0.00000 ||
	||  0.03800 | 0.00000 | 0.00000 | 0.00000 | 0.00000 | 0.00000 | 0.00000 | 1.00000 | 0.00000 ||
	||  0.11400 | 0.00000 | 0.00000 | 0.00000 | 0.00000 | 0.00000 | 0.00000 | 0.00000 | 1.00000 ||
	||------------------------------------------------------------------------------------------||

	||------------------------------------------------------------------------------------------||
	||                                    OUTPUT CORRELATION                                    ||
	||------------------------------------------------------------------------------------------||
	||  1.00000 | 0.15573 | 0.24463 | 0.34940 | 0.26501 | 0.16799 | 0.00014 | 0.03685 | 0.11153 ||
	||  0.15573 | 1.00000 |-0.00263 |-0.00555 |-0.00258 | 0.00446 |-0.00210 | 0.00350 | 0.00679 ||
	||  0.24463 |-0.00263 | 1.00000 | 0.00311 | 0.00425 |-0.00969 | 0.00171 |-0.00320 | 0.00002 ||
	||  0.34940 |-0.00555 | 0.00311 | 1.00000 | 0.00363 |-0.00160 |-0.00396 | 0.00204 |-0.00738 ||
	||  0.26501 |-0.00258 | 0.00425 | 0.00363 | 1.00000 |-0.00066 | 0.00146 | 0.00398 | 0.00514 ||
	||  0.16799 | 0.00446 |-0.00969 |-0.00160 |-0.00066 | 1.00000 |-0.01238 |-0.00180 | 0.00826 ||
	||  0.00014 |-0.00210 | 0.00171 |-0.00396 | 0.00146 |-0.01238 | 1.00000 |-0.00800 |-0.00635 ||
	||  0.03685 | 0.00350 |-0.00320 | 0.00204 | 0.00398 |-0.00180 |-0.00800 | 1.00000 |-0.00474 ||
	||  0.11153 | 0.00679 | 0.00002 |-0.00738 | 0.00514 | 0.00826 |-0.00635 |-0.00474 | 1.00000 ||
	||------------------------------------------------------------------------------------------||

	||------------------------------------------------------------------------------------------||
	||                                    OUTPUT COVARIANCE                                     ||
	||------------------------------------------------------------------------------------------||
	||  0.99609 | 0.15490 | 0.24351 | 0.34958 | 0.26507 | 0.16800 | 0.00014 | 0.03690 | 0.11157 ||
	||  0.15490 | 0.99319 |-0.00261 |-0.00555 |-0.00257 | 0.00445 |-0.00209 | 0.00350 | 0.00678 ||
	||  0.24351 |-0.00261 | 0.99479 | 0.00311 | 0.00425 |-0.00968 | 0.00170 |-0.00320 | 0.00002 ||
	||  0.34958 |-0.00555 | 0.00311 | 1.00494 | 0.00364 |-0.00160 |-0.00397 | 0.00205 |-0.00741 ||
	||  0.26507 |-0.00257 | 0.00425 | 0.00364 | 1.00437 |-0.00067 | 0.00146 | 0.00400 | 0.00516 ||
	||  0.16800 | 0.00445 |-0.00968 |-0.00160 |-0.00067 | 1.00399 |-0.01239 |-0.00181 | 0.00829 ||
	||  0.00014 |-0.00209 | 0.00170 |-0.00397 | 0.00146 |-0.01239 | 0.99795 |-0.00801 |-0.00636 ||
	||  0.03690 | 0.00350 |-0.00320 | 0.00205 | 0.00400 |-0.00181 |-0.00801 | 1.00666 |-0.00477 ||
	||  0.11157 | 0.00678 | 0.00002 |-0.00741 | 0.00516 | 0.00829 |-0.00636 |-0.00477 | 1.00456 ||
	||------------------------------------------------------------------------------------------||


	|-----------------------------------------------------------------|
	|    Copyright (C) 2011-2020 (DRIP, DROP)
	|-----------------------------------------------------------------|
	|    Build Version  =&gt; 4.64.0 multi mode
	|    Build JVM (TM) =&gt; 1.8.0_112
	|    Build Snap     =&gt; Sat Jan 18 23:49:45 EST 2020
	|    Start Time     =&gt; Sat Jan 25 18:01:53 EST 2020
	|    Setup Time     =&gt; Sat Jan 25 18:01:53 EST 2020
	|    Setup Duration =&gt; 1 ms
	|-----------------------------------------------------------------|


	||-------------------------------------------||
	||                R^1 METRICS                ||
	||-------------------------------------------||
	||    L -&gt; R:                                ||
	||            - Mean                         ||
	||            - Error                        ||
	||            - Variance                     ||
	||            - Standard Deviation           ||
	||-------------------------------------------||
	||  0.00348 |  0.79767 |  0.99999 |  0.99999 ||
	||  0.00598 |  0.79684 |  0.99996 |  0.99998 ||
	|| -0.00100 |  0.79826 |  1.00000 |  1.00000 ||
	|| -0.00021 |  0.79806 |  1.00000 |  1.00000 ||
	||  0.00097 |  0.79846 |  1.00000 |  1.00000 ||
	||  0.00047 |  0.79895 |  1.00000 |  1.00000 ||
	|| -0.00109 |  0.79856 |  1.00000 |  1.00000 ||
	||  0.00340 |  0.79768 |  0.99999 |  0.99999 ||
	||  0.00469 |  0.79621 |  0.99998 |  0.99999 ||
	||-------------------------------------------||

	||------------------------------------------------------------------------------------------||
	||                                     INPUT CORRELATION                                    ||
	||------------------------------------------------------------------------------------------||
	||  1.00000 | 0.16100 | 0.24500 | 0.35200 | 0.25900 | 0.16600 | 0.00300 | 0.03800 | 0.11400 ||
	||  0.16100 | 1.00000 | 0.00000 | 0.00000 | 0.00000 | 0.00000 | 0.00000 | 0.00000 | 0.00000 ||
	||  0.24500 | 0.00000 | 1.00000 | 0.00000 | 0.00000 | 0.00000 | 0.00000 | 0.00000 | 0.00000 ||
	||  0.35200 | 0.00000 | 0.00000 | 1.00000 | 0.00000 | 0.00000 | 0.00000 | 0.00000 | 0.00000 ||
	||  0.25900 | 0.00000 | 0.00000 | 0.00000 | 1.00000 | 0.00000 | 0.00000 | 0.00000 | 0.00000 ||
	||  0.16600 | 0.00000 | 0.00000 | 0.00000 | 0.00000 | 1.00000 | 0.00000 | 0.00000 | 0.00000 ||
	||  0.00300 | 0.00000 | 0.00000 | 0.00000 | 0.00000 | 0.00000 | 1.00000 | 0.00000 | 0.00000 ||
	||  0.03800 | 0.00000 | 0.00000 | 0.00000 | 0.00000 | 0.00000 | 0.00000 | 1.00000 | 0.00000 ||
	||  0.11400 | 0.00000 | 0.00000 | 0.00000 | 0.00000 | 0.00000 | 0.00000 | 0.00000 | 1.00000 ||
	||------------------------------------------------------------------------------------------||

	||------------------------------------------------------------------------------------------||
	||                                    OUTPUT CORRELATION                                    ||
	||------------------------------------------------------------------------------------------||
	||  1.00000 | 0.15693 | 0.24320 | 0.35398 | 0.26309 | 0.15767 | 0.00421 | 0.04147 | 0.11486 ||
	||  0.15693 | 1.00000 |-0.00126 | 0.00203 |-0.01066 |-0.01192 | 0.00115 | 0.00024 | 0.00415 ||
	||  0.24320 |-0.00126 | 1.00000 | 0.00330 |-0.00414 |-0.00396 | 0.00138 |-0.00798 |-0.00083 ||
	||  0.35398 | 0.00203 | 0.00330 | 1.00000 | 0.00311 |-0.00542 |-0.00031 | 0.01047 | 0.00577 ||
	||  0.26309 |-0.01066 |-0.00414 | 0.00311 | 1.00000 | 0.00209 | 0.00302 |-0.00513 | 0.00463 ||
	||  0.15767 |-0.01192 |-0.00396 |-0.00542 | 0.00209 | 1.00000 | 0.00494 |-0.00309 |-0.00756 ||
	||  0.00421 | 0.00115 | 0.00138 |-0.00031 | 0.00302 | 0.00494 | 1.00000 |-0.00053 |-0.00428 ||
	||  0.04147 | 0.00024 |-0.00798 | 0.01047 |-0.00513 |-0.00309 |-0.00053 | 1.00000 |-0.00761 ||
	||  0.11486 | 0.00415 |-0.00083 | 0.00577 | 0.00463 |-0.00756 |-0.00428 |-0.00761 | 1.00000 ||
	||------------------------------------------------------------------------------------------||

	||------------------------------------------------------------------------------------------||
	||                                    OUTPUT COVARIANCE                                     ||
	||------------------------------------------------------------------------------------------||
	||  0.99999 | 0.15693 | 0.24320 | 0.35397 | 0.26309 | 0.15767 | 0.00421 | 0.04147 | 0.11486 ||
	||  0.15693 | 0.99996 |-0.00126 | 0.00203 |-0.01066 |-0.01192 | 0.00115 | 0.00024 | 0.00415 ||
	||  0.24320 |-0.00126 | 1.00000 | 0.00330 |-0.00414 |-0.00396 | 0.00138 |-0.00798 |-0.00083 ||
	||  0.35397 | 0.00203 | 0.00330 | 1.00000 | 0.00311 |-0.00542 |-0.00031 | 0.01047 | 0.00577 ||
	||  0.26309 |-0.01066 |-0.00414 | 0.00311 | 1.00000 | 0.00209 | 0.00302 |-0.00513 | 0.00463 ||
	||  0.15767 |-0.01192 |-0.00396 |-0.00542 | 0.00209 | 1.00000 | 0.00494 |-0.00309 |-0.00756 ||
	||  0.00421 | 0.00115 | 0.00138 |-0.00031 | 0.00302 | 0.00494 | 1.00000 |-0.00053 |-0.00428 ||
	||  0.04147 | 0.00024 |-0.00798 | 0.01047 |-0.00513 |-0.00309 |-0.00053 | 0.99999 |-0.00761 ||
	||  0.11486 | 0.00415 |-0.00083 | 0.00577 | 0.00463 |-0.00756 |-0.00428 |-0.00761 | 0.99998 ||
	||------------------------------------------------------------------------------------------||


	|-----------------------------------------------------------------|
	|    Copyright (C) 2011-2020 (DRIP, DROP)
	|-----------------------------------------------------------------|
	|    Build Version  =&gt; 4.64.0 multi mode
	|    Build JVM (TM) =&gt; 1.8.0_112
	|    Build Snap     =&gt; Sat Jan 18 23:49:45 EST 2020
	|    Start Time     =&gt; Sat Jan 25 18:01:55 EST 2020
	|    Setup Time     =&gt; Sat Jan 25 18:01:55 EST 2020
	|    Setup Duration =&gt; 0 ms
	|-----------------------------------------------------------------|


	||-------------------------------------------||
	||                R^1 METRICS                ||
	||-------------------------------------------||
	||    L -&gt; R:                                ||
	||            - Mean                         ||
	||            - Error                        ||
	||            - Variance                     ||
	||            - Standard Deviation           ||
	||-------------------------------------------||
	||  0.00161 |  0.79828 |  0.99998 |  0.99999 ||
	|| -0.01010 |  0.79673 |  0.99988 |  0.99994 ||
	|| -0.00078 |  0.79950 |  0.99998 |  0.99999 ||
	||  0.00688 |  0.79809 |  0.99993 |  0.99997 ||
	||  0.00237 |  0.79674 |  0.99997 |  0.99999 ||
	||  0.00241 |  0.80009 |  0.99997 |  0.99999 ||
	|| -0.00503 |  0.79761 |  0.99995 |  0.99998 ||
	||  0.00493 |  0.79703 |  0.99996 |  0.99998 ||
	||  0.00117 |  0.79772 |  0.99998 |  0.99999 ||
	||-------------------------------------------||

	||------------------------------------------------------------------------------------------||
	||                                     INPUT CORRELATION                                    ||
	||------------------------------------------------------------------------------------------||
	||  1.00000 | 0.16100 | 0.24500 | 0.35200 | 0.25900 | 0.16600 | 0.00300 | 0.03800 | 0.11400 ||
	||  0.16100 | 1.00000 | 0.00000 | 0.00000 | 0.00000 | 0.00000 | 0.00000 | 0.00000 | 0.00000 ||
	||  0.24500 | 0.00000 | 1.00000 | 0.00000 | 0.00000 | 0.00000 | 0.00000 | 0.00000 | 0.00000 ||
	||  0.35200 | 0.00000 | 0.00000 | 1.00000 | 0.00000 | 0.00000 | 0.00000 | 0.00000 | 0.00000 ||
	||  0.25900 | 0.00000 | 0.00000 | 0.00000 | 1.00000 | 0.00000 | 0.00000 | 0.00000 | 0.00000 ||
	||  0.16600 | 0.00000 | 0.00000 | 0.00000 | 0.00000 | 1.00000 | 0.00000 | 0.00000 | 0.00000 ||
	||  0.00300 | 0.00000 | 0.00000 | 0.00000 | 0.00000 | 0.00000 | 1.00000 | 0.00000 | 0.00000 ||
	||  0.03800 | 0.00000 | 0.00000 | 0.00000 | 0.00000 | 0.00000 | 0.00000 | 1.00000 | 0.00000 ||
	||  0.11400 | 0.00000 | 0.00000 | 0.00000 | 0.00000 | 0.00000 | 0.00000 | 0.00000 | 1.00000 ||
	||------------------------------------------------------------------------------------------||

	||------------------------------------------------------------------------------------------||
	||                                    OUTPUT CORRELATION                                    ||
	||------------------------------------------------------------------------------------------||
	||  1.00000 | 0.16442 | 0.24516 | 0.34842 | 0.25411 | 0.16527 | 0.00179 | 0.03687 | 0.11372 ||
	||  0.16442 | 1.00000 | 0.00932 | 0.00180 | 0.00476 |-0.00512 |-0.00218 | 0.00273 |-0.00564 ||
	||  0.24516 | 0.00932 | 1.00000 |-0.00423 | 0.00112 | 0.00318 | 0.00730 |-0.00053 |-0.00296 ||
	||  0.34842 | 0.00180 |-0.00423 | 1.00000 |-0.00232 | 0.00183 | 0.00084 | 0.00031 | 0.00125 ||
	||  0.25411 | 0.00476 | 0.00112 |-0.00232 | 1.00000 |-0.00620 | 0.00337 |-0.00559 | 0.00681 ||
	||  0.16527 |-0.00512 | 0.00318 | 0.00183 |-0.00620 | 1.00000 | 0.00222 |-0.00170 |-0.00366 ||
	||  0.00179 |-0.00218 | 0.00730 | 0.00084 | 0.00337 | 0.00222 | 1.00000 | 0.01124 |-0.00416 ||
	||  0.03687 | 0.00273 |-0.00053 | 0.00031 |-0.00559 |-0.00170 | 0.01124 | 1.00000 | 0.00361 ||
	||  0.11372 |-0.00564 |-0.00296 | 0.00125 | 0.00681 |-0.00366 |-0.00416 | 0.00361 | 1.00000 ||
	||------------------------------------------------------------------------------------------||

	||------------------------------------------------------------------------------------------||
	||                                    OUTPUT COVARIANCE                                     ||
	||------------------------------------------------------------------------------------------||
	||  0.99998 | 0.16440 | 0.24515 | 0.34841 | 0.25411 | 0.16526 | 0.00179 | 0.03687 | 0.11372 ||
	||  0.16440 | 0.99988 | 0.00932 | 0.00180 | 0.00476 |-0.00512 |-0.00218 | 0.00273 |-0.00564 ||
	||  0.24515 | 0.00932 | 0.99998 |-0.00423 | 0.00112 | 0.00318 | 0.00730 |-0.00053 |-0.00296 ||
	||  0.34841 | 0.00180 |-0.00423 | 0.99993 |-0.00232 | 0.00183 | 0.00084 | 0.00031 | 0.00125 ||
	||  0.25411 | 0.00476 | 0.00112 |-0.00232 | 0.99997 |-0.00620 | 0.00337 |-0.00559 | 0.00681 ||
	||  0.16526 |-0.00512 | 0.00318 | 0.00183 |-0.00620 | 0.99997 | 0.00222 |-0.00170 |-0.00366 ||
	||  0.00179 |-0.00218 | 0.00730 | 0.00084 | 0.00337 | 0.00222 | 0.99995 | 0.01124 |-0.00416 ||
	||  0.03687 | 0.00273 |-0.00053 | 0.00031 |-0.00559 |-0.00170 | 0.01124 | 0.99996 | 0.00361 ||
	||  0.11372 |-0.00564 |-0.00296 | 0.00125 | 0.00681 |-0.00366 |-0.00416 | 0.00361 | 0.99998 ||
	||------------------------------------------------------------------------------------------||

</pre>
</span>
</div>
</div>
<div id="footer">
<p>
<div>
<label class="hidden" id="label-for-line-wrapping-toggle" for="line-wrapping-toggle">Wrap lines
<input id="line-wrapping-toggle" type="checkbox" autocomplete="off"/>
</label>
</div>Generated by 
<a href="http://www.gradle.org">Gradle 3.5</a> at Jan 25, 2020 6:27:41 PM</p>
</div>
</div>
</body>
</html>
