<!DOCTYPE html>
<html>
<head>
<meta http-equiv="Content-Type" content="text/html; charset=utf-8"/>
<meta http-equiv="x-ua-compatible" content="IE=edge"/>
<title>Test results - Class org.drip.coverage.sequence.Statistics</title>
<link href="../css/base-style.css" rel="stylesheet" type="text/css"/>
<link href="../css/style.css" rel="stylesheet" type="text/css"/>
<script src="../js/report.js" type="text/javascript"></script>
</head>
<body>
<div id="content">
<h1>Class org.drip.coverage.sequence.Statistics</h1>
<div class="breadcrumbs">
<a href="../index.html">all</a> &gt; 
<a href="../packages/org.drip.coverage.sequence.html">org.drip.coverage.sequence</a> &gt; Statistics</div>
<div id="summary">
<table>
<tr>
<td>
<div class="summaryGroup">
<table>
<tr>
<td>
<div class="infoBox" id="tests">
<div class="counter">1</div>
<p>tests</p>
</div>
</td>
<td>
<div class="infoBox" id="failures">
<div class="counter">0</div>
<p>failures</p>
</div>
</td>
<td>
<div class="infoBox" id="ignored">
<div class="counter">0</div>
<p>ignored</p>
</div>
</td>
<td>
<div class="infoBox" id="duration">
<div class="counter">9.623s</div>
<p>duration</p>
</div>
</td>
</tr>
</table>
</div>
</td>
<td>
<div class="infoBox success" id="successRate">
<div class="percent">100%</div>
<p>successful</p>
</div>
</td>
</tr>
</table>
</div>
<div id="tabs">
<ul class="tabLinks">
<li>
<a href="#tab0">Tests</a>
</li>
<li>
<a href="#tab1">Standard output</a>
</li>
</ul>
<div id="tab0" class="tab">
<h2>Tests</h2>
<table>
<thead>
<tr>
<th>Test</th>
<th>Duration</th>
<th>Result</th>
</tr>
</thead>
<tr>
<td class="success">codeCoverageTest</td>
<td>9.623s</td>
<td class="success">passed</td>
</tr>
</table>
</div>
<div id="tab1" class="tab">
<h2>Standard output</h2>
<span class="code">
<pre>
	|-----------------------------------------------------------------|
	|    Copyright (C) 2011-2018 (DRIP)
	|-----------------------------------------------------------------|
	|    Build Version  =&gt; 3.72.0 multi mode
	|    Build JVM (TM) =&gt; 1.8.0_112
	|    Build Snap     =&gt; Sat Aug 25 21:49:58 EST 2018
	|    Start Time     =&gt; Sat Aug 25 22:31:23 EDT 2018
	|    Setup Time     =&gt; Sat Aug 25 22:31:23 EDT 2018
	|    Setup Duration =&gt; 0 ms
	|-----------------------------------------------------------------|


	||-------------------------------------------||
	||                R^1 METRICS                ||
	||-------------------------------------------||
	||    L -&gt; R:                                ||
	||            - Mean                         ||
	||            - Error                        ||
	||            - Variance                     ||
	||            - Standard Deviation           ||
	||-------------------------------------------||
	|| -0.00263 |  0.79987 |  1.00204 |  1.00102 ||
	||  0.00541 |  0.79428 |  0.98936 |  0.99467 ||
	||  0.00395 |  0.79909 |  1.00288 |  1.00144 ||
	|| -0.01008 |  0.80221 |  1.00790 |  1.00394 ||
	|| -0.00337 |  0.80091 |  1.00565 |  1.00282 ||
	||  0.00498 |  0.79838 |  1.00279 |  1.00139 ||
	||  0.00724 |  0.79494 |  0.99411 |  0.99705 ||
	|| -0.00295 |  0.79762 |  0.99966 |  0.99983 ||
	||  0.00005 |  0.79987 |  1.00991 |  1.00494 ||
	||-------------------------------------------||

	||------------------------------------------------------------------------------------------||
	||                                     INPUT CORRELATION                                    ||
	||------------------------------------------------------------------------------------------||
	||  1.00000 | 0.16100 | 0.24500 | 0.35200 | 0.25900 | 0.16600 | 0.00300 | 0.03800 | 0.11400 ||
	||  0.16100 | 1.00000 | 0.00000 | 0.00000 | 0.00000 | 0.00000 | 0.00000 | 0.00000 | 0.00000 ||
	||  0.24500 | 0.00000 | 1.00000 | 0.00000 | 0.00000 | 0.00000 | 0.00000 | 0.00000 | 0.00000 ||
	||  0.35200 | 0.00000 | 0.00000 | 1.00000 | 0.00000 | 0.00000 | 0.00000 | 0.00000 | 0.00000 ||
	||  0.25900 | 0.00000 | 0.00000 | 0.00000 | 1.00000 | 0.00000 | 0.00000 | 0.00000 | 0.00000 ||
	||  0.16600 | 0.00000 | 0.00000 | 0.00000 | 0.00000 | 1.00000 | 0.00000 | 0.00000 | 0.00000 ||
	||  0.00300 | 0.00000 | 0.00000 | 0.00000 | 0.00000 | 0.00000 | 1.00000 | 0.00000 | 0.00000 ||
	||  0.03800 | 0.00000 | 0.00000 | 0.00000 | 0.00000 | 0.00000 | 0.00000 | 1.00000 | 0.00000 ||
	||  0.11400 | 0.00000 | 0.00000 | 0.00000 | 0.00000 | 0.00000 | 0.00000 | 0.00000 | 1.00000 ||
	||------------------------------------------------------------------------------------------||

	||------------------------------------------------------------------------------------------||
	||                                    OUTPUT CORRELATION                                    ||
	||------------------------------------------------------------------------------------------||
	||  1.00000 | 0.15923 | 0.24354 | 0.34807 | 0.26061 | 0.16992 | 0.00103 | 0.03512 | 0.10888 ||
	||  0.15923 | 1.00000 | 0.00525 |-0.00516 |-0.00113 |-0.00030 | 0.00151 | 0.00296 | 0.00221 ||
	||  0.24354 | 0.00525 | 1.00000 | 0.00373 |-0.00162 | 0.00607 |-0.00141 | 0.00259 | 0.00855 ||
	||  0.34807 |-0.00516 | 0.00373 | 1.00000 |-0.00076 | 0.00674 |-0.00243 | 0.00464 |-0.00309 ||
	||  0.26061 |-0.00113 |-0.00162 |-0.00076 | 1.00000 | 0.00625 |-0.00082 |-0.00284 |-0.00622 ||
	||  0.16992 |-0.00030 | 0.00607 | 0.00674 | 0.00625 | 1.00000 | 0.00082 |-0.00959 |-0.00491 ||
	||  0.00103 | 0.00151 |-0.00141 |-0.00243 |-0.00082 | 0.00082 | 1.00000 |-0.00024 | 0.00103 ||
	||  0.03512 | 0.00296 | 0.00259 | 0.00464 |-0.00284 |-0.00959 |-0.00024 | 1.00000 |-0.00716 ||
	||  0.10888 | 0.00221 | 0.00855 |-0.00309 |-0.00622 |-0.00491 | 0.00103 |-0.00716 | 1.00000 ||
	||------------------------------------------------------------------------------------------||

	||------------------------------------------------------------------------------------------||
	||                                    OUTPUT COVARIANCE                                     ||
	||------------------------------------------------------------------------------------------||
	||  1.00204 | 0.15854 | 0.24414 | 0.34980 | 0.26161 | 0.17033 | 0.00103 | 0.03515 | 0.10953 ||
	||  0.15854 | 0.98936 | 0.00523 |-0.00516 |-0.00112 |-0.00030 | 0.00150 | 0.00294 | 0.00221 ||
	||  0.24414 | 0.00523 | 1.00288 | 0.00375 |-0.00162 | 0.00609 |-0.00141 | 0.00259 | 0.00860 ||
	||  0.34980 |-0.00516 | 0.00375 | 1.00790 |-0.00076 | 0.00678 |-0.00244 | 0.00466 |-0.00312 ||
	||  0.26161 |-0.00112 |-0.00162 |-0.00076 | 1.00565 | 0.00627 |-0.00082 |-0.00284 |-0.00627 ||
	||  0.17033 |-0.00030 | 0.00609 | 0.00678 | 0.00627 | 1.00279 | 0.00082 |-0.00960 |-0.00494 ||
	||  0.00103 | 0.00150 |-0.00141 |-0.00244 |-0.00082 | 0.00082 | 0.99411 |-0.00024 | 0.00103 ||
	||  0.03515 | 0.00294 | 0.00259 | 0.00466 |-0.00284 |-0.00960 |-0.00024 | 0.99966 |-0.00720 ||
	||  0.10953 | 0.00221 | 0.00860 |-0.00312 |-0.00627 |-0.00494 | 0.00103 |-0.00720 | 1.00991 ||
	||------------------------------------------------------------------------------------------||


	|-----------------------------------------------------------------|
	|    Copyright (C) 2011-2018 (DRIP)
	|-----------------------------------------------------------------|
	|    Build Version  =&gt; 3.72.0 multi mode
	|    Build JVM (TM) =&gt; 1.8.0_112
	|    Build Snap     =&gt; Sat Aug 25 21:49:58 EST 2018
	|    Start Time     =&gt; Sat Aug 25 22:31:25 EDT 2018
	|    Setup Time     =&gt; Sat Aug 25 22:31:25 EDT 2018
	|    Setup Duration =&gt; 0 ms
	|-----------------------------------------------------------------|


	||-------------------------------------------||
	||                R^1 METRICS                ||
	||-------------------------------------------||
	||    L -&gt; R:                                ||
	||            - Mean                         ||
	||            - Error                        ||
	||            - Variance                     ||
	||            - Standard Deviation           ||
	||-------------------------------------------||
	||  0.00326 |  0.79367 |  0.98738 |  0.99367 ||
	|| -0.00289 |  0.79160 |  0.98338 |  0.99166 ||
	||  0.00087 |  0.79740 |  1.00144 |  1.00072 ||
	|| -0.00516 |  0.79991 |  1.00432 |  1.00216 ||
	||  0.00503 |  0.79524 |  0.99068 |  0.99533 ||
	||  0.00258 |  0.79582 |  0.99469 |  0.99734 ||
	|| -0.00385 |  0.79552 |  0.99327 |  0.99663 ||
	|| -0.00105 |  0.79928 |  1.00183 |  1.00092 ||
	|| -0.00364 |  0.79795 |  0.99815 |  0.99907 ||
	||-------------------------------------------||

	||------------------------------------------------------------------------------------------||
	||                                     INPUT CORRELATION                                    ||
	||------------------------------------------------------------------------------------------||
	||  1.00000 | 0.16100 | 0.24500 | 0.35200 | 0.25900 | 0.16600 | 0.00300 | 0.03800 | 0.11400 ||
	||  0.16100 | 1.00000 | 0.00000 | 0.00000 | 0.00000 | 0.00000 | 0.00000 | 0.00000 | 0.00000 ||
	||  0.24500 | 0.00000 | 1.00000 | 0.00000 | 0.00000 | 0.00000 | 0.00000 | 0.00000 | 0.00000 ||
	||  0.35200 | 0.00000 | 0.00000 | 1.00000 | 0.00000 | 0.00000 | 0.00000 | 0.00000 | 0.00000 ||
	||  0.25900 | 0.00000 | 0.00000 | 0.00000 | 1.00000 | 0.00000 | 0.00000 | 0.00000 | 0.00000 ||
	||  0.16600 | 0.00000 | 0.00000 | 0.00000 | 0.00000 | 1.00000 | 0.00000 | 0.00000 | 0.00000 ||
	||  0.00300 | 0.00000 | 0.00000 | 0.00000 | 0.00000 | 0.00000 | 1.00000 | 0.00000 | 0.00000 ||
	||  0.03800 | 0.00000 | 0.00000 | 0.00000 | 0.00000 | 0.00000 | 0.00000 | 1.00000 | 0.00000 ||
	||  0.11400 | 0.00000 | 0.00000 | 0.00000 | 0.00000 | 0.00000 | 0.00000 | 0.00000 | 1.00000 ||
	||------------------------------------------------------------------------------------------||

	||------------------------------------------------------------------------------------------||
	||                                    OUTPUT CORRELATION                                    ||
	||------------------------------------------------------------------------------------------||
	||  1.00000 | 0.15799 | 0.24142 | 0.35139 | 0.25539 | 0.16203 |-0.00320 | 0.03661 | 0.10636 ||
	||  0.15799 | 1.00000 | 0.00071 | 0.00307 |-0.00628 | 0.00157 | 0.00673 |-0.00196 |-0.00593 ||
	||  0.24142 | 0.00071 | 1.00000 |-0.00249 | 0.00196 |-0.00660 | 0.00301 |-0.00380 |-0.00747 ||
	||  0.35139 | 0.00307 |-0.00249 | 1.00000 |-0.00093 |-0.00318 | 0.00512 |-0.00224 |-0.00790 ||
	||  0.25539 |-0.00628 | 0.00196 |-0.00093 | 1.00000 |-0.00094 |-0.00077 | 0.00237 |-0.00227 ||
	||  0.16203 | 0.00157 |-0.00660 |-0.00318 |-0.00094 | 1.00000 |-0.00390 | 0.00030 | 0.00254 ||
	|| -0.00320 | 0.00673 | 0.00301 | 0.00512 |-0.00077 |-0.00390 | 1.00000 |-0.00847 | 0.00206 ||
	||  0.03661 |-0.00196 |-0.00380 |-0.00224 | 0.00237 | 0.00030 |-0.00847 | 1.00000 | 0.00237 ||
	||  0.10636 |-0.00593 |-0.00747 |-0.00790 |-0.00227 | 0.00254 | 0.00206 | 0.00237 | 1.00000 ||
	||------------------------------------------------------------------------------------------||

	||------------------------------------------------------------------------------------------||
	||                                    OUTPUT COVARIANCE                                     ||
	||------------------------------------------------------------------------------------------||
	||  0.98738 | 0.15568 | 0.24006 | 0.34992 | 0.25259 | 0.16057 |-0.00317 | 0.03642 | 0.10559 ||
	||  0.15568 | 0.98338 | 0.00070 | 0.00306 |-0.00620 | 0.00155 | 0.00666 |-0.00195 |-0.00588 ||
	||  0.24006 | 0.00070 | 1.00144 |-0.00250 | 0.00195 |-0.00659 | 0.00300 |-0.00381 |-0.00747 ||
	||  0.34992 | 0.00306 |-0.00250 | 1.00432 |-0.00093 |-0.00318 | 0.00511 |-0.00224 |-0.00791 ||
	||  0.25259 |-0.00620 | 0.00195 |-0.00093 | 0.99068 |-0.00093 |-0.00076 | 0.00236 |-0.00226 ||
	||  0.16057 | 0.00155 |-0.00659 |-0.00318 |-0.00093 | 0.99469 |-0.00387 | 0.00030 | 0.00254 ||
	|| -0.00317 | 0.00666 | 0.00300 | 0.00511 |-0.00076 |-0.00387 | 0.99327 |-0.00845 | 0.00205 ||
	||  0.03642 |-0.00195 |-0.00381 |-0.00224 | 0.00236 | 0.00030 |-0.00845 | 1.00183 | 0.00237 ||
	||  0.10559 |-0.00588 |-0.00747 |-0.00791 |-0.00226 | 0.00254 | 0.00205 | 0.00237 | 0.99815 ||
	||------------------------------------------------------------------------------------------||


	|-----------------------------------------------------------------|
	|    Copyright (C) 2011-2018 (DRIP)
	|-----------------------------------------------------------------|
	|    Build Version  =&gt; 3.72.0 multi mode
	|    Build JVM (TM) =&gt; 1.8.0_112
	|    Build Snap     =&gt; Sat Aug 25 21:49:58 EST 2018
	|    Start Time     =&gt; Sat Aug 25 22:31:28 EDT 2018
	|    Setup Time     =&gt; Sat Aug 25 22:31:28 EDT 2018
	|    Setup Duration =&gt; 0 ms
	|-----------------------------------------------------------------|


	||-------------------------------------------||
	||                R^1 METRICS                ||
	||-------------------------------------------||
	||    L -&gt; R:                                ||
	||            - Mean                         ||
	||            - Error                        ||
	||            - Variance                     ||
	||            - Standard Deviation           ||
	||-------------------------------------------||
	||  0.00026 |  0.79553 |  1.00000 |  1.00000 ||
	|| -0.00082 |  0.79662 |  1.00000 |  1.00000 ||
	|| -0.00255 |  0.79844 |  0.99999 |  1.00000 ||
	||  0.00222 |  0.79755 |  1.00000 |  1.00000 ||
	|| -0.00320 |  0.79821 |  0.99999 |  0.99999 ||
	|| -0.00289 |  0.79709 |  0.99999 |  1.00000 ||
	||  0.01115 |  0.79678 |  0.99988 |  0.99994 ||
	|| -0.00118 |  0.79803 |  1.00000 |  1.00000 ||
	|| -0.00132 |  0.79890 |  1.00000 |  1.00000 ||
	||-------------------------------------------||

	||------------------------------------------------------------------------------------------||
	||                                     INPUT CORRELATION                                    ||
	||------------------------------------------------------------------------------------------||
	||  1.00000 | 0.16100 | 0.24500 | 0.35200 | 0.25900 | 0.16600 | 0.00300 | 0.03800 | 0.11400 ||
	||  0.16100 | 1.00000 | 0.00000 | 0.00000 | 0.00000 | 0.00000 | 0.00000 | 0.00000 | 0.00000 ||
	||  0.24500 | 0.00000 | 1.00000 | 0.00000 | 0.00000 | 0.00000 | 0.00000 | 0.00000 | 0.00000 ||
	||  0.35200 | 0.00000 | 0.00000 | 1.00000 | 0.00000 | 0.00000 | 0.00000 | 0.00000 | 0.00000 ||
	||  0.25900 | 0.00000 | 0.00000 | 0.00000 | 1.00000 | 0.00000 | 0.00000 | 0.00000 | 0.00000 ||
	||  0.16600 | 0.00000 | 0.00000 | 0.00000 | 0.00000 | 1.00000 | 0.00000 | 0.00000 | 0.00000 ||
	||  0.00300 | 0.00000 | 0.00000 | 0.00000 | 0.00000 | 0.00000 | 1.00000 | 0.00000 | 0.00000 ||
	||  0.03800 | 0.00000 | 0.00000 | 0.00000 | 0.00000 | 0.00000 | 0.00000 | 1.00000 | 0.00000 ||
	||  0.11400 | 0.00000 | 0.00000 | 0.00000 | 0.00000 | 0.00000 | 0.00000 | 0.00000 | 1.00000 ||
	||------------------------------------------------------------------------------------------||

	||------------------------------------------------------------------------------------------||
	||                                    OUTPUT CORRELATION                                    ||
	||------------------------------------------------------------------------------------------||
	||  1.00000 | 0.16795 | 0.24386 | 0.35286 | 0.25971 | 0.17885 | 0.00375 | 0.03496 | 0.10985 ||
	||  0.16795 | 1.00000 |-0.00221 | 0.00163 | 0.00538 | 0.00129 | 0.00186 | 0.00350 |-0.00567 ||
	||  0.24386 |-0.00221 | 1.00000 |-0.00326 | 0.00582 | 0.00368 |-0.00191 |-0.00399 |-0.00682 ||
	||  0.35286 | 0.00163 |-0.00326 | 1.00000 | 0.00615 | 0.00885 |-0.00270 | 0.00369 |-0.00286 ||
	||  0.25971 | 0.00538 | 0.00582 | 0.00615 | 1.00000 | 0.00067 | 0.00787 | 0.00324 | 0.00030 ||
	||  0.17885 | 0.00129 | 0.00368 | 0.00885 | 0.00067 | 1.00000 |-0.00430 | 0.00287 | 0.00125 ||
	||  0.00375 | 0.00186 |-0.00191 |-0.00270 | 0.00787 |-0.00430 | 1.00000 |-0.00447 | 0.00098 ||
	||  0.03496 | 0.00350 |-0.00399 | 0.00369 | 0.00324 | 0.00287 |-0.00447 | 1.00000 |-0.00294 ||
	||  0.10985 |-0.00567 |-0.00682 |-0.00286 | 0.00030 | 0.00125 | 0.00098 |-0.00294 | 1.00000 ||
	||------------------------------------------------------------------------------------------||

	||------------------------------------------------------------------------------------------||
	||                                    OUTPUT COVARIANCE                                     ||
	||------------------------------------------------------------------------------------------||
	||  1.00000 | 0.16795 | 0.24385 | 0.35286 | 0.25971 | 0.17885 | 0.00375 | 0.03496 | 0.10985 ||
	||  0.16795 | 1.00000 |-0.00221 | 0.00163 | 0.00538 | 0.00129 | 0.00186 | 0.00350 |-0.00567 ||
	||  0.24385 |-0.00221 | 0.99999 |-0.00326 | 0.00582 | 0.00368 |-0.00191 |-0.00399 |-0.00682 ||
	||  0.35286 | 0.00163 |-0.00326 | 1.00000 | 0.00615 | 0.00885 |-0.00270 | 0.00369 |-0.00286 ||
	||  0.25971 | 0.00538 | 0.00582 | 0.00615 | 0.99999 | 0.00067 | 0.00787 | 0.00324 | 0.00030 ||
	||  0.17885 | 0.00129 | 0.00368 | 0.00885 | 0.00067 | 0.99999 |-0.00430 | 0.00287 | 0.00125 ||
	||  0.00375 | 0.00186 |-0.00191 |-0.00270 | 0.00787 |-0.00430 | 0.99988 |-0.00447 | 0.00098 ||
	||  0.03496 | 0.00350 |-0.00399 | 0.00369 | 0.00324 | 0.00287 |-0.00447 | 1.00000 |-0.00294 ||
	||  0.10985 |-0.00567 |-0.00682 |-0.00286 | 0.00030 | 0.00125 | 0.00098 |-0.00294 | 1.00000 ||
	||------------------------------------------------------------------------------------------||


	|-----------------------------------------------------------------|
	|    Copyright (C) 2011-2018 (DRIP)
	|-----------------------------------------------------------------|
	|    Build Version  =&gt; 3.72.0 multi mode
	|    Build JVM (TM) =&gt; 1.8.0_112
	|    Build Snap     =&gt; Sat Aug 25 21:49:58 EST 2018
	|    Start Time     =&gt; Sat Aug 25 22:31:30 EDT 2018
	|    Setup Time     =&gt; Sat Aug 25 22:31:30 EDT 2018
	|    Setup Duration =&gt; 0 ms
	|-----------------------------------------------------------------|


	||-------------------------------------------||
	||                R^1 METRICS                ||
	||-------------------------------------------||
	||    L -&gt; R:                                ||
	||            - Mean                         ||
	||            - Error                        ||
	||            - Variance                     ||
	||            - Standard Deviation           ||
	||-------------------------------------------||
	||  0.00146 |  0.79716 |  0.99998 |  0.99999 ||
	|| -0.00154 |  0.79572 |  0.99998 |  0.99999 ||
	|| -0.00036 |  0.79801 |  0.99998 |  0.99999 ||
	||  0.00669 |  0.79903 |  0.99994 |  0.99997 ||
	||  0.00429 |  0.79765 |  0.99996 |  0.99998 ||
	||  0.00552 |  0.79731 |  0.99995 |  0.99997 ||
	|| -0.00223 |  0.79819 |  0.99998 |  0.99999 ||
	|| -0.00072 |  0.79793 |  0.99998 |  0.99999 ||
	|| -0.00582 |  0.79858 |  0.99995 |  0.99997 ||
	||-------------------------------------------||

	||------------------------------------------------------------------------------------------||
	||                                     INPUT CORRELATION                                    ||
	||------------------------------------------------------------------------------------------||
	||  1.00000 | 0.16100 | 0.24500 | 0.35200 | 0.25900 | 0.16600 | 0.00300 | 0.03800 | 0.11400 ||
	||  0.16100 | 1.00000 | 0.00000 | 0.00000 | 0.00000 | 0.00000 | 0.00000 | 0.00000 | 0.00000 ||
	||  0.24500 | 0.00000 | 1.00000 | 0.00000 | 0.00000 | 0.00000 | 0.00000 | 0.00000 | 0.00000 ||
	||  0.35200 | 0.00000 | 0.00000 | 1.00000 | 0.00000 | 0.00000 | 0.00000 | 0.00000 | 0.00000 ||
	||  0.25900 | 0.00000 | 0.00000 | 0.00000 | 1.00000 | 0.00000 | 0.00000 | 0.00000 | 0.00000 ||
	||  0.16600 | 0.00000 | 0.00000 | 0.00000 | 0.00000 | 1.00000 | 0.00000 | 0.00000 | 0.00000 ||
	||  0.00300 | 0.00000 | 0.00000 | 0.00000 | 0.00000 | 0.00000 | 1.00000 | 0.00000 | 0.00000 ||
	||  0.03800 | 0.00000 | 0.00000 | 0.00000 | 0.00000 | 0.00000 | 0.00000 | 1.00000 | 0.00000 ||
	||  0.11400 | 0.00000 | 0.00000 | 0.00000 | 0.00000 | 0.00000 | 0.00000 | 0.00000 | 1.00000 ||
	||------------------------------------------------------------------------------------------||

	||------------------------------------------------------------------------------------------||
	||                                    OUTPUT CORRELATION                                    ||
	||------------------------------------------------------------------------------------------||
	||  1.00000 | 0.16235 | 0.24247 | 0.34601 | 0.25694 | 0.15965 | 0.00790 | 0.04017 | 0.11698 ||
	||  0.16235 | 1.00000 | 0.00214 |-0.00498 | 0.00252 | 0.00063 | 0.00210 |-0.00066 | 0.00706 ||
	||  0.24247 | 0.00214 | 1.00000 |-0.00511 |-0.00263 | 0.00059 | 0.00202 | 0.00186 | 0.00394 ||
	||  0.34601 |-0.00498 |-0.00511 | 1.00000 |-0.00137 |-0.00792 | 0.00668 | 0.00314 |-0.00006 ||
	||  0.25694 | 0.00252 |-0.00263 |-0.00137 | 1.00000 | 0.00143 |-0.00646 | 0.00048 | 0.00978 ||
	||  0.15965 | 0.00063 | 0.00059 |-0.00792 | 0.00143 | 1.00000 |-0.00106 |-0.00153 | 0.00023 ||
	||  0.00790 | 0.00210 | 0.00202 | 0.00668 |-0.00646 |-0.00106 | 1.00000 | 0.00324 |-0.00041 ||
	||  0.04017 |-0.00066 | 0.00186 | 0.00314 | 0.00048 |-0.00153 | 0.00324 | 1.00000 |-0.00064 ||
	||  0.11698 | 0.00706 | 0.00394 |-0.00006 | 0.00978 | 0.00023 |-0.00041 |-0.00064 | 1.00000 ||
	||------------------------------------------------------------------------------------------||

	||------------------------------------------------------------------------------------------||
	||                                    OUTPUT COVARIANCE                                     ||
	||------------------------------------------------------------------------------------------||
	||  0.99998 | 0.16235 | 0.24246 | 0.34600 | 0.25693 | 0.15964 | 0.00790 | 0.04017 | 0.11698 ||
	||  0.16235 | 0.99998 | 0.00214 |-0.00498 | 0.00252 | 0.00063 | 0.00210 |-0.00066 | 0.00706 ||
	||  0.24246 | 0.00214 | 0.99998 |-0.00511 |-0.00263 | 0.00059 | 0.00202 | 0.00186 | 0.00394 ||
	||  0.34600 |-0.00498 |-0.00511 | 0.99994 |-0.00137 |-0.00792 | 0.00668 | 0.00314 |-0.00006 ||
	||  0.25693 | 0.00252 |-0.00263 |-0.00137 | 0.99996 | 0.00143 |-0.00646 | 0.00048 | 0.00978 ||
	||  0.15964 | 0.00063 | 0.00059 |-0.00792 | 0.00143 | 0.99995 |-0.00106 |-0.00153 | 0.00023 ||
	||  0.00790 | 0.00210 | 0.00202 | 0.00668 |-0.00646 |-0.00106 | 0.99998 | 0.00324 |-0.00041 ||
	||  0.04017 |-0.00066 | 0.00186 | 0.00314 | 0.00048 |-0.00153 | 0.00324 | 0.99998 |-0.00064 ||
	||  0.11698 | 0.00706 | 0.00394 |-0.00006 | 0.00978 | 0.00023 |-0.00041 |-0.00064 | 0.99995 ||
	||------------------------------------------------------------------------------------------||

</pre>
</span>
</div>
</div>
<div id="footer">
<p>
<div>
<label class="hidden" id="label-for-line-wrapping-toggle" for="line-wrapping-toggle">Wrap lines
<input id="line-wrapping-toggle" type="checkbox" autocomplete="off"/>
</label>
</div>Generated by 
<a href="http://www.gradle.org">Gradle 3.5</a> at Aug 25, 2018 11:17:55 PM</p>
</div>
</div>
</body>
</html>
