<!DOCTYPE html>
<html>
<head>
<meta http-equiv="Content-Type" content="text/html; charset=utf-8"/>
<meta http-equiv="x-ua-compatible" content="IE=edge"/>
<title>Test results - Class org.drip.coverage.sequence.Statistics</title>
<link href="../css/base-style.css" rel="stylesheet" type="text/css"/>
<link href="../css/style.css" rel="stylesheet" type="text/css"/>
<script src="../js/report.js" type="text/javascript"></script>
</head>
<body>
<div id="content">
<h1>Class org.drip.coverage.sequence.Statistics</h1>
<div class="breadcrumbs">
<a href="../index.html">all</a> &gt; 
<a href="../packages/org.drip.coverage.sequence.html">org.drip.coverage.sequence</a> &gt; Statistics</div>
<div id="summary">
<table>
<tr>
<td>
<div class="summaryGroup">
<table>
<tr>
<td>
<div class="infoBox" id="tests">
<div class="counter">1</div>
<p>tests</p>
</div>
</td>
<td>
<div class="infoBox" id="failures">
<div class="counter">0</div>
<p>failures</p>
</div>
</td>
<td>
<div class="infoBox" id="ignored">
<div class="counter">0</div>
<p>ignored</p>
</div>
</td>
<td>
<div class="infoBox" id="duration">
<div class="counter">9.498s</div>
<p>duration</p>
</div>
</td>
</tr>
</table>
</div>
</td>
<td>
<div class="infoBox success" id="successRate">
<div class="percent">100%</div>
<p>successful</p>
</div>
</td>
</tr>
</table>
</div>
<div id="tabs">
<ul class="tabLinks">
<li>
<a href="#tab0">Tests</a>
</li>
<li>
<a href="#tab1">Standard output</a>
</li>
</ul>
<div id="tab0" class="tab">
<h2>Tests</h2>
<table>
<thead>
<tr>
<th>Test</th>
<th>Duration</th>
<th>Result</th>
</tr>
</thead>
<tr>
<td class="success">codeCoverageTest</td>
<td>9.498s</td>
<td class="success">passed</td>
</tr>
</table>
</div>
<div id="tab1" class="tab">
<h2>Standard output</h2>
<span class="code">
<pre>
	|-----------------------------------------------------------------|
	|    Copyright (C) 2011-2019 (DRIP, DROP)
	|-----------------------------------------------------------------|
	|    Build Version  =&gt; 4.12.0 multi mode
	|    Build JVM (TM) =&gt; 1.8.0_112
	|    Build Snap     =&gt; Sat Apr 06 16:58:04 EST 2019
	|    Start Time     =&gt; Sat Apr 06 19:19:01 EDT 2019
	|    Setup Time     =&gt; Sat Apr 06 19:19:01 EDT 2019
	|    Setup Duration =&gt; 0 ms
	|-----------------------------------------------------------------|


	||-------------------------------------------||
	||                R^1 METRICS                ||
	||-------------------------------------------||
	||    L -&gt; R:                                ||
	||            - Mean                         ||
	||            - Error                        ||
	||            - Variance                     ||
	||            - Standard Deviation           ||
	||-------------------------------------------||
	|| -0.00113 |  0.79725 |  0.99878 |  0.99939 ||
	|| -0.00568 |  0.79682 |  0.99787 |  0.99893 ||
	||  0.00418 |  0.79676 |  0.99601 |  0.99800 ||
	||  0.00697 |  0.79731 |  0.99983 |  0.99992 ||
	||  0.00118 |  0.80036 |  1.00194 |  1.00097 ||
	||  0.00110 |  0.79893 |  1.00312 |  1.00156 ||
	|| -0.00888 |  0.80175 |  1.00621 |  1.00310 ||
	||  0.00152 |  0.80170 |  1.00609 |  1.00304 ||
	||  0.00703 |  0.80086 |  1.00401 |  1.00200 ||
	||-------------------------------------------||

	||------------------------------------------------------------------------------------------||
	||                                     INPUT CORRELATION                                    ||
	||------------------------------------------------------------------------------------------||
	||  1.00000 | 0.16100 | 0.24500 | 0.35200 | 0.25900 | 0.16600 | 0.00300 | 0.03800 | 0.11400 ||
	||  0.16100 | 1.00000 | 0.00000 | 0.00000 | 0.00000 | 0.00000 | 0.00000 | 0.00000 | 0.00000 ||
	||  0.24500 | 0.00000 | 1.00000 | 0.00000 | 0.00000 | 0.00000 | 0.00000 | 0.00000 | 0.00000 ||
	||  0.35200 | 0.00000 | 0.00000 | 1.00000 | 0.00000 | 0.00000 | 0.00000 | 0.00000 | 0.00000 ||
	||  0.25900 | 0.00000 | 0.00000 | 0.00000 | 1.00000 | 0.00000 | 0.00000 | 0.00000 | 0.00000 ||
	||  0.16600 | 0.00000 | 0.00000 | 0.00000 | 0.00000 | 1.00000 | 0.00000 | 0.00000 | 0.00000 ||
	||  0.00300 | 0.00000 | 0.00000 | 0.00000 | 0.00000 | 0.00000 | 1.00000 | 0.00000 | 0.00000 ||
	||  0.03800 | 0.00000 | 0.00000 | 0.00000 | 0.00000 | 0.00000 | 0.00000 | 1.00000 | 0.00000 ||
	||  0.11400 | 0.00000 | 0.00000 | 0.00000 | 0.00000 | 0.00000 | 0.00000 | 0.00000 | 1.00000 ||
	||------------------------------------------------------------------------------------------||

	||------------------------------------------------------------------------------------------||
	||                                    OUTPUT CORRELATION                                    ||
	||------------------------------------------------------------------------------------------||
	||  1.00000 | 0.16713 | 0.23926 | 0.34570 | 0.25891 | 0.17183 |-0.00175 | 0.04241 | 0.11378 ||
	||  0.16713 | 1.00000 |-0.00624 | 0.00704 | 0.00025 |-0.00084 |-0.00265 |-0.00144 | 0.00426 ||
	||  0.23926 |-0.00624 | 1.00000 |-0.00932 |-0.00292 | 0.00223 |-0.00288 |-0.00338 |-0.00389 ||
	||  0.34570 | 0.00704 |-0.00932 | 1.00000 | 0.00064 | 0.00140 | 0.00313 | 0.00201 |-0.00308 ||
	||  0.25891 | 0.00025 |-0.00292 | 0.00064 | 1.00000 |-0.00037 |-0.00136 |-0.00220 |-0.00271 ||
	||  0.17183 |-0.00084 | 0.00223 | 0.00140 |-0.00037 | 1.00000 |-0.00053 |-0.00295 | 0.00042 ||
	|| -0.00175 |-0.00265 |-0.00288 | 0.00313 |-0.00136 |-0.00053 | 1.00000 |-0.00197 | 0.00132 ||
	||  0.04241 |-0.00144 |-0.00338 | 0.00201 |-0.00220 |-0.00295 |-0.00197 | 1.00000 | 0.00320 ||
	||  0.11378 | 0.00426 |-0.00389 |-0.00308 |-0.00271 | 0.00042 | 0.00132 | 0.00320 | 1.00000 ||
	||------------------------------------------------------------------------------------------||

	||------------------------------------------------------------------------------------------||
	||                                    OUTPUT COVARIANCE                                     ||
	||------------------------------------------------------------------------------------------||
	||  0.99878 | 0.16685 | 0.23863 | 0.34546 | 0.25900 | 0.17199 |-0.00176 | 0.04251 | 0.11394 ||
	||  0.16685 | 0.99787 |-0.00622 | 0.00703 | 0.00025 |-0.00084 |-0.00266 |-0.00145 | 0.00427 ||
	||  0.23863 |-0.00622 | 0.99601 |-0.00930 |-0.00292 | 0.00223 |-0.00289 |-0.00338 |-0.00389 ||
	||  0.34546 | 0.00703 |-0.00930 | 0.99983 | 0.00064 | 0.00140 | 0.00314 | 0.00202 |-0.00309 ||
	||  0.25900 | 0.00025 |-0.00292 | 0.00064 | 1.00194 |-0.00037 |-0.00137 |-0.00221 |-0.00271 ||
	||  0.17199 |-0.00084 | 0.00223 | 0.00140 |-0.00037 | 1.00312 |-0.00054 |-0.00296 | 0.00042 ||
	|| -0.00176 |-0.00266 |-0.00289 | 0.00314 |-0.00137 |-0.00054 | 1.00621 |-0.00198 | 0.00133 ||
	||  0.04251 |-0.00145 |-0.00338 | 0.00202 |-0.00221 |-0.00296 |-0.00198 | 1.00609 | 0.00321 ||
	||  0.11394 | 0.00427 |-0.00389 |-0.00309 |-0.00271 | 0.00042 | 0.00133 | 0.00321 | 1.00401 ||
	||------------------------------------------------------------------------------------------||


	|-----------------------------------------------------------------|
	|    Copyright (C) 2011-2019 (DRIP, DROP)
	|-----------------------------------------------------------------|
	|    Build Version  =&gt; 4.12.0 multi mode
	|    Build JVM (TM) =&gt; 1.8.0_112
	|    Build Snap     =&gt; Sat Apr 06 16:58:04 EST 2019
	|    Start Time     =&gt; Sat Apr 06 19:19:03 EDT 2019
	|    Setup Time     =&gt; Sat Apr 06 19:19:03 EDT 2019
	|    Setup Duration =&gt; 0 ms
	|-----------------------------------------------------------------|


	||-------------------------------------------||
	||                R^1 METRICS                ||
	||-------------------------------------------||
	||    L -&gt; R:                                ||
	||            - Mean                         ||
	||            - Error                        ||
	||            - Variance                     ||
	||            - Standard Deviation           ||
	||-------------------------------------------||
	||  0.00775 |  0.79905 |  1.00122 |  1.00061 ||
	|| -0.00806 |  0.80214 |  1.01079 |  1.00538 ||
	||  0.00805 |  0.79246 |  0.98895 |  0.99446 ||
	||  0.00057 |  0.80326 |  1.01248 |  1.00622 ||
	||  0.01035 |  0.79611 |  0.99345 |  0.99672 ||
	|| -0.01016 |  0.79798 |  1.00477 |  1.00238 ||
	|| -0.00408 |  0.79462 |  0.99331 |  0.99665 ||
	||  0.00333 |  0.79588 |  0.99358 |  0.99678 ||
	||  0.00162 |  0.79467 |  0.99133 |  0.99565 ||
	||-------------------------------------------||

	||------------------------------------------------------------------------------------------||
	||                                     INPUT CORRELATION                                    ||
	||------------------------------------------------------------------------------------------||
	||  1.00000 | 0.16100 | 0.24500 | 0.35200 | 0.25900 | 0.16600 | 0.00300 | 0.03800 | 0.11400 ||
	||  0.16100 | 1.00000 | 0.00000 | 0.00000 | 0.00000 | 0.00000 | 0.00000 | 0.00000 | 0.00000 ||
	||  0.24500 | 0.00000 | 1.00000 | 0.00000 | 0.00000 | 0.00000 | 0.00000 | 0.00000 | 0.00000 ||
	||  0.35200 | 0.00000 | 0.00000 | 1.00000 | 0.00000 | 0.00000 | 0.00000 | 0.00000 | 0.00000 ||
	||  0.25900 | 0.00000 | 0.00000 | 0.00000 | 1.00000 | 0.00000 | 0.00000 | 0.00000 | 0.00000 ||
	||  0.16600 | 0.00000 | 0.00000 | 0.00000 | 0.00000 | 1.00000 | 0.00000 | 0.00000 | 0.00000 ||
	||  0.00300 | 0.00000 | 0.00000 | 0.00000 | 0.00000 | 0.00000 | 1.00000 | 0.00000 | 0.00000 ||
	||  0.03800 | 0.00000 | 0.00000 | 0.00000 | 0.00000 | 0.00000 | 0.00000 | 1.00000 | 0.00000 ||
	||  0.11400 | 0.00000 | 0.00000 | 0.00000 | 0.00000 | 0.00000 | 0.00000 | 0.00000 | 1.00000 ||
	||------------------------------------------------------------------------------------------||

	||------------------------------------------------------------------------------------------||
	||                                    OUTPUT CORRELATION                                    ||
	||------------------------------------------------------------------------------------------||
	||  1.00000 | 0.16122 | 0.23916 | 0.35294 | 0.26684 | 0.16069 | 0.00392 | 0.03532 | 0.11504 ||
	||  0.16122 | 1.00000 | 0.00308 | 0.00144 | 0.00264 | 0.00077 | 0.00247 |-0.00196 |-0.00338 ||
	||  0.23916 | 0.00308 | 1.00000 |-0.00221 |-0.00653 |-0.00445 |-0.00474 |-0.00120 |-0.00673 ||
	||  0.35294 | 0.00144 |-0.00221 | 1.00000 | 0.00264 |-0.00563 | 0.00028 |-0.00670 | 0.00734 ||
	||  0.26684 | 0.00264 |-0.00653 | 0.00264 | 1.00000 | 0.00305 | 0.00050 | 0.00687 | 0.00084 ||
	||  0.16069 | 0.00077 |-0.00445 |-0.00563 | 0.00305 | 1.00000 | 0.00672 |-0.00520 | 0.00051 ||
	||  0.00392 | 0.00247 |-0.00474 | 0.00028 | 0.00050 | 0.00672 | 1.00000 | 0.00729 |-0.00196 ||
	||  0.03532 |-0.00196 |-0.00120 |-0.00670 | 0.00687 |-0.00520 | 0.00729 | 1.00000 | 0.00429 ||
	||  0.11504 |-0.00338 |-0.00673 | 0.00734 | 0.00084 | 0.00051 |-0.00196 | 0.00429 | 1.00000 ||
	||------------------------------------------------------------------------------------------||

	||------------------------------------------------------------------------------------------||
	||                                    OUTPUT COVARIANCE                                     ||
	||------------------------------------------------------------------------------------------||
	||  1.00122 | 0.16219 | 0.23798 | 0.35536 | 0.26613 | 0.16117 | 0.00391 | 0.03523 | 0.11461 ||
	||  0.16219 | 1.01079 | 0.00308 | 0.00146 | 0.00265 | 0.00077 | 0.00247 |-0.00197 |-0.00339 ||
	||  0.23798 | 0.00308 | 0.98895 |-0.00222 |-0.00647 |-0.00444 |-0.00470 |-0.00119 |-0.00666 ||
	||  0.35536 | 0.00146 |-0.00222 | 1.01248 | 0.00265 |-0.00568 | 0.00028 |-0.00672 | 0.00735 ||
	||  0.26613 | 0.00265 |-0.00647 | 0.00265 | 0.99345 | 0.00305 | 0.00050 | 0.00682 | 0.00083 ||
	||  0.16117 | 0.00077 |-0.00444 |-0.00568 | 0.00305 | 1.00477 | 0.00671 |-0.00520 | 0.00051 ||
	||  0.00391 | 0.00247 |-0.00470 | 0.00028 | 0.00050 | 0.00671 | 0.99331 | 0.00725 |-0.00194 ||
	||  0.03523 |-0.00197 |-0.00119 |-0.00672 | 0.00682 |-0.00520 | 0.00725 | 0.99358 | 0.00425 ||
	||  0.11461 |-0.00339 |-0.00666 | 0.00735 | 0.00083 | 0.00051 |-0.00194 | 0.00425 | 0.99133 ||
	||------------------------------------------------------------------------------------------||


	|-----------------------------------------------------------------|
	|    Copyright (C) 2011-2019 (DRIP, DROP)
	|-----------------------------------------------------------------|
	|    Build Version  =&gt; 4.12.0 multi mode
	|    Build JVM (TM) =&gt; 1.8.0_112
	|    Build Snap     =&gt; Sat Apr 06 16:58:04 EST 2019
	|    Start Time     =&gt; Sat Apr 06 19:19:06 EDT 2019
	|    Setup Time     =&gt; Sat Apr 06 19:19:06 EDT 2019
	|    Setup Duration =&gt; 0 ms
	|-----------------------------------------------------------------|


	||-------------------------------------------||
	||                R^1 METRICS                ||
	||-------------------------------------------||
	||    L -&gt; R:                                ||
	||            - Mean                         ||
	||            - Error                        ||
	||            - Variance                     ||
	||            - Standard Deviation           ||
	||-------------------------------------------||
	||  0.00067 |  0.79732 |  1.00000 |  1.00000 ||
	|| -0.00030 |  0.79684 |  1.00000 |  1.00000 ||
	|| -0.00359 |  0.79688 |  0.99999 |  0.99999 ||
	||  0.00349 |  0.79873 |  0.99999 |  0.99999 ||
	|| -0.00272 |  0.79834 |  0.99999 |  1.00000 ||
	||  0.00095 |  0.79864 |  1.00000 |  1.00000 ||
	|| -0.00033 |  0.79868 |  1.00000 |  1.00000 ||
	|| -0.00205 |  0.79689 |  1.00000 |  1.00000 ||
	||  0.00569 |  0.79821 |  0.99997 |  0.99998 ||
	||-------------------------------------------||

	||------------------------------------------------------------------------------------------||
	||                                     INPUT CORRELATION                                    ||
	||------------------------------------------------------------------------------------------||
	||  1.00000 | 0.16100 | 0.24500 | 0.35200 | 0.25900 | 0.16600 | 0.00300 | 0.03800 | 0.11400 ||
	||  0.16100 | 1.00000 | 0.00000 | 0.00000 | 0.00000 | 0.00000 | 0.00000 | 0.00000 | 0.00000 ||
	||  0.24500 | 0.00000 | 1.00000 | 0.00000 | 0.00000 | 0.00000 | 0.00000 | 0.00000 | 0.00000 ||
	||  0.35200 | 0.00000 | 0.00000 | 1.00000 | 0.00000 | 0.00000 | 0.00000 | 0.00000 | 0.00000 ||
	||  0.25900 | 0.00000 | 0.00000 | 0.00000 | 1.00000 | 0.00000 | 0.00000 | 0.00000 | 0.00000 ||
	||  0.16600 | 0.00000 | 0.00000 | 0.00000 | 0.00000 | 1.00000 | 0.00000 | 0.00000 | 0.00000 ||
	||  0.00300 | 0.00000 | 0.00000 | 0.00000 | 0.00000 | 0.00000 | 1.00000 | 0.00000 | 0.00000 ||
	||  0.03800 | 0.00000 | 0.00000 | 0.00000 | 0.00000 | 0.00000 | 0.00000 | 1.00000 | 0.00000 ||
	||  0.11400 | 0.00000 | 0.00000 | 0.00000 | 0.00000 | 0.00000 | 0.00000 | 0.00000 | 1.00000 ||
	||------------------------------------------------------------------------------------------||

	||------------------------------------------------------------------------------------------||
	||                                    OUTPUT CORRELATION                                    ||
	||------------------------------------------------------------------------------------------||
	||  1.00000 | 0.16877 | 0.25501 | 0.34843 | 0.26451 | 0.17324 |-0.00578 | 0.03755 | 0.11450 ||
	||  0.16877 | 1.00000 |-0.00255 | 0.00469 |-0.00769 |-0.00071 | 0.00087 |-0.00254 | 0.00242 ||
	||  0.25501 |-0.00255 | 1.00000 | 0.00447 | 0.00257 | 0.00430 |-0.00745 | 0.00701 |-0.00468 ||
	||  0.34843 | 0.00469 | 0.00447 | 1.00000 | 0.00613 | 0.00090 | 0.00462 | 0.00174 | 0.00452 ||
	||  0.26451 |-0.00769 | 0.00257 | 0.00613 | 1.00000 | 0.00286 |-0.00412 |-0.00711 |-0.00098 ||
	||  0.17324 |-0.00071 | 0.00430 | 0.00090 | 0.00286 | 1.00000 |-0.00090 | 0.00148 |-0.00322 ||
	|| -0.00578 | 0.00087 |-0.00745 | 0.00462 |-0.00412 |-0.00090 | 1.00000 |-0.00195 |-0.00632 ||
	||  0.03755 |-0.00254 | 0.00701 | 0.00174 |-0.00711 | 0.00148 |-0.00195 | 1.00000 | 0.00268 ||
	||  0.11450 | 0.00242 |-0.00468 | 0.00452 |-0.00098 |-0.00322 |-0.00632 | 0.00268 | 1.00000 ||
	||------------------------------------------------------------------------------------------||

	||------------------------------------------------------------------------------------------||
	||                                    OUTPUT COVARIANCE                                     ||
	||------------------------------------------------------------------------------------------||
	||  1.00000 | 0.16877 | 0.25501 | 0.34843 | 0.26451 | 0.17324 |-0.00578 | 0.03755 | 0.11449 ||
	||  0.16877 | 1.00000 |-0.00255 | 0.00469 |-0.00769 |-0.00071 | 0.00087 |-0.00254 | 0.00242 ||
	||  0.25501 |-0.00255 | 0.99999 | 0.00447 | 0.00257 | 0.00430 |-0.00745 | 0.00701 |-0.00468 ||
	||  0.34843 | 0.00469 | 0.00447 | 0.99999 | 0.00613 | 0.00090 | 0.00462 | 0.00174 | 0.00452 ||
	||  0.26451 |-0.00769 | 0.00257 | 0.00613 | 0.99999 | 0.00285 |-0.00412 |-0.00711 |-0.00098 ||
	||  0.17324 |-0.00071 | 0.00430 | 0.00090 | 0.00285 | 1.00000 |-0.00090 | 0.00148 |-0.00322 ||
	|| -0.00578 | 0.00087 |-0.00745 | 0.00462 |-0.00412 |-0.00090 | 1.00000 |-0.00195 |-0.00632 ||
	||  0.03755 |-0.00254 | 0.00701 | 0.00174 |-0.00711 | 0.00148 |-0.00195 | 1.00000 | 0.00268 ||
	||  0.11449 | 0.00242 |-0.00468 | 0.00452 |-0.00098 |-0.00322 |-0.00632 | 0.00268 | 0.99997 ||
	||------------------------------------------------------------------------------------------||


	|-----------------------------------------------------------------|
	|    Copyright (C) 2011-2019 (DRIP, DROP)
	|-----------------------------------------------------------------|
	|    Build Version  =&gt; 4.12.0 multi mode
	|    Build JVM (TM) =&gt; 1.8.0_112
	|    Build Snap     =&gt; Sat Apr 06 16:58:04 EST 2019
	|    Start Time     =&gt; Sat Apr 06 19:19:08 EDT 2019
	|    Setup Time     =&gt; Sat Apr 06 19:19:08 EDT 2019
	|    Setup Duration =&gt; 0 ms
	|-----------------------------------------------------------------|


	||-------------------------------------------||
	||                R^1 METRICS                ||
	||-------------------------------------------||
	||    L -&gt; R:                                ||
	||            - Mean                         ||
	||            - Error                        ||
	||            - Variance                     ||
	||            - Standard Deviation           ||
	||-------------------------------------------||
	||  0.00216 |  0.79807 |  0.99998 |  0.99999 ||
	||  0.00212 |  0.79764 |  0.99998 |  0.99999 ||
	|| -0.00205 |  0.79837 |  0.99998 |  0.99999 ||
	|| -0.00548 |  0.79742 |  0.99995 |  0.99997 ||
	|| -0.00334 |  0.79782 |  0.99997 |  0.99998 ||
	||  0.00138 |  0.79864 |  0.99998 |  0.99999 ||
	||  0.00061 |  0.79675 |  0.99998 |  0.99999 ||
	|| -0.00202 |  0.79705 |  0.99998 |  0.99999 ||
	||  0.00494 |  0.79852 |  0.99996 |  0.99998 ||
	||-------------------------------------------||

	||------------------------------------------------------------------------------------------||
	||                                     INPUT CORRELATION                                    ||
	||------------------------------------------------------------------------------------------||
	||  1.00000 | 0.16100 | 0.24500 | 0.35200 | 0.25900 | 0.16600 | 0.00300 | 0.03800 | 0.11400 ||
	||  0.16100 | 1.00000 | 0.00000 | 0.00000 | 0.00000 | 0.00000 | 0.00000 | 0.00000 | 0.00000 ||
	||  0.24500 | 0.00000 | 1.00000 | 0.00000 | 0.00000 | 0.00000 | 0.00000 | 0.00000 | 0.00000 ||
	||  0.35200 | 0.00000 | 0.00000 | 1.00000 | 0.00000 | 0.00000 | 0.00000 | 0.00000 | 0.00000 ||
	||  0.25900 | 0.00000 | 0.00000 | 0.00000 | 1.00000 | 0.00000 | 0.00000 | 0.00000 | 0.00000 ||
	||  0.16600 | 0.00000 | 0.00000 | 0.00000 | 0.00000 | 1.00000 | 0.00000 | 0.00000 | 0.00000 ||
	||  0.00300 | 0.00000 | 0.00000 | 0.00000 | 0.00000 | 0.00000 | 1.00000 | 0.00000 | 0.00000 ||
	||  0.03800 | 0.00000 | 0.00000 | 0.00000 | 0.00000 | 0.00000 | 0.00000 | 1.00000 | 0.00000 ||
	||  0.11400 | 0.00000 | 0.00000 | 0.00000 | 0.00000 | 0.00000 | 0.00000 | 0.00000 | 1.00000 ||
	||------------------------------------------------------------------------------------------||

	||------------------------------------------------------------------------------------------||
	||                                    OUTPUT CORRELATION                                    ||
	||------------------------------------------------------------------------------------------||
	||  1.00000 | 0.15502 | 0.23276 | 0.34806 | 0.26319 | 0.15852 | 0.01219 | 0.04071 | 0.10797 ||
	||  0.15502 | 1.00000 |-0.00990 | 0.00165 |-0.00011 |-0.00322 | 0.00104 | 0.00057 | 0.00743 ||
	||  0.23276 |-0.00990 | 1.00000 |-0.00121 |-0.00714 |-0.00335 | 0.00590 |-0.00081 |-0.00091 ||
	||  0.34806 | 0.00165 |-0.00121 | 1.00000 | 0.00012 |-0.00588 | 0.00390 | 0.00006 | 0.00512 ||
	||  0.26319 |-0.00011 |-0.00714 | 0.00012 | 1.00000 | 0.00531 | 0.00113 |-0.00275 |-0.00018 ||
	||  0.15852 |-0.00322 |-0.00335 |-0.00588 | 0.00531 | 1.00000 | 0.00364 | 0.00023 |-0.00678 ||
	||  0.01219 | 0.00104 | 0.00590 | 0.00390 | 0.00113 | 0.00364 | 1.00000 |-0.01163 |-0.00612 ||
	||  0.04071 | 0.00057 |-0.00081 | 0.00006 |-0.00275 | 0.00023 |-0.01163 | 1.00000 |-0.00484 ||
	||  0.10797 | 0.00743 |-0.00091 | 0.00512 |-0.00018 |-0.00678 |-0.00612 |-0.00484 | 1.00000 ||
	||------------------------------------------------------------------------------------------||

	||------------------------------------------------------------------------------------------||
	||                                    OUTPUT COVARIANCE                                     ||
	||------------------------------------------------------------------------------------------||
	||  0.99998 | 0.15502 | 0.23275 | 0.34804 | 0.26318 | 0.15852 | 0.01219 | 0.04071 | 0.10796 ||
	||  0.15502 | 0.99998 |-0.00990 | 0.00165 |-0.00011 |-0.00322 | 0.00104 | 0.00057 | 0.00743 ||
	||  0.23275 |-0.00990 | 0.99998 |-0.00121 |-0.00714 |-0.00335 | 0.00590 |-0.00081 |-0.00091 ||
	||  0.34804 | 0.00165 |-0.00121 | 0.99995 | 0.00012 |-0.00588 | 0.00390 | 0.00006 | 0.00512 ||
	||  0.26318 |-0.00011 |-0.00714 | 0.00012 | 0.99997 | 0.00531 | 0.00113 |-0.00275 |-0.00018 ||
	||  0.15852 |-0.00322 |-0.00335 |-0.00588 | 0.00531 | 0.99998 | 0.00364 | 0.00023 |-0.00678 ||
	||  0.01219 | 0.00104 | 0.00590 | 0.00390 | 0.00113 | 0.00364 | 0.99998 |-0.01163 |-0.00612 ||
	||  0.04071 | 0.00057 |-0.00081 | 0.00006 |-0.00275 | 0.00023 |-0.01163 | 0.99998 |-0.00484 ||
	||  0.10796 | 0.00743 |-0.00091 | 0.00512 |-0.00018 |-0.00678 |-0.00612 |-0.00484 | 0.99996 ||
	||------------------------------------------------------------------------------------------||

</pre>
</span>
</div>
</div>
<div id="footer">
<p>
<div>
<label class="hidden" id="label-for-line-wrapping-toggle" for="line-wrapping-toggle">Wrap lines
<input id="line-wrapping-toggle" type="checkbox" autocomplete="off"/>
</label>
</div>Generated by 
<a href="http://www.gradle.org">Gradle 3.5</a> at Apr 6, 2019 7:45:00 PM</p>
</div>
</div>
</body>
</html>
