
	|-----------------------------------------------------------------|
	|    Copyright (C) 2011-2020 (DRIP, DROP)
	|-----------------------------------------------------------------|
	|    Build Version  => 4.75.0 multi mode
	|    Build JVM (TM) => 1.8.0_112
	|    Build Snap     => Sat Apr 26 17:17:02 EST 2020
	|    Start Time     => Mon Apr 27 08:31:56 EDT 2020
	|    Setup Time     => Mon Apr 27 08:31:57 EDT 2020
	|    Setup Duration => 1 s 255 ms
	|-----------------------------------------------------------------|

	||-------------------------------------------------------------------------------------------------------------||
	||                               2.1 CREDIT QUALIFYING BUCKETS RISK WEIGHT                                     ||
	||-------------------------------------------------------------------------------------------------------------||
	||                                                                                                             ||
	||        L -> R:                                                                                              ||
	||                - Bucket Number                                                                              ||
	||                - Bucket Quality                                                                             ||
	||                - Bucket Risk Weight                                                                         ||
	||                - Bucket Sector                                                                              ||
	||-------------------------------------------------------------------------------------------------------------
	||-01 | UNSPECIFIED |  187 | {RESIDUAL ,}
	|| 01 | IG |  069 | {SOVEREIGN ,CENTRAL_BANK ,}
	|| 02 | IG |  107 | {FINANCIAL ,GOVERNMENT_BACKED_FINANCIAL ,}
	|| 03 | IG |  072 | {BASIC_MATERIALS ,ENERGY ,INDUSTRIALS ,}
	|| 04 | IG |  055 | {CONSUMER ,}
	|| 05 | IG |  048 | {TECHNOLOGY ,MEDIA ,TELECOMMUNICATIONS ,}
	|| 06 | IG |  041 | {NON_FINANCIAL ,HEALTH_CARE ,UTILITIES ,LOCAL_GOVERNMENT ,GOVERNMENT_BACKED_CORPORATES ,NON_FINANCIAL ,}
	|| 07 | HY |  166 | {BASIC_MATERIALS ,ENERGY ,INDUSTRIALS ,}
	|| 08 | HY |  187 | {FINANCIAL ,GOVERNMENT_BACKED_FINANCIAL ,}
	|| 09 | HY |  177 | {BASIC_MATERIALS ,ENERGY ,INDUSTRIALS ,}
	|| 10 | HY |  187 | {CONSUMER ,}
	|| 11 | HY |  129 | {TECHNOLOGY ,MEDIA ,TELECOMMUNICATIONS ,}
	|| 12 | HY |  136 | {NON_FINANCIAL ,HEALTH_CARE ,UTILITIES ,LOCAL_GOVERNMENT ,GOVERNMENT_BACKED_CORPORATES ,NON_FINANCIAL ,}
	||-------------------------------------------------------------------------------------------------------------||

	||----------------------------------------------------------------||
	||                  CREDIT QUALIFYING SYSTEMICS                   ||
	||----------------------------------------------------------------||
	|| Residual Bucket Risk Weight                         =>  187.00 ||
	|| Vega Risk Wight                                     =>  000.27 ||
	|| Base Correlation Risk Weight                        =>  019.00 ||
	|| Cross Base Correlation Index Correlation            =>  000.05 ||
	|| Non-Residual Same Issuer/Seniority Correlation      =>  000.96 ||
	|| Non-Residual Different Issuer/Seniority Correlation =>  000.39 ||
	|| Residual Same Issuer/Seniority Correlation          =>  000.50 ||
	|| Residual Different Issuer/Seniority Correlation     =>  000.50 ||
	||----------------------------------------------------------------||

	||------------------------------------------------------------------------------------------||
	||                             CROSS BUCKET TENOR CORRELATION                               ||
	||------------------------------------------------------------------------------------------||
	||        1     2     3     4     5     6     7     8     9     10     11     12   ||
	||------------------------------------------------------------------------------------------||
	|| 1    100%   038%   036%   036%   039%   035%   034%   032%   034%   033%   034%   031%  ||
	|| 2    038%   100%   041%   041%   043%   040%   029%   038%   038%   038%   038%   034%  ||
	|| 3    036%   041%   100%   041%   042%   039%   030%   034%   039%   037%   038%   035%  ||
	|| 4    036%   041%   041%   100%   043%   040%   028%   033%   037%   038%   038%   034%  ||
	|| 5    039%   043%   042%   043%   100%   042%   031%   035%   038%   039%   041%   036%  ||
	|| 6    035%   040%   039%   040%   042%   100%   027%   032%   034%   035%   036%   033%  ||
	|| 7    034%   029%   030%   028%   031%   027%   100%   024%   028%   027%   027%   026%  ||
	|| 8    032%   038%   034%   033%   035%   032%   024%   100%   033%   032%   032%   029%  ||
	|| 9    034%   038%   039%   037%   038%   034%   028%   033%   100%   035%   035%   033%  ||
	|| 10    033%   038%   037%   038%   039%   035%   027%   032%   035%   100%   036%   032%  ||
	|| 11    034%   038%   038%   038%   041%   036%   027%   032%   035%   036%   100%   033%  ||
	|| 12    031%   034%   035%   034%   036%   033%   026%   029%   033%   032%   033%   100%  ||
	||------------------------------------------------------------------------------------------||


	|-----------------------------------------------------------------|
	|    Copyright (C) 2011-2020 (DRIP, DROP)
	|-----------------------------------------------------------------|
	|    Build Version  => 4.75.0 multi mode
	|    Build JVM (TM) => 1.8.0_112
	|    Build Snap     => Sat Apr 26 17:17:02 EST 2020
	|    Start Time     => Mon Apr 27 08:31:56 EDT 2020
	|    Setup Time     => Mon Apr 27 08:31:57 EDT 2020
	|    Finish Time    => Mon Apr 27 08:31:57 EDT 2020
	|    Setup Duration => 1 s 255 ms
	|    Run Duration   => 175 ms
	|-----------------------------------------------------------------|

