
	|-----------------------------------------------------------------|
	|    Copyright (C) 2011-2020 (DRIP, DROP)
	|-----------------------------------------------------------------|
	|    Build Version  => 4.65.0 multi mode
	|    Build JVM (TM) => 1.8.0_112
	|    Build Snap     => Fri Jan 24 23:32:00 EST 2020
	|    Start Time     => Sun Jan 26 21:27:43 EST 2020
	|    Setup Time     => Sun Jan 26 21:27:44 EST 2020
	|    Setup Duration => 1 s 195 ms
	|-----------------------------------------------------------------|



	|------------------------------------------------------------------------------------------------||
	|                                  CROSS ASSET COVARIANCE MATRIX                                 ||
	|------------------------------------------------------------------------------------------------||
	|     |    TOK     |    EWJ     |    HYG     |    LQD     |    EMD     |    GSG     |    BWX     ||
	|------------------------------------------------------------------------------------------------||
	| TOK | 0.00273300 | 0.00208300 | 0.00159300 | 0.00048800 | 0.00117200 | 0.00231200 | 0.00071000 ||
	| EWJ | 0.00208300 | 0.00276800 | 0.00130200 | 0.00045700 | 0.00110500 | 0.00164700 | 0.00056300 ||
	| HYG | 0.00159300 | 0.00130200 | 0.00146300 | 0.00063900 | 0.00105000 | 0.00111000 | 0.00051900 ||
	| LQD | 0.00048800 | 0.00045700 | 0.00063900 | 0.00060800 | 0.00066300 | 0.00004200 | 0.00037000 ||
	| EMD | 0.00117200 | 0.00110500 | 0.00105000 | 0.00066300 | 0.00138900 | 0.00082500 | 0.00066100 ||
	| GSG | 0.00231200 | 0.00164700 | 0.00111000 | 0.00004200 | 0.00082500 | 0.00521100 | 0.00074900 ||
	| BWX | 0.00071000 | 0.00056300 | 0.00051900 | 0.00037000 | 0.00066100 | 0.00074900 | 0.00070300 ||
	|------------------------------------------------------------------------------------------------||


	|-------------------||
	|   ASSET BOUNDS    ||
	|-------------------||
	| TOK |  05% |  40% ||
	| EWJ |  05% |  40% ||
	| HYG |  05% |  30% ||
	| LQD |  10% |  60% ||
	| EMD |  05% |  35% ||
	| GSG |  05% |  15% ||
	| BWX |  03% |  50% ||
	|-------------------||


	|--------------------------------------------||
	|  INTERIOR POINT METHOD BARRIER PARAMETERS  ||
	|--------------------------------------------||
	|    Barrier Decay Velocity        : 2.0
	|    Barrier Decay Steps           : 70
	|    Initial Barrier Strength      : 10000.0
	|    Barrier Convergence Tolerance : 0.05
	|--------------------------------------------||




	|-----------------------------------------------------------------------------------------------||
	|                     GLOBAL MINIMUM VARIANCE AND MAXIMUM RETURNS PORTFOLIOS                    ||
	|-----------------------------------------------------------------------------------------------||
	| RETURNS | RISK % |   TOK    |   EWJ    |   HYG    |   LQD    |   EMD    |   GSG    |   BWX    ||
	|-----------------------------------------------------------------------------------------------||
	| 0.3384% | 2.4242 |  005.00% |  005.00% |  005.00% |  051.73% |  005.00% |  005.00% |  023.27% ||
	| 0.7612% | 4.7699 |  040.00% |  040.00% |  015.00% |  005.00% |  000.00% |  000.00% |  000.00% ||
	|-----------------------------------------------------------------------------------------------||



	|-----------------------------------------------------------------------------------------------||
	|         EFFICIENT FRONTIER: PORTFOLIO RISK & RETURNS + CORRESPONDING ASSET ALLOCATION         ||
	|-----------------------------------------------------------------------------------------------||
	| RETURNS | RISK % |   TOK    |   EWJ    |   HYG    |   LQD    |   EMD    |   GSG    |   BWX    ||
	|-----------------------------------------------------------------------------------------------||
	| 0.3384% | 2.4242 |  005.00% |  005.00% |  005.00% |  051.73% |  005.00% |  005.00% |  023.27% ||
	| 0.3596% | 2.4610 |  005.00% |  005.06% |  005.00% |  060.00% |  005.00% |  007.60% |  012.34% ||
	| 0.3807% | 2.5191 |  005.00% |  006.91% |  006.46% |  060.00% |  005.00% |  008.34% |  008.28% ||
	| 0.4019% | 2.5838 |  005.78% |  007.38% |  008.88% |  060.00% |  005.00% |  008.68% |  004.28% ||
	| 0.4230% | 2.6557 |  008.19% |  007.37% |  010.88% |  057.32% |  005.00% |  008.24% |  003.00% ||
	| 0.4441% | 2.7348 |  009.22% |  007.59% |  015.00% |  052.41% |  005.00% |  007.78% |  003.00% ||
	| 0.4653% | 2.8196 |  010.25% |  007.81% |  019.11% |  047.50% |  005.00% |  007.32% |  003.00% ||
	| 0.4864% | 2.9095 |  011.29% |  008.04% |  023.23% |  042.59% |  005.00% |  006.86% |  003.00% ||
	| 0.5076% | 3.0041 |  012.32% |  008.26% |  027.34% |  037.68% |  005.00% |  006.40% |  003.00% ||
	| 0.5287% | 3.1031 |  014.33% |  008.54% |  030.00% |  033.27% |  005.00% |  005.86% |  003.00% ||
	| 0.5498% | 3.2076 |  018.12% |  008.93% |  030.00% |  029.77% |  005.00% |  005.18% |  003.00% ||
	| 0.5710% | 3.3176 |  021.53% |  009.33% |  030.00% |  026.14% |  005.00% |  005.00% |  003.00% ||
	| 0.5921% | 3.4330 |  024.80% |  009.75% |  030.00% |  022.45% |  005.00% |  005.00% |  003.00% ||
	| 0.6133% | 3.5532 |  028.07% |  010.16% |  030.00% |  018.77% |  005.00% |  005.00% |  003.00% ||
	| 0.6344% | 3.6778 |  031.35% |  010.57% |  030.00% |  015.08% |  005.00% |  005.00% |  003.00% ||
	| 0.6555% | 3.8063 |  034.62% |  010.99% |  030.00% |  011.39% |  005.00% |  005.00% |  003.00% ||
	| 0.6767% | 3.9823 |  040.00% |  017.47% |  019.53% |  010.00% |  005.00% |  005.00% |  003.00% ||
	| 0.7612% | 4.7699 |  040.00% |  040.00% |  015.00% |  005.00% |  000.00% |  000.00% |  000.00% ||
	|-----------------------------------------------------------------------------------------------||



	|-----------------------------------------------------------------|
	|    Copyright (C) 2011-2020 (DRIP, DROP)
	|-----------------------------------------------------------------|
	|    Build Version  => 4.65.0 multi mode
	|    Build JVM (TM) => 1.8.0_112
	|    Build Snap     => Fri Jan 24 23:32:00 EST 2020
	|    Start Time     => Sun Jan 26 21:27:43 EST 2020
	|    Setup Time     => Sun Jan 26 21:27:44 EST 2020
	|    Finish Time    => Sun Jan 26 21:27:45 EST 2020
	|    Setup Duration => 1 s 195 ms
	|    Run Duration   => 1 s 390 ms
	|-----------------------------------------------------------------|

