
	|-----------------------------------------------------------------|
	|    Copyright (C) 2011-2018 (DRIP)
	|-----------------------------------------------------------------|
	|    Build Version  => 3.92.0 multi mode
	|    Build JVM (TM) => 1.8.0_112
	|    Build Snap     => Sun Dec 12 21:15:06 EST 2018
	|    Start Time     => Wed Dec 12 23:46:09 EST 2018
	|    Setup Time     => Wed Dec 12 23:46:09 EST 2018
	|    Setup Duration => 415 ms
	|-----------------------------------------------------------------|


	|------------------------------------------------------------------------------------------------------||
	|                                          CO-VARIANCE MATRIX                                          ||
	|------------------------------------------------------------------------------------------------------||
	| US Bonds             |  0.0014 |  0.0015 | -0.0008 | -0.0017 | -0.0010 | -0.0007 | -0.0015 | -0.0006 ||
	| Global Bonds xUSD    |  0.0015 |  0.0076 |  0.0026 | -0.0006 | -0.0013 | -0.0003 | -0.0002 |  0.0005 ||
	| World Equity xUS     | -0.0008 |  0.0026 |  0.0251 |  0.0292 |  0.0208 |  0.0147 |  0.0248 |  0.0134 ||
	| Emerging Equity      | -0.0017 | -0.0006 |  0.0292 |  0.0663 |  0.0359 |  0.0244 |  0.0490 |  0.0268 ||
	| US Large Cap Growth  | -0.0010 | -0.0013 |  0.0208 |  0.0359 |  0.0468 |  0.0283 |  0.0520 |  0.0260 ||
	| US Large Cap Value   | -0.0007 | -0.0003 |  0.0147 |  0.0244 |  0.0283 |  0.0252 |  0.0314 |  0.0215 ||
	| US Small Cap Growth  | -0.0015 | -0.0002 |  0.0248 |  0.0490 |  0.0520 |  0.0314 |  0.0809 |  0.0411 ||
	| US Small Cap Value   | -0.0006 |  0.0005 |  0.0134 |  0.0268 |  0.0260 |  0.0215 |  0.0411 |  0.0276 ||
	|------------------------------------------------------------------------------------------------------||

	||-------------------------------------------------------------||
	||         MARKET CAPITALIZATION AND EQUILIBRIUM WEIGHTS       ||
	||-------------------------------------------------------------||
	||     ASSET CLASS      =>  CAPITALIZATION |  OUTPUT |  PAPER  ||
	||-------------------------------------------------------------||
	|| US Bonds             =>  08360741000000 |  20.16% |  20.16% ||
	|| Global Bonds xUSD    =>  11583275710000 |  27.93% |  27.93% ||
	|| World Equity xUS     =>  09212460000000 |  22.21% |  22.21% ||
	|| Emerging Equity      =>  00964647000000 |  02.33% |  02.33% ||
	|| US Large Cap Growth  =>  05217844438500 |  12.58% |  12.58% ||
	|| US Large Cap Value   =>  05217844438500 |  12.58% |  12.58% ||
	|| US Small Cap Growth  =>  00459897061500 |  01.11% |  01.11% ||
	|| US Small Cap Value   =>  00459897061500 |  01.11% |  01.11% ||
	||-------------------------------------------------------------||

	||-------------------------------------------||
	||         RISK PREMIUM IMPLIED RETURNS      ||
	||-------------------------------------------||
	||     ASSET CLASS      =>  OUTPUT |  PAPER  ||
	||-------------------------------------------||
	|| US Bonds             =>  00.08% |  00.08% ||
	|| Global Bonds xUSD    =>  00.94% |  00.94% ||
	|| World Equity xUS     =>  03.95% |  03.95% ||
	|| Emerging Equity      =>  05.37% |  05.37% ||
	|| US Large Cap Growth  =>  05.12% |  05.13% ||
	|| US Large Cap Value   =>  03.68% |  03.68% ||
	|| US Small Cap Growth  =>  06.11% |  06.12% ||
	|| US Small Cap Value   =>  03.49% |  03.49% ||
	||-------------------------------------------||


	|-----------------------------------------------------------------|
	|    Copyright (C) 2011-2018 (DRIP)
	|-----------------------------------------------------------------|
	|    Build Version  => 3.92.0 multi mode
	|    Build JVM (TM) => 1.8.0_112
	|    Build Snap     => Sun Dec 12 21:15:06 EST 2018
	|    Start Time     => Wed Dec 12 23:46:09 EST 2018
	|    Setup Time     => Wed Dec 12 23:46:09 EST 2018
	|    Finish Time    => Wed Dec 12 23:46:09 EST 2018
	|    Setup Duration => 415 ms
	|    Run Duration   => 56 ms
	|-----------------------------------------------------------------|

