
	|-----------------------------------------------------------------|
	|    Copyright (C) 2011-2020 (DRIP, DROP)
	|-----------------------------------------------------------------|
	|    Build Version  => 4.57.0 multi mode
	|    Build JVM (TM) => 1.8.0_112
	|    Build Snap     => Sun Dec 29 11:10:11 EST 2019
	|    Start Time     => Mon Dec 30 04:58:01 EST 2019
	|    Setup Time     => Mon Dec 30 04:58:03 EST 2019
	|    Setup Duration => 1 s 208 ms
	|-----------------------------------------------------------------|


	|------------------------||
	| TAU   =>  0.30000000   ||
	| DELTA =>  1.25000000   ||
	|------------------------||

	||-------------------------------------------||
	||    MARKET CAPITALIZATION RECONCILER #1    ||
	||-------------------------------------------||
	||           SECTOR         =>  WT. |  PAPER ||
	||-------------------------------------------||
	|| AGRO & FOOD INDUSTRY     =>  07% |   07%  ||
	|| CONSUMER PRODUCTS        =>  01% |   01%  ||
	|| FINANCIALS               =>  20% |   20%  ||
	|| INDUSTRIALS              =>  11% |   11%  ||
	|| PROPERTY & CONSTRUCTION  =>  14% |   14%  ||
	|| RESOURCES                =>  29% |   29%  ||
	|| SERVICES                 =>  05% |   05%  ||
	|| TECHNOLOGY               =>  12% |   12%  ||
	||-------------------------------------------||

	||----------------------------------------------||
	||      MARKET CAPITALIZATION RECONCILER #2     ||
	||----------------------------------------------||
	||           SECTOR         => WEIGHT |  PAPER  ||
	||----------------------------------------------||
	|| ZRR3Y                    =>  50.0% |  50.0%  ||
	|| AGRO & FOOD INDUSTRY     =>  03.6% |  03.6%  ||
	|| CONSUMER PRODUCTS        =>  00.5% |  00.5%  ||
	|| FINANCIALS               =>  10.2% |  10.2%  ||
	|| INDUSTRIALS              =>  05.6% |  05.6%  ||
	|| PROPERTY & CONSTRUCTION  =>  06.8% |  06.8%  ||
	|| RESOURCES                =>  14.7% |  14.7%  ||
	|| SERVICES                 =>  02.7% |  02.7%  ||
	|| TECHNOLOGY               =>  05.9% |  05.9%  ||
	||----------------------------------------------||

	||----------------------------------------------||
	||             IMPLIED EXCESS RETURN            ||
	||----------------------------------------------||
	||           SECTOR         => RETURN |  PAPER  ||
	||----------------------------------------------||
	|| ZRR3Y                    =>  0.02% |  0.01%  ||
	|| AGRO & FOOD INDUSTRY     =>  2.53% |  2.21%  ||
	|| CONSUMER PRODUCTS        =>  1.04% |  0.96%  ||
	|| FINANCIALS               =>  3.67% |  3.12%  ||
	|| INDUSTRIALS              =>  4.50% |  3.97%  ||
	|| PROPERTY & CONSTRUCTION  =>  4.10% |  3.61%  ||
	|| RESOURCES                =>  4.37% |  3.50%  ||
	|| SERVICES                 =>  3.15% |  2.80%  ||
	|| TECHNOLOGY               =>  2.68% |  2.44%  ||
	||----------------------------------------------||

	||----------------------------------------------||
	||             IMPLIED MARKET RETURN            ||
	||----------------------------------------------||
	||           SECTOR         => RETURN |  PAPER  ||
	||----------------------------------------------||
	|| ZRR3Y                    =>  3.02% |  3.01%  ||
	|| AGRO & FOOD INDUSTRY     =>  5.53% |  5.21%  ||
	|| CONSUMER PRODUCTS        =>  4.04% |  3.96%  ||
	|| FINANCIALS               =>  6.67% |  6.12%  ||
	|| INDUSTRIALS              =>  7.50% |  6.97%  ||
	|| PROPERTY & CONSTRUCTION  =>  7.10% |  6.61%  ||
	|| RESOURCES                =>  7.37% |  6.50%  ||
	|| SERVICES                 =>  6.15% |  5.80%  ||
	|| TECHNOLOGY               =>  5.68% |  5.44%  ||
	||----------------------------------------------||


	|------------------------------------------------------------------------------------------------||
	|                           PRIOR CROSS ASSET COVARIANCE MATRIX                                  ||
	|------------------------------------------------------------------------------------------------||
	|     |    ZRR3Y                        |    AGRO & FOOD INDUSTRY         |    CONSUMER PRODUCTS            |    FINANCIALS                   |    INDUSTRIALS                  |    PROPERTY & CONSTRUCTION      |    RESOURCES                    |    SERVICES                     |    TECHNOLOGY                   ||
	|------------------------------------------------------------------------------------------------||
	| ZRR3Y                    | 0.00130000 |-0.00100000 |-0.00050000 |-0.00090000 |-0.00190000 |-0.00040000 |-0.00140000 |-0.00080000 |-0.00060000 ||
	| AGRO & FOOD INDUSTRY     |-0.00100000 | 0.03910000 | 0.01580000 | 0.03980000 | 0.04960000 | 0.04620000 | 0.04540000 | 0.03700000 | 0.02650000 ||
	| CONSUMER PRODUCTS        |-0.00050000 | 0.01580000 | 0.01180000 | 0.01500000 | 0.02030000 | 0.02040000 | 0.01910000 | 0.01610000 | 0.01110000 ||
	| FINANCIALS               |-0.00090000 | 0.03980000 | 0.01500000 | 0.06830000 | 0.06960000 | 0.06670000 | 0.06230000 | 0.04890000 | 0.04030000 ||
	| INDUSTRIALS              |-0.00190000 | 0.04960000 | 0.02030000 | 0.06960000 | 0.10290000 | 0.08090000 | 0.08290000 | 0.06290000 | 0.04710000 ||
	| PROPERTY & CONSTRUCTION  |-0.00040000 | 0.04620000 | 0.02040000 | 0.06670000 | 0.08090000 | 0.07910000 | 0.06990000 | 0.05660000 | 0.04530000 ||
	| RESOURCES                |-0.00140000 | 0.04540000 | 0.01910000 | 0.06230000 | 0.08290000 | 0.06990000 | 0.09430000 | 0.05570000 | 0.04810000 ||
	| SERVICES                 |-0.00080000 | 0.03700000 | 0.01610000 | 0.04890000 | 0.06290000 | 0.05660000 | 0.05570000 | 0.05000000 | 0.03840000 ||
	| TECHNOLOGY               |-0.00060000 | 0.02650000 | 0.01110000 | 0.04030000 | 0.04710000 | 0.04530000 | 0.04810000 | 0.03840000 | 0.04730000 ||
	|------------------------------------------------------------------------------------------------||

	|------------------------------------------------------------------------------------------------||
	|                          VIEW SCOPING ASSET PROJECTION LOADING                                 ||
	|------------------------------------------------------------------------------------------------||
	|     |    ZRR3Y                        |    AGRO & FOOD INDUSTRY         |    CONSUMER PRODUCTS            |    FINANCIALS                   |    INDUSTRIALS                  |    PROPERTY & CONSTRUCTION      |    RESOURCES                    |    SERVICES                     |    TECHNOLOGY                   ||
	|------------------------------------------------------------------------------------------------||
	|  #0 | 1.00000000 | 0.00000000 | 0.00000000 | 0.00000000 | 0.00000000 | 0.00000000 | 0.00000000 | 0.00000000 | 0.00000000 ||
	|  #1 | 0.00000000 | 0.00000000 |-1.00000000 | 0.00000000 | 0.00000000 | 0.00000000 | 1.00000000 | 0.00000000 | 0.00000000 ||
	|  #2 | 0.00000000 | 0.00000000 | 0.00000000 |-0.41000000 | 0.49000000 | 0.00000000 |-0.59000000 | 0.00000000 | 0.51000000 ||
	|------------------------------------------------------------------------------------------------||

	|------------------------------------------------------------------------------------------------||
	|------------------------------------------------------------------------------------------------||
	|  #0 | 0.00130000 | 0.00000000 | 0.00000000 | 0.00%
	|  #1 | 0.00000000 | 0.06790000 | 0.00000000 | 2.00%
	|  #2 | 0.00000000 | 0.00000000 | 0.01320000 | 0.10%
	|------------------------------------------------------------------------------------------------||
	|------------------------------------------------------------------------------------------------||

	|------------------------------------------------------------------------------------------------||
	|                           JOINT CROSS ASSET COVARIANCE MATRIX                                  ||
	|------------------------------------------------------------------------------------------------||
	|     |    ZRR3Y                        |    AGRO & FOOD INDUSTRY         |    CONSUMER PRODUCTS            |    FINANCIALS                   |    INDUSTRIALS                  |    PROPERTY & CONSTRUCTION      |    RESOURCES                    |    SERVICES                     |    TECHNOLOGY                   ||
	|------------------------------------------------------------------------------------------------||
	| ZRR3Y                    | 0.00029949 |-0.00021133 |-0.00011080 |-0.00017712 |-0.00039447 |-0.00005860 |-0.00027445 |-0.00015695 |-0.00011098 ||
	| AGRO & FOOD INDUSTRY     |-0.00021133 | 0.01071329 | 0.00446649 | 0.01031538 | 0.01290781 | 0.01228319 | 0.01103930 | 0.00985959 | 0.00689340 ||
	| CONSUMER PRODUCTS        |-0.00011080 | 0.00446649 | 0.00346213 | 0.00406792 | 0.00558053 | 0.00571840 | 0.00504411 | 0.00451329 | 0.00307391 ||
	| FINANCIALS               |-0.00017712 | 0.01031538 | 0.00406792 | 0.01785365 | 0.01779197 | 0.01746937 | 0.01450128 | 0.01270784 | 0.01045530 ||
	| INDUSTRIALS              |-0.00039447 | 0.01290781 | 0.00558053 | 0.01779197 | 0.02671891 | 0.02108783 | 0.01996331 | 0.01628064 | 0.01172422 ||
	| PROPERTY & CONSTRUCTION  |-0.00005860 | 0.01228319 | 0.00571840 | 0.01746937 | 0.02108783 | 0.02116514 | 0.01693183 | 0.01496133 | 0.01179089 ||
	| RESOURCES                |-0.00027445 | 0.01103930 | 0.00504411 | 0.01450128 | 0.01996331 | 0.01693183 | 0.02163477 | 0.01359168 | 0.01183111 ||
	| SERVICES                 |-0.00015695 | 0.00985959 | 0.00451329 | 0.01270784 | 0.01628064 | 0.01496133 | 0.01359168 | 0.01337462 | 0.01002153 ||
	| TECHNOLOGY               |-0.00011098 | 0.00689340 | 0.00307391 | 0.01045530 | 0.01172422 | 0.01179089 | 0.01183111 | 0.01002153 | 0.01269331 ||
	|------------------------------------------------------------------------------------------------||

	|------------------------------------------------------------------------------------------------||
	|                         POSTERIOR CROSS ASSET COVARIANCE MATRIX                                ||
	|------------------------------------------------------------------------------------------------||
	|     |    ZRR3Y                        |    AGRO & FOOD INDUSTRY         |    CONSUMER PRODUCTS            |    FINANCIALS                   |    INDUSTRIALS                  |    PROPERTY & CONSTRUCTION      |    RESOURCES                    |    SERVICES                     |    TECHNOLOGY                   ||
	|------------------------------------------------------------------------------------------------||
	| ZRR3Y                    | 0.00159949 |-0.00121133 |-0.00061080 |-0.00107712 |-0.00229447 |-0.00045860 |-0.00167445 |-0.00095695 |-0.00071098 ||
	| AGRO & FOOD INDUSTRY     |-0.00121133 | 0.04981329 | 0.02026649 | 0.05011538 | 0.06250781 | 0.05848319 | 0.05643930 | 0.04685959 | 0.03339340 ||
	| CONSUMER PRODUCTS        |-0.00061080 | 0.02026649 | 0.01526213 | 0.01906792 | 0.02588053 | 0.02611840 | 0.02414411 | 0.02061329 | 0.01417391 ||
	| FINANCIALS               |-0.00107712 | 0.05011538 | 0.01906792 | 0.08615365 | 0.08739197 | 0.08416937 | 0.07680128 | 0.06160784 | 0.05075530 ||
	| INDUSTRIALS              |-0.00229447 | 0.06250781 | 0.02588053 | 0.08739197 | 0.12961891 | 0.10198783 | 0.10286331 | 0.07918064 | 0.05882422 ||
	| PROPERTY & CONSTRUCTION  |-0.00045860 | 0.05848319 | 0.02611840 | 0.08416937 | 0.10198783 | 0.10026514 | 0.08683183 | 0.07156133 | 0.05709089 ||
	| RESOURCES                |-0.00167445 | 0.05643930 | 0.02414411 | 0.07680128 | 0.10286331 | 0.08683183 | 0.11593477 | 0.06929168 | 0.05993111 ||
	| SERVICES                 |-0.00095695 | 0.04685959 | 0.02061329 | 0.06160784 | 0.07918064 | 0.07156133 | 0.06929168 | 0.06337462 | 0.04842153 ||
	| TECHNOLOGY               |-0.00071098 | 0.03339340 | 0.01417391 | 0.05075530 | 0.05882422 | 0.05709089 | 0.05993111 | 0.04842153 | 0.05999331 ||
	|------------------------------------------------------------------------------------------------||

	|------------------------||
	| JOINT/POSTERIOR RETURN ||
	|------------------------||
	|   ID  => RIOC  | HL99  ||
	|------------------------||
	| [ZRR3Y                   ] => 02.32% | 03.36% ||
	| [AGRO & FOOD INDUSTRY    ] => 05.85% | 03.33% ||
	| [CONSUMER PRODUCTS       ] => 04.25% | 03.15% ||
	| [FINANCIALS              ] => 06.79% | 06.14% ||
	| [INDUSTRIALS             ] => 08.13% | 05.62% ||
	| [PROPERTY & CONSTRUCTION ] => 06.97% | 05.68% ||
	| [RESOURCES               ] => 07.55% | 05.77% ||
	| [SERVICES                ] => 06.33% | 06.08% ||
	|------------------------||

	|-----------------------------------------------------------------|
	|    Copyright (C) 2011-2020 (DRIP, DROP)
	|-----------------------------------------------------------------|
	|    Build Version  => 4.57.0 multi mode
	|    Build JVM (TM) => 1.8.0_112
	|    Build Snap     => Sun Dec 29 11:10:11 EST 2019
	|    Start Time     => Mon Dec 30 04:58:01 EST 2019
	|    Setup Time     => Mon Dec 30 04:58:03 EST 2019
	|    Finish Time    => Mon Dec 30 04:58:03 EST 2019
	|    Setup Duration => 1 s 208 ms
	|    Run Duration   => 228 ms
	|-----------------------------------------------------------------|

