
	|-----------------------------------------------------------------|
	|    Copyright (C) 2011-2020 (DRIP, DROP)
	|-----------------------------------------------------------------|
	|    Build Version  => 4.57.0 multi mode
	|    Build JVM (TM) => 1.8.0_112
	|    Build Snap     => Sun Dec 29 11:10:11 EST 2019
	|    Start Time     => Mon Dec 30 04:58:24 EST 2019
	|    Setup Time     => Mon Dec 30 04:58:25 EST 2019
	|    Setup Duration => 1 s 203 ms
	|-----------------------------------------------------------------|


	|-------------------------||
	| TAU            => 1.00  ||
	| RISK AVERSION  => 2.60  ||
	| RISK FREE RATE => 0.00% ||
	|-------------------------||

	|----------------------------------------------------------------------------------------||
	|                       PRIOR CROSS ASSET COVARIANCE MATRIX                              ||
	|----------------------------------------------------------------------------------------||
	|    ID    |  ASSET A   |  ASSET B   |  ASSET C   |  ASSET D   |  ASSET E   |  ASSET F   ||
	|----------------------------------------------------------------------------------------||
	| ASSET A  | 0.00273000 | 0.00208000 | 0.00159000 | 0.00049000 | 0.00117000 | 0.00071000 ||
	| ASSET B  | 0.00208000 | 0.00277000 | 0.00130000 | 0.00046000 | 0.00111000 | 0.00056000 ||
	| ASSET C  | 0.00159000 | 0.00130000 | 0.00146000 | 0.00064000 | 0.00105000 | 0.00052000 ||
	| ASSET D  | 0.00049000 | 0.00046000 | 0.00064000 | 0.00061000 | 0.00066000 | 0.00037000 ||
	| ASSET E  | 0.00117000 | 0.00111000 | 0.00105000 | 0.00066000 | 0.00139000 | 0.00066000 ||
	| ASSET F  | 0.00071000 | 0.00056000 | 0.00052000 | 0.00037000 | 0.00066000 | 0.00070000 ||
	|----------------------------------------------------------------------------------------||

	|-----------------------------------------------------------------------------------||
	|                    VIEW SCOPING ASSET PROJECTION LOADING                          ||
	|-----------------------------------------------------------------------------------||
	|     |  ASSET A   |  ASSET B   |  ASSET C   |  ASSET D   |  ASSET E   |  ASSET F   ||
	|-----------------------------------------------------------------------------------||
	|  #0 | 0.00000000 | 0.00000000 |-1.00000000 | 0.00000000 | 1.00000000 | 0.00000000 ||
	|  #1 | 0.00000000 | 1.00000000 | 0.00000000 | 0.00000000 |-1.00000000 | 0.00000000 ||
	|  #2 |-1.00000000 | 1.00000000 | 1.00000000 | 0.00000000 | 0.00000000 |-1.00000000 ||
	|-----------------------------------------------------------------------------------||

	|----------------------------------------------------||
	|  #0 | 0.00075000 |-0.00053000 |-0.00033000 | 0.02% ||
	|  #1 |-0.00053000 | 0.00195000 | 0.00110000 | 0.03% ||
	|  #2 |-0.00033000 | 0.00110000 | 0.00217000 | 0.01% ||
	|----------------------------------------------------||

	|----------------------------------------------------------------------------------------||
	|                       JOINT CROSS ASSET COVARIANCE MATRIX                              ||
	|----------------------------------------------------------------------------------------||
	|    ID    |  ASSET A   |  ASSET B   |  ASSET C   |  ASSET D   |  ASSET E   |  ASSET F   ||
	|----------------------------------------------------------------------------------------||
	| ASSET A  | 0.00246525 | 0.00177615 | 0.00152944 | 0.00056495 | 0.00131991 | 0.00072414 ||
	| ASSET B  | 0.00177615 | 0.00192356 | 0.00118739 | 0.00049592 | 0.00109158 | 0.00062173 ||
	| ASSET C  | 0.00152944 | 0.00118739 | 0.00126869 | 0.00058710 | 0.00106289 | 0.00060106 ||
	| ASSET D  | 0.00056495 | 0.00049592 | 0.00058710 | 0.00055889 | 0.00059653 | 0.00039852 ||
	| ASSET E  | 0.00131991 | 0.00109158 | 0.00106289 | 0.00059653 | 0.00123209 | 0.00067149 ||
	| ASSET F  | 0.00072414 | 0.00062173 | 0.00060106 | 0.00039852 | 0.00067149 | 0.00066366 ||
	|----------------------------------------------------------------------------------------||

	|----------------------------------------------------------------------------------------||
	|                     POSTERIOR CROSS ASSET COVARIANCE MATRIX                            ||
	|----------------------------------------------------------------------------------------||
	|    ID    |  ASSET A   |  ASSET B   |  ASSET C   |  ASSET D   |  ASSET E   |  ASSET F   ||
	|----------------------------------------------------------------------------------------||
	| ASSET A  | 0.00519525 | 0.00385615 | 0.00311944 | 0.00105495 | 0.00248991 | 0.00143414 ||
	| ASSET B  | 0.00385615 | 0.00469356 | 0.00248739 | 0.00095592 | 0.00220158 | 0.00118173 ||
	| ASSET C  | 0.00311944 | 0.00248739 | 0.00272869 | 0.00122710 | 0.00211289 | 0.00112106 ||
	| ASSET D  | 0.00105495 | 0.00095592 | 0.00122710 | 0.00116889 | 0.00125653 | 0.00076852 ||
	| ASSET E  | 0.00248991 | 0.00220158 | 0.00211289 | 0.00125653 | 0.00262209 | 0.00133149 ||
	| ASSET F  | 0.00143414 | 0.00118173 | 0.00112106 | 0.00076852 | 0.00133149 | 0.00136366 ||
	|----------------------------------------------------------------------------------------||

	|---------------------------------||
	|      IMPLIED/PRIOR RETURN       ||
	|---------------------------------||
	|     ID     =>  RIOCEE |  YAMABE ||
	|---------------------------------||
	| [ASSET A ] => 0.3954% | 0.3954% ||
	| [ASSET B ] => 0.3542% | 0.3540% ||
	| [ASSET C ] => 0.2783% | 0.2782% ||
	| [ASSET D ] => 0.1302% | 0.1299% ||
	| [ASSET E ] => 0.2477% | 0.2476% ||
	| [ASSET F ] => 0.1593% | 0.1594% ||
	|---------------------------------||

	|---------------------------------||
	|     JOINT/POSTERIOR RETURN      ||
	|---------------------------------||
	|     ID     =>  RIOCEE |  YAMABE ||
	|---------------------------------||
	| [ASSET A ] => 0.3755% | 0.3755% ||
	| [ASSET B ] => 0.3242% | 0.3241% ||
	| [ASSET C ] => 0.2613% | 0.2612% ||
	| [ASSET D ] => 0.1307% | 0.1305% ||
	| [ASSET E ] => 0.2559% | 0.2559% ||
	| [ASSET F ] => 0.1660% | 0.1662% ||
	|---------------------------------||

	|-------------------------------------------||
	|     PRIOR/POSTERIOR/HISTORICAL RETURN     ||
	|-------------------------------------------||
	|     ID     =>  PRIOR  |   POST  |   HIST  ||
	|-------------------------------------------||
	| [ASSET A ] => 0.3954% | 0.3755% | 0.3559% ||
	| [ASSET B ] => 0.3542% | 0.3242% | 0.0469% ||
	| [ASSET C ] => 0.2783% | 0.2613% | 0.4053% ||
	| [ASSET D ] => 0.1302% | 0.1307% | 0.4527% ||
	| [ASSET E ] => 0.2477% | 0.2559% | 0.0904% ||
	| [ASSET F ] => 0.1593% | 0.1660% | 0.1581% ||
	|-------------------------------------------||


	|-----------------------------------------------------------------|
	|    Copyright (C) 2011-2020 (DRIP, DROP)
	|-----------------------------------------------------------------|
	|    Build Version  => 4.57.0 multi mode
	|    Build JVM (TM) => 1.8.0_112
	|    Build Snap     => Sun Dec 29 11:10:11 EST 2019
	|    Start Time     => Mon Dec 30 04:58:24 EST 2019
	|    Setup Time     => Mon Dec 30 04:58:25 EST 2019
	|    Finish Time    => Mon Dec 30 04:58:25 EST 2019
	|    Setup Duration => 1 s 203 ms
	|    Run Duration   => 202 ms
	|-----------------------------------------------------------------|

