
	|-----------------------------------------------------------------|
	|    Copyright (C) 2011-2019 (DRIP, DROP)
	|-----------------------------------------------------------------|
	|    Build Version  => 4.01.0 multi mode
	|    Build JVM (TM) => 1.8.0_112
	|    Build Snap     => Mon Jan 28 20:28:11 EST 2018
	|    Start Time     => Thu Jan 31 13:43:35 EST 2019
	|    Setup Time     => Thu Jan 31 13:43:36 EST 2019
	|    Setup Duration => 409 ms
	|-----------------------------------------------------------------|


	|---------------------------||
	| TAU            =>  0.0250 ||
	| RISK AVERSION  =>  3.0700 ||
	| RISK FREE RATE =>  3.0700 ||
	|---------------------------||

	|-----------------------------------------------------------------------------------------------------------------------------------------||
	|                                               PRIOR CROSS ASSET COVARIANCE MATRIX                                                       ||
	|-----------------------------------------------------------------------------------------------------------------------------------------||
	| US BONDS                        | 0.00100500 | 0.00132800 |-0.00057900 |-0.00067500 | 0.00012100 | 0.00012800 |-0.00044500 |-0.00043700 ||
	| INTERNATIONAL BONDS             | 0.00132800 | 0.00727700 |-0.00130700 |-0.00061000 |-0.00223700 |-0.00098900 | 0.00144200 |-0.00153500 ||
	| US LARGE GROWTH                 |-0.00057900 |-0.00130700 | 0.05958200 | 0.02758800 | 0.06349700 | 0.02303600 | 0.03296700 | 0.04803900 ||
	| US LARGE VALUE                  |-0.00067500 |-0.00061000 | 0.02758800 | 0.02960900 | 0.02657200 | 0.02146500 | 0.02069700 | 0.02985400 ||
	| US SMALL GROWTH                 | 0.00012100 |-0.00223700 | 0.06349700 | 0.02657200 | 0.10248800 | 0.04274400 | 0.03994300 | 0.06599400 ||
	| US SMALL VALUE                  | 0.00012800 |-0.00098900 | 0.02303600 | 0.02146500 | 0.04274400 | 0.03205600 | 0.01988100 | 0.03223500 ||
	| INTERNATIONAL DEVELOPED EQUITY  |-0.00044500 | 0.00144200 | 0.03296700 | 0.02069700 | 0.03994300 | 0.01988100 | 0.02835500 | 0.03506400 ||
	| INTERNATIONAL EMERGING EQUITY   |-0.00043700 |-0.00153500 | 0.04803900 | 0.02985400 | 0.06599400 | 0.03223500 | 0.03506400 | 0.07995800 ||
	|-----------------------------------------------------------------------------------------------------------------------------------------||

	|---------------------------------------------------------------------------------------------||
	|                         VIEW SCOPING ASSET PROJECTION LOADING                               ||
	|---------------------------------------------------------------------------------------------||
	|  #0 |  0.00000 |  0.00000 |  0.00000 |  0.00000 |  0.00000 |  0.00000 |  1.00000 |  0.00000 ||
	|  #1 | -1.00000 |  1.00000 |  0.00000 |  0.00000 |  0.00000 |  0.00000 |  0.00000 |  0.00000 ||
	|  #2 |  0.00000 |  0.00000 |  0.90000 | -0.90000 |  0.10000 | -0.10000 |  0.00000 |  0.00000 ||
	|---------------------------------------------------------------------------------------------||

	|----------------------------------------------||
	|  #0 | 0.000709 | 0.000000 | 0.000000 | 5.25% ||
	|  #1 | 0.000000 | 0.000141 | 0.000000 | 0.25% ||
	|  #2 | 0.000000 | 0.000000 | 0.000860 | 2.00% ||
	|----------------------------------------------||

	|-----------------------------------------------------------------------------------------------------------------------------------------||
	|                                               JOINT CROSS ASSET COVARIANCE MATRIX                                                       ||
	|-----------------------------------------------------------------------------------------------------------------------------------------||
	| US BONDS                        | 0.00002476 | 0.00002906 |-0.00000879 |-0.00001181 | 0.00001109 | 0.00000864 |-0.00000685 |-0.00000332 ||
	| INTERNATIONAL BONDS             | 0.00002906 | 0.00010314 |-0.00002563 |-0.00002115 |-0.00002805 |-0.00001427 | 0.00000663 |-0.00002901 ||
	| US LARGE GROWTH                 |-0.00000879 |-0.00002563 | 0.00076414 | 0.00044493 | 0.00070966 | 0.00030159 | 0.00035269 | 0.00057328 ||
	| US LARGE VALUE                  |-0.00001181 |-0.00002115 | 0.00044493 | 0.00053616 | 0.00036392 | 0.00034739 | 0.00027553 | 0.00044996 ||
	| US SMALL GROWTH                 | 0.00001109 |-0.00002805 | 0.00070966 | 0.00036392 | 0.00149500 | 0.00072973 | 0.00043233 | 0.00088513 ||
	| US SMALL VALUE                  | 0.00000864 |-0.00001427 | 0.00030159 | 0.00034739 | 0.00072973 | 0.00061809 | 0.00025805 | 0.00049953 ||
	| INTERNATIONAL DEVELOPED EQUITY  |-0.00000685 | 0.00000663 | 0.00035269 | 0.00027553 | 0.00043233 | 0.00025805 | 0.00033570 | 0.00041425 ||
	| INTERNATIONAL EMERGING EQUITY   |-0.00000332 |-0.00002901 | 0.00057328 | 0.00044996 | 0.00088513 | 0.00049953 | 0.00041425 | 0.00139586 ||
	|-----------------------------------------------------------------------------------------------------------------------------------------||

	|-----------------------------------------------------------------------------------------------------------------------------------------||
	|                                             POSTERIOR CROSS ASSET COVARIANCE MATRIX                                                     ||
	|-----------------------------------------------------------------------------------------------------------------------------------------||
	| US BONDS                        | 0.00102976 | 0.00135706 |-0.00058779 |-0.00068681 | 0.00013209 | 0.00013664 |-0.00045185 |-0.00044032 ||
	| INTERNATIONAL BONDS             | 0.00135706 | 0.00738014 |-0.00133263 |-0.00063115 |-0.00226505 |-0.00100327 | 0.00144863 |-0.00156401 ||
	| US LARGE GROWTH                 |-0.00058779 |-0.00133263 | 0.06034614 | 0.02803293 | 0.06420666 | 0.02333759 | 0.03331969 | 0.04861228 ||
	| US LARGE VALUE                  |-0.00068681 |-0.00063115 | 0.02803293 | 0.03014516 | 0.02693592 | 0.02181239 | 0.02097253 | 0.03030396 ||
	| US SMALL GROWTH                 | 0.00013209 |-0.00226505 | 0.06420666 | 0.02693592 | 0.10398300 | 0.04347373 | 0.04037533 | 0.06687913 ||
	| US SMALL VALUE                  | 0.00013664 |-0.00100327 | 0.02333759 | 0.02181239 | 0.04347373 | 0.03267409 | 0.02013905 | 0.03273453 ||
	| INTERNATIONAL DEVELOPED EQUITY  |-0.00045185 | 0.00144863 | 0.03331969 | 0.02097253 | 0.04037533 | 0.02013905 | 0.02869070 | 0.03547825 ||
	| INTERNATIONAL EMERGING EQUITY   |-0.00044032 |-0.00156401 | 0.04861228 | 0.03030396 | 0.06687913 | 0.03273453 | 0.03547825 | 0.08135386 ||
	|-----------------------------------------------------------------------------------------------------------------------------------------||

	|----------------------------------------------------||
	|               JOINT/POSTERIOR RETURN               ||
	|----------------------------------------------------||
	|                 ID                => DRIP  | IDZO  ||
	|----------------------------------------------------||
	| [US BONDS                       ] => 0.07% | 0.07% ||
	| [INTERNATIONAL BONDS            ] => 0.50% | 0.50% ||
	| [US LARGE GROWTH                ] => 6.50% | 6.50% ||
	| [US LARGE VALUE                 ] => 4.33% | 4.32% ||
	| [US SMALL GROWTH                ] => 7.59% | 7.59% ||
	| [US SMALL VALUE                 ] => 3.94% | 3.94% ||
	| [INTERNATIONAL DEVELOPED EQUITY ] => 4.94% | 4.93% ||
	| [INTERNATIONAL EMERGING EQUITY  ] => 6.84% | 6.84% ||
	|----------------------------------------------------||

	|----------------------------------------------------||
	|           RETURNS DEVIATION RECONCILER             ||
	|----------------------------------------------------||
	|                 ID                => DRIP  | IDZO  ||
	|----------------------------------------------------||
	| [US BONDS                       ] =>-0.02% |-0.02% ||
	| [INTERNATIONAL BONDS            ] =>-0.17% |-0.17% ||
	| [US LARGE GROWTH                ] => 0.08% | 0.08% ||
	| [US LARGE VALUE                 ] => 0.24% | 0.24% ||
	| [US SMALL GROWTH                ] => 0.15% | 0.16% ||
	| [US SMALL VALUE                 ] => 0.23% | 0.23% ||
	| [INTERNATIONAL DEVELOPED EQUITY ] => 0.13% | 0.13% ||
	| [INTERNATIONAL EMERGING EQUITY  ] => 0.24% | 0.24% ||
	|----------------------------------------------------||

	|--------------------------------------------------------||
	|               POSTERIOR WEIGHTS RECONCILER             ||
	|--------------------------------------------------------||
	|                  ID               =>  CALC   | VERIFY  ||
	|--------------------------------------------------------||
	| [US BONDS                       ] =>  29.89% |  29.88% ||
	| [INTERNATIONAL BONDS            ] =>  15.58% |  15.59% ||
	| [US LARGE GROWTH                ] =>  09.37% |  09.35% ||
	| [US LARGE VALUE                 ] =>  14.81% |  14.82% ||
	| [US SMALL GROWTH                ] =>  01.04% |  01.04% ||
	| [US SMALL VALUE                 ] =>  01.64% |  01.65% ||
	| [INTERNATIONAL DEVELOPED EQUITY ] =>  27.77% |  27.81% ||
	| [INTERNATIONAL EMERGING EQUITY  ] =>  03.49% |  03.49% ||
	|--------------------------------------------------------||
	| HIGH  : US BONDS                        =>  29.89%     ||
	| LOW   : US SMALL GROWTH                 =>  01.04%     ||
	|--------------------------------------------------------||
	| TOTAL :                                    103.59%     ||
	|--------------------------------------------------------||

	|--------------------------------------------------------||
	|              WEIGHT DEVIATION RECONCILER               ||
	|--------------------------------------------------------||
	|                 ID                =>   DRIP  |   IDZO  ||
	|--------------------------------------------------------||
	| [US BONDS                       ] =>  10.55% |  10.54% ||
	| [INTERNATIONAL BONDS            ] => -10.55% | -10.54% ||
	| [US LARGE GROWTH                ] => -02.72% | -02.73% ||
	| [US LARGE VALUE                 ] =>  02.72% |  02.73% ||
	| [US SMALL GROWTH                ] => -00.30% | -00.30% ||
	| [US SMALL VALUE                 ] =>  00.30% |  00.30% ||
	| [INTERNATIONAL DEVELOPED EQUITY ] =>  03.59% |  03.63% ||
	| [INTERNATIONAL EMERGING EQUITY  ] => -00.00% |  00.00% ||
	|--------------------------------------------------------||


	|-----------------------------------------------------------------|
	|    Copyright (C) 2011-2019 (DRIP, DROP)
	|-----------------------------------------------------------------|
	|    Build Version  => 4.01.0 multi mode
	|    Build JVM (TM) => 1.8.0_112
	|    Build Snap     => Mon Jan 28 20:28:11 EST 2018
	|    Start Time     => Thu Jan 31 13:43:35 EST 2019
	|    Setup Time     => Thu Jan 31 13:43:36 EST 2019
	|    Finish Time    => Thu Jan 31 13:43:36 EST 2019
	|    Setup Duration => 409 ms
	|    Run Duration   => 77 ms
	|-----------------------------------------------------------------|

